0.7996868253210446
-1.1102230246251565e-16
-8.881784197001252e-16
0.0002452624843660711
2.220446049250313e-16
-6.661338147750939e-16
-0.0002452624843649609
-6.661338147750939e-16
-0.7996868253210436
-0.7997912059810659
0.0
-6.661338147750939e-16
5.551115123125783e-16
-7.771561172376096e-16
-8.881784197001252e-16
1.7763568394002505e-15
-1.1102230246251565e-16
8.881784197001252e-16
-1.1102230246251565e-16
1.1102230246251565e-16
-1.5543122344752192e-15
-5.551115123125783e-16
2.4424906541753444e-15
0.0
-4.631704542568116e-05
-4.64793987462464e-05
9.279644416948507e-05
2.3314683517128287e-15
-1.2212453270876722e-15
-5.551115123125783e-16
5.551115123125783e-16
9.992007221626409e-16
6.661338147750939e-16
-5.551115123125783e-16
-1.2212453270876722e-15
1.6653345369377348e-15
-1.5543122344752192e-15
-1.3322676295501878e-15
3.774758283725532e-15
-3.9968028886505635e-15
3.3306690738754696e-16
2.9976021664879227e-15
-6.661338147750939e-16
-1.6653345369377348e-15
1.9984014443252818e-15
-5.551115123125783e-16
-8.594160190489308e-05
0.7998771475829701
0.799791205981066
3.3306690738754696e-16
-0.29434663947035744
-0.5054445665107089
0.0
