0.0
0.03957370045131725
0.0791474009026345
0.11872110135395175
0.13714854235533158
0.1555759833567114
0.17400342435809124
0.2135771248094085
0.25315082526072574
0.292724525712043
0.33229822616336024
0.3718719266146775
0.41144562706599475
0.451019327517312
0.49059302796862925
0.5301667284199465
0.5697404288712642
0.6093141293225814
0.6488878297738987
0.688461530225216
0.7280352306765332
0.7676089311278504
0.8071826315791677
0.846756332030485
0.8863300324818022
0.9259037329331194
0.9391249897820453
0.899551289330728
0.8599775888794108
0.8204038884280935
0.7808301879767763
0.741256487525459
0.7016827870741418
0.6621090866228245
0.6225353861715073
0.58296168572019
0.5433879852688728
0.5038142848175555
0.4642405843662383
0.424666883914921
0.38509318346360377
0.3455194830122865
0.30594578256096927
0.266372082109652
0.22679838165833477
0.18722468120701752
0.14765098075570027
0.10807728030438302
0.12916369880660517
0.08958999835528791
0.05001629790397066
0.010442597452653413
0.0
