0.0
0.3998434126605223
0.39984341266052226
0.3998434126605218
0.39996604390270485
0.39996604390270496
0.3999660439027046
0.39984341266052215
0.3998434126605218
0.0
-0.39989560299053295
-0.39989560299053295
-0.3998956029905333
-0.399895602990533
-0.3998956029905334
-0.39989560299053384
-0.39989560299053295
-0.399895602990533
-0.39989560299053256
-0.3998956029905326
-0.39989560299053256
-0.39989560299053334
-0.3998956029905336
-0.3998956029905324
-0.3998956029905324
-0.39991876151324524
-0.39994200121261836
-0.3998956029905336
-0.39989560299053245
-0.39989560299053306
-0.39989560299053334
-0.39989560299053306
-0.39989560299053256
-0.39989560299053223
-0.3998956029905325
-0.3998956029905331
-0.3998956029905323
-0.39989560299053306
-0.3998956029905337
-0.39989560299053184
-0.39989560299053384
-0.39989560299053367
-0.3998956029905322
-0.3998956029905325
-0.39989560299053334
-0.39989560299053234
-0.3998956029905326
-0.39993857379148506
0.0
0.399895602990533
0.39989560299053317
0.25272228325535445
0.0
