6.0
6.2
6.399843412660522
6.599217308498559
6.797809493235002
6.995931467500554
7.19351595680487
7.39049586916652
7.585951663543899
7.779577280908734
7.589276809081342
7.4015579182543485
7.216714552444597
7.035036152960811
6.85680720517515
6.682306793055129
6.511808162153467
6.345578291740139
6.183877476746645
6.026958920177096
5.875068336624372
5.728443567512176
5.587314208665477
5.451901250792517
5.322416733441336
5.199063412972691
5.081319579731324
4.960058172561784
4.832599953511586
4.699144506014889
4.559900804406315
4.415086886693604
4.264929513137697
4.109663811174876
3.9495329072369656
3.784787546046125
3.6156856979803553
3.4424921551245546
3.265478116639624
3.0849207640989347
2.90110282745706
2.7143121423304697
2.5248411992834
2.3329866858246504
2.1390490218325153
1.943331889135285
1.746141755983956
1.5477873971617395
1.3490381161259606
1.5478300064126014
1.74732993766212
1.947225518239911
1.9999999999999991
