2.5
2.5
2.5079126744022733
2.5237256329604913
2.5474141145835554
2.5747579130234204
2.605747743393284
2.6403730827561938
2.682764502221787
2.732855622194155
2.6713697666210994
2.6024031222198967
2.526063682024142
2.442470983932212
2.3517559235260443
2.2540605491052363
2.149537839257387
2.038351463312998
1.9206755250600214
1.7966942901193748
1.666601897408303
1.530602055143417
1.388907721859412
1.2417407729429704
1.0893316532039918
0.9319190160281967
0.7702580761375639
0.6112283583344378
0.45712066089582626
0.3081762969650792
0.16462849455897732
0.02670203136218907
-0.10538711724613004
-0.23143211638243377
-0.3512355955360311
-0.4646099576263114
-0.5713776727560282
-0.6713715562006377
-0.7644350301984142
-0.850422369131397
-0.929198927713264
-1.0006413518267991
-1.064637771680823
-1.121087976984127
-1.1699035738620958
-1.2110081232703274
-1.2443372606884986
-1.2698387969070573
-1.2920988674988183
-1.2702685131832614
-1.2563201281614682
-1.2502755538384442
-1.2499999999999978
