1.9992297255709097
0.0006871229465110762
-2.220446049250313e-16
1.9984014443252818e-15
-1.9984014443252818e-15
2.220446049250313e-16
-2.220446049250313e-16
-0.004806850981475597
4.440892098500626e-16
0.0048068509814747085
0.0
2.220446049250313e-16
-2.220446049250313e-16
-4.440892098500626e-16
0.0
0.0
4.440892098500626e-16
0.0
-2.220446049250313e-16
2.220446049250313e-16
0.0
-2.220446049250313e-16
0.0
0.0
-0.0048068509814747085
2.220446049250313e-16
0.0
2.220446049250313e-16
0.00480685098147382
1.1102230246251565e-15
-0.004806850981474486
-1.995109997535946
-1.996738934357009
2.4424906541753444e-15
-0.0008745858441350229
-0.0005546606975050938
0.0014292465416374522
4.440892098500626e-16
0.0
2.220446049250313e-16
-0.0002399932896450796
1.9969789276466536
1.3169810908125938
-1.3169810908125938
0.0
