0.0
-0.03957370045131725
-0.0791474009026345
-0.11872110135395175
-0.11872110135395175
-0.11872110135395175
-0.11872110135395175
-0.158294801805269
-0.19786850225658625
-0.2374422027079035
-0.25586964370928333
-0.27429708471066316
-0.292724525712043
-0.27429708471066316
-0.25586964370928333
-0.2374422027079035
-0.19786850225658625
-0.158294801805269
-0.11872110135395175
-0.11872110135395175
-0.11872110135395175
-0.11872110135395175
-0.13714854235533158
-0.1555759833567114
-0.17400342435809124
-0.1555759833567114
-0.13714854235533158
-0.11872110135395175
-0.0791474009026345
-0.03957370045131725
0.0
0.0
0.0
0.0
-0.03957370045131725
-0.0791474009026345
-0.11872110135395175
-0.13714854235533158
-0.1555759833567114
-0.17400342435809124
-0.1555759833567114
-0.13714854235533158
-0.11872110135395175
-0.13714854235533158
-0.1555759833567114
-0.17400342435809124
-0.17400342435809124
-0.17400342435809124
-0.17400342435809124
-0.19243086535947107
-0.2108583063608509
-0.22928574736223073
-0.22928574736223073
-0.22928574736223073
-0.22928574736223073
-0.22928574736223073
-0.22928574736223073
-0.22928574736223073
-0.18971204691091348
-0.15013834645959623
-0.11056464600827898
-0.07099094555696173
-0.031417245105644476
0.008156455345672775
0.026583896347052605
0.045011337348432434
0.06343877834981226
0.10301247880112951
0.14258617925244677
0.18215987970376402
0.1637324387023842
0.14530499770100436
0.12687755669962453
0.14530499770100436
0.1637324387023842
0.18215987970376402
0.22173358015508127
0.2613072806063985
0.30088098105771577
0.340454681509033
0.38002838196035027
0.4196020824116675
0.45917578286298477
0.498749483314302
0.5383231837656193
0.5778968842169365
0.6174705846682538
0.657044285119571
0.6966179855708887
0.736191686022206
0.7757653864735232
0.7688668984468556
0.7292931979955384
0.6897194975442211
0.6501457970929039
0.6105720966415866
0.5709983961902694
0.5314246957389521
0.4918509952876349
0.4522772948363176
0.41270359438500037
0.3731298939336831
0.33355619348236587
0.2939824930310486
0.25440879257973137
0.21483509212841412
0.17526139167709687
0.13568769122577962
0.13679092890065547
0.09721722844933822
0.05764352799802097
0.01806982754670372
0.0
