0.0
0.9996148627854549
0.9999584242587104
0.9999584242587103
0.9999584242587113
0.9999584242587103
0.9999584242587104
0.9999584242587103
0.9975549987679725
0.9975549987679727
0.9999584242587101
0.9999584242587101
0.9999584242587102
0.9999584242587101
0.9999584242587098
0.9999584242587098
0.9999584242587098
0.9999584242587101
0.9999584242587101
0.99995842425871
0.9999584242587101
0.9999584242587101
0.99995842425871
0.99995842425871
0.99995842425871
0.9975549987679726
0.9975549987679727
0.9975549987679727
0.9975549987679728
0.9999584242587097
0.9999584242587103
0.997554998767973
0.0
-0.9983694671785045
-0.9983694671785033
-0.9988067601005708
-0.9990840904493233
-0.9983694671785046
-0.9983694671785044
-0.9983694671785044
-0.9983694671785043
-0.9984894638233268
0.0
0.6584905454062969
0.0
