-10.0
-9.8
-9.600156587339479
-9.400782691501442
-9.202190506764998
-9.003598322028553
-8.805006137292109
-8.606413952555664
-8.408914449139303
-8.212816886260907
-8.018428327876968
-7.824939614642739
-7.632416447773939
-7.440924200624425
-7.248401033755625
-7.054912320521396
-6.860523762137459
-6.664426199259063
-6.4669266958427025
-6.268334511106259
-6.069742326369815
-5.871150141633372
-5.672557956896928
-5.474435982631376
-5.276851493327061
-5.079871580965411
-4.882287091661095
-4.684165117395543
-4.4855729326591
-4.286199036821063
-4.086355624160541
-3.886355624160541
-3.686355624160541
-3.4863556241605407
-3.2863556241605405
-3.0865122115000188
-2.8871383156619825
-2.688546130925539
-2.490424156659987
-2.292839667355672
-2.095859754994022
-1.8982752656897066
-1.7001532914241546
-1.501561106687711
-1.303439132422159
-1.1058546431178438
-0.9088747307561937
-0.7118948183945437
-0.5149149060328937
-0.31793499367124367
-0.12162654494295264
0.0739437814641303
0.2687095774996896
0.4634753735352489
0.6582411695708082
0.8530069656063676
1.0477727616419268
1.242538557677486
1.4373043537130454
1.6337160690943087
1.8314661479417367
2.030244938668046
2.2297411788533923
2.4296424826429095
2.6296358299034117
2.8295651637107304
3.029362595865756
3.228960282958033
3.42790006392592
3.6258704242592357
3.822561367437779
4.019886519986495
4.217778877984596
4.41617124491046
4.614063602908561
4.811388755457277
5.008079698635821
5.203183231544673
5.396393846752426
5.587409000897136
5.775929588430927
5.961660409981411
5.780669866342188
5.603186752245609
5.429488983778062
5.259848549653922
5.094531085315665
4.93379545698239
4.777893356298097
4.627068906214439
4.481558278725085
4.33964706450872
4.193193494723857
4.041466683288478
3.88470421517988
3.723151560576177
3.557061690481069
3.3866946806032816
3.212317304110929
3.0342026138985148
2.85262951502066
2.6678823279621073
2.4802503434278322
2.2900273693504274
2.0975112708240746
1.9030035036855262
1.7068086424724216
1.509233903498127
1.3108315548403668
1.5094511593108146
1.708838901159739
1.9086825644269316
2.0
