2.5
2.5
2.4803788663968724
2.467202189059027
2.4475810554558994
2.434404378118054
2.4147832445149264
2.401606567177081
2.3819854335739534
2.313111820703447
2.195659312838852
2.084483942662622
1.967031434798027
1.8558560646217963
1.7509763209276432
1.6524096455279291
1.547529901833776
1.448963226434062
1.3440834827399089
1.2329081125636783
1.1280283688695252
1.0168529986932946
0.8994004908286997
0.7882251206524691
0.6707726127878741
0.5595972426116436
0.4971156838784422
0.48393900654059663
0.5201960785674071
0.6055323056157726
0.6845082486755203
0.7698444757238858
0.9034252690727271
0.7001541672751072
0.4527780478143658
0.16371625035792525
-0.1588796818238254
-0.45756648623413865
-0.7152117028432099
-0.9292955601628985
-1.097724317013589
-1.2188507393232473
-1.2929476281565724
-1.2525114112256168
-1.2499999999999996
