0.7996868253210446
-1.1102230246251565e-16
-8.881784197001252e-16
0.0002452624843660711
2.220446049250313e-16
-6.661338147750939e-16
-0.0002452624843649609
-6.661338147750939e-16
3.3306690738754696e-16
0.0003131746789575285
0.0
-0.8000000000000015
-0.7997912059810659
0.0
-6.661338147750939e-16
5.551115123125783e-16
-7.771561172376096e-16
-8.881784197001252e-16
1.7763568394002505e-15
-1.1102230246251565e-16
8.881784197001252e-16
1.1102230246251565e-16
-1.1102230246251565e-16
-1.887379141862766e-15
-5.551115123125783e-16
2.7755575615628914e-15
3.3306690738754696e-16
-1.5543122344752192e-15
-3.3306690738754696e-16
-6.661338147750939e-16
6.661338147750939e-16
-6.990327760569848e-05
5.68793063774331e-05
1.3023971229153553e-05
-1.887379141862766e-15
5.551115123125783e-16
1.1102230246251565e-15
-2.220446049250313e-15
3.1086244689504383e-15
2.220446049250313e-16
-3.1086244689504383e-15
2.6645352591003757e-15
0.0
-4.440892098500626e-16
1.1102230246251565e-16
-2.3314683517128287e-15
-1.887379141862766e-15
3.219646771412954e-15
4.218847493575595e-15
-1.1102230246251565e-15
-2.886579864025407e-15
-1.4432899320127035e-15
1.2212453270876722e-15
-3.3306690738754696e-16
6.661338147750939e-16
-1.5575412384283283e-05
0.7998067813934503
0.799791205981064
9.992007221626409e-16
-0.3767004217375943
-0.4230907842434707
0.0
