0.0
-0.03925234608338046
-0.026356406027150836
0.07257784510114229
0.17151209622943542
0.27044634735772854
0.36938059848602167
0.4683148496143148
0.5672491007426079
0.6661833518709015
0.7651176029991946
0.8640518541274878
0.9629861052557809
1.0348638745355965
0.9359296234073033
0.8369953722790102
0.7380611211507171
0.639126870022424
0.5401926188941308
0.4412583677658377
0.3423241166375446
0.24338986550925146
0.14445561438095833
0.13648965744528585
0.03755540631699228
0.0
