0.0
0.3998434126605223
0.39984341266052226
0.3998434126605218
0.39996604390270485
0.39996604390270496
0.3999660439027046
0.39984341266052215
0.3998434126605218
0.399843412660522
0.40000000000000074
0.40000000000000074
0.0
-0.39989560299053295
-0.39989560299053295
-0.3998956029905333
-0.399895602990533
-0.3998956029905334
-0.39989560299053384
-0.39989560299053295
-0.399895602990533
-0.39989560299053256
-0.3998956029905325
-0.39989560299053256
-0.3998956029905335
-0.3998956029905338
-0.3998956029905324
-0.39989560299053223
-0.399895602990533
-0.39989560299053317
-0.3998956029905335
-0.39989560299053317
-0.399930554629336
-0.3999021149761473
-0.39989560299053273
-0.39989560299053367
-0.3998956029905334
-0.39989560299053284
-0.39989560299053395
-0.3998956029905324
-0.3998956029905323
-0.39989560299053384
-0.3998956029905325
-0.3998956029905325
-0.39989560299053273
-0.3998956029905327
-0.39989560299053384
-0.3998956029905348
-0.39989560299053317
-0.39989560299053106
-0.3998956029905316
-0.39989560299053306
-0.3998956029905338
-0.39989560299053317
-0.39989560299053334
-0.399895602990533
-0.39990339069672515
0.0
0.399895602990532
0.3998956029905325
0.21154539212173534
0.0
