6.0
6.2
6.399843412660522
6.599217308498559
6.797809493235002
6.995931467500554
7.19351595680487
7.39049586916652
7.585951663543899
7.779577280908734
7.971069528058248
8.162561775207761
8.354054022357275
8.163753550529883
7.976034659702889
7.791191293893138
7.6095128944093515
7.43128394662369
7.256783534503669
7.0862849036020075
6.92005503318868
6.758354218195185
6.601435661625636
6.449545078072912
6.302920308960717
6.161790950114018
6.026377992241057
5.896893474889876
5.773540154421232
5.656511186517802
5.545989823726849
5.442149128509918
5.345151702248949
5.2501626596286135
5.148454622460025
5.0400137005256465
4.925009698580041
4.80362269833015
4.676042776450135
4.542469706945377
4.4031126483316765
4.258189816119485
4.107928141116064
3.9525629140805574
3.7923374172884525
3.6275025435823425
3.4583164035054956
3.2850439211334237
3.107956419236321
2.927331194421959
2.7434510829242997
2.556604017717765
2.367082577650656
2.1751835293037143
1.9812073622912312
1.7854578187323522
1.5882414176293782
1.38989409884286
1.5888572579460867
1.7884642145305527
1.9884024093735304
1.9999999999999991
