3.5
3.5
3.5079126744022733
3.5237256329604913
3.5474141145835554
3.5747579130234204
3.605747743393284
3.6403730827561938
3.682764502221787
3.732855622194155
3.790568006321219
3.848280390448283
3.905992774575347
3.844506919002291
3.7755402746010884
3.699200834405334
3.6156081363134036
3.524893075907236
3.427197701486428
3.322674991638579
3.21148861569419
3.093812677441213
2.9698314425005665
2.839739049789495
2.7037392075246087
2.5620448742406037
2.414877925324162
2.2624688055851836
2.1050561684093885
1.9428865020573334
1.7762137436949987
1.6052988817603402
1.4304095472884333
1.2544181846210907
1.0822256900442606
0.9141919242014969
0.7505800066961568
0.5916461330769325
0.4376391736680536
0.28880028386986867
0.14536252654002313
0.007550507046526267
-0.12441997843581598
-0.25034228083489074
-0.3700192217675613
-0.483263402296052
-0.5898974963709596
-0.6897545285013966
-0.7826781352174659
-0.8685228099156652
-0.9471541307038005
-1.0184489708886528
-1.082295691776793
-1.138594317486636
-1.1872566914980207
-1.2282066146941575
-1.2613799646797923
-1.2869613765714942
-1.2667514450292363
-1.2544289900641918
-1.250013307080748
-1.249999999999997
