0.7996868253210437
-1.1102230246251565e-16
0.0
1.1102230246251565e-16
7.771561172376096e-16
1.1102230246251565e-16
-9.992007221626409e-16
-2.220446049250313e-16
0.0
0.0
0.0
3.3306690738754696e-16
-1.1102230246251565e-16
-2.220446049250313e-16
0.0
-0.7996868253210434
-0.7996868253210446
-1.1102230246251565e-16
0.7996868253210447
0.7996868253210445
-8.881784197001252e-16
1.1102230246251565e-16
-1.1102230246251565e-16
1.1102230246251565e-16
-1.1102230246251565e-16
1.1102230246251565e-16
-1.1102230246251565e-16
1.1102230246251565e-16
-1.1102230246251565e-16
1.1102230246251565e-16
-0.7996868253210437
-0.7997912059810666
1.3322676295501878e-15
-1.2212453270876722e-15
2.220446049250313e-16
1.6653345369377348e-15
-1.7763568394002505e-15
2.220446049250313e-16
-3.3306690738754696e-16
3.3306690738754696e-16
6.661338147750939e-16
-1.1102230246251565e-15
-6.661338147750939e-16
5.551115123125783e-16
2.1094237467877974e-15
-2.220446049250313e-16
-6.661338147750939e-16
-2.220446049250313e-16
-1.6653345369377348e-15
-5.682916908933411e-05
-3.4459300565004014e-05
9.128846965666959e-05
-1.5543122344752192e-15
3.3306690738754696e-16
0.0
-4.440892098500626e-16
1.7763568394002505e-15
-4.440892098500626e-16
-6.661338147750939e-16
5.551115123125783e-16
0.0
-3.3306690738754696e-16
4.440892098500626e-16
-1.2212453270876722e-15
0.0
7.771561172376096e-16
3.3306690738754696e-16
2.55351295663786e-15
-2.955438502483254e-06
0.7997941614195654
0.7997912059810653
1.7763568394002505e-15
-0.24982177621261203
-0.5499694297684551
0.0
