0.0
-0.03957370045131725
-0.0791474009026345
-0.11872110135395175
-0.0791474009026345
-0.11872110135395175
-0.0791474009026345
-0.11872110135395175
-0.158294801805269
-0.11872110135395175
-0.158294801805269
-0.11872110135395175
-0.0791474009026345
-0.11872110135395175
-0.158294801805269
-0.11872110135395175
-0.0791474009026345
-0.03957370045131725
0.0
0.03957370045131725
0.0791474009026345
0.11872110135395175
0.0791474009026345
0.11872110135395175
0.0791474009026345
0.11872110135395175
0.0791474009026345
0.11872110135395175
0.0791474009026345
0.11872110135395175
0.0791474009026345
0.11872110135395175
0.158294801805269
0.19786850225658625
0.2374422027079035
0.27701590315922076
0.316589603610538
0.35616330406185526
0.3957370045131725
0.43531070496448976
0.474884405415807
0.5144581058671243
0.5540318063184415
0.5936055067697588
0.633179207221076
0.6727529076723933
0.7123266081237105
0.7519003085750278
0.791474009026345
0.8310477094776623
0.8706214099289795
0.8798275914641565
0.8402538910128392
0.800680190561522
0.7611064901102047
0.721532789658887
0.6819590892075698
0.6423853887562525
0.6028116883049353
0.563237987853618
0.5236642874023008
0.4840905869509835
0.44451688649966625
0.404943186048349
0.36536948559703175
0.3257957851457145
0.28622208469439725
0.24664838424308
0.20707468379176275
0.1675009833404455
0.1335690885854559
0.09399538813413866
0.05442168768282141
0.014847987231504156
0.0
