0.0
0.39984341266052187
0.3998434126605218
0.3998434126605218
0.39984341266052187
0.39984341266052226
0.3998434126605223
0.3998434126605218
0.3998434126605217
0.3998434126605217
0.3998434126605217
0.3998434126605217
0.39984341266052187
0.3998434126605218
0.3998434126605217
0.3998434126605217
0.0
-0.3998434126605223
-0.39984341266052237
0.0
0.39984341266052226
0.3998434126605218
0.39984341266052187
0.3998434126605218
0.39984341266052187
0.3998434126605218
0.39984341266052187
0.3998434126605218
0.39984341266052187
0.3998434126605218
0.39984341266052187
0.0
-0.3998956029905333
-0.3998956029905326
-0.3998956029905332
-0.3998956029905331
-0.3998956029905323
-0.39989560299053317
-0.39989560299053306
-0.3998956029905332
-0.39989560299053306
-0.39989560299053273
-0.3998956029905333
-0.3998956029905336
-0.39989560299053334
-0.3998956029905323
-0.3998956029905324
-0.39989560299053273
-0.39989560299053284
-0.39989560299053367
-0.39992401757507834
-0.39994124722536084
-0.3998956029905325
-0.3998956029905333
-0.3998956029905331
-0.3998956029905331
-0.39989560299053334
-0.39989560299053245
-0.3998956029905327
-0.399895602990533
-0.39989560299053273
-0.39989560299053273
-0.3998956029905329
-0.3998956029905327
-0.3998956029905333
-0.3998956029905333
-0.3998956029905329
-0.39989560299053273
-0.39989560299053145
-0.3998970807097827
0.0
0.3998956029905327
0.39989560299053356
0.27498471488422754
0.0
