3.0
3.2
3.399843412660522
3.599217308498558
3.7978094932350017
3.997183389073038
4.195775573809482
4.395149469647518
4.593741654383962
4.7912411578003224
4.989833342536766
5.187332845953127
5.38592503068957
5.5852989265276065
5.78389111126405
5.981390614680411
6.179982799416854
5.980608903578818
5.780765490918296
5.580765490918296
5.780608903578818
5.979982799416854
6.178574984153298
6.377948879991334
6.5765410647277776
6.775914960565814
6.974507145302257
7.173881041140294
7.372473225876737
7.571847121714773
7.770439306451217
7.969813202289253
7.771741507898372
7.574917287244171
7.379648742137222
7.186241638397145
6.99499882706205
6.806219770162148
6.620200071800131
6.43723101527257
6.257599106957149
6.081585627679954
5.909466192265308
5.74151031795785
5.577981002392658
5.419134311774241
5.265218979909288
5.1164760187210145
4.973138340855007
4.8354303949675055
4.703567814267224
4.576848027182707
4.446375222909262
4.310008190112354
4.167960462300563
4.0204544682316605
3.867721183617329
3.709999769444444
3.5475371974792465
3.380587863540823
3.2094131891494664
3.0342812121736653
2.8554661671167416
2.6732480557003377
2.4879122084171668
2.299748837739589
2.1090525836836216
1.9161220524399747
1.7212593487945647
1.5247696030706654
1.3269657365390266
1.5256595268973498
1.7250960743825718
1.924963086611041
2.000000000000001
