2.5
2.5
2.4920873255977267
2.4762743670395087
2.4525858854164446
2.4367729268582266
2.4130844452351625
2.3972714866769445
2.3735830050538804
2.3420560935291066
2.3183676119060426
2.2868407003812687
2.2631522187582047
2.2473392601999866
2.2236507785769226
2.192123867052149
2.1684353854290848
2.184248343987303
2.192161018389576
2.192161018389576
2.2000736927918494
2.2158866513500675
2.2395751329731315
2.2553880915313496
2.2790765731544136
2.2948895317126317
2.3185780133356957
2.3343909718939138
2.358079453516978
2.373892412075196
2.39758089369826
2.413393852256478
2.3857825521348963
2.350356485783335
2.3071711259365753
2.256294095400645
2.1978050611640665
2.131795609649436
2.0583691033006866
1.97764051873058
1.889736266681893
1.7947939940841977
1.6929623685161936
1.5844008454111065
1.469279418369662
1.3477783529716352
1.2200879045027702
1.086408020039091
0.9469480253550986
0.801926297146103
0.651569921077974
0.49684313533617086
0.3452791971506577
0.19899586802718705
0.058222209138933945
-0.07682134578696198
-0.20592333564070708
-0.3288816030511743
-0.4455036109387578
-0.5556067440040597
-0.6590185946803322
-0.7555772331018953
-0.845131460665808
-0.9275410467897398
-1.002676948495301
-1.070421512473021
-1.1306686593125237
-1.1833240496094626
-1.2283052316890801
-1.2655417707150916
-1.2950152317627732
-1.2723093363538371
-1.2574822145679585
-1.2505570838006626
-1.2499999999999956
