1.9992297255709084
0.0006871229465119644
-2.220446049250313e-16
2.220446049250313e-16
-2.220446049250313e-16
0.0
0.0
2.220446049250313e-16
-6.661338147750939e-16
2.220446049250313e-16
6.661338147750939e-16
1.1102230246251565e-15
-1.1102230246251565e-15
2.220446049250313e-16
-2.220446049250313e-16
2.220446049250313e-16
-2.220446049250313e-16
-0.004806850981475819
-1.9951099975359448
-1.9967389343570079
-1.1102230246251565e-15
-2.220446049250313e-16
4.440892098500626e-16
6.661338147750939e-16
-0.0011004821285152122
-0.00022372766684841672
0.0013242097953625187
-8.881784197001252e-16
1.5543122344752192e-15
-6.661338147750939e-16
-1.3322676295501878e-15
-0.0006431691480801582
1.9973821035050907
1.3105288450423205
-1.3105288450423205
0.0
