0.0
-0.03957370045131725
-0.0791474009026345
-0.11872110135395175
-0.158294801805269
-0.19786850225658625
-0.2374422027079035
-0.25586964370928333
-0.27429708471066316
-0.292724525712043
-0.292724525712043
-0.292724525712043
-0.292724525712043
-0.27429708471066316
-0.25586964370928333
-0.2374422027079035
-0.19786850225658625
-0.158294801805269
-0.11872110135395175
-0.11872110135395175
-0.11872110135395175
-0.11872110135395175
-0.11872110135395175
-0.11872110135395175
-0.11872110135395175
-0.0791474009026345
-0.03957370045131725
0.0
0.03957370045131725
0.0791474009026345
0.11872110135395175
0.10029366035257192
0.0818662193511921
0.06343877834981226
0.10301247880112951
0.14258617925244677
0.18215987970376402
0.22173358015508127
0.2613072806063985
0.30088098105771577
0.340454681509033
0.38002838196035027
0.4196020824116675
0.45917578286298477
0.498749483314302
0.5383231837656193
0.5778968842169365
0.6174705846682538
0.657044285119571
0.6966179855708887
0.736191686022206
0.7757653864735232
0.8153390869248405
0.814929487657797
0.7753557872064798
0.7357820867551625
0.6962083863038453
0.656634685852528
0.6170609854012108
0.5774872849498935
0.5379135844985763
0.49833988404725904
0.4587661835959418
0.41919248314462454
0.3796187826933073
0.34004508224199004
0.3004713817906728
0.26089768133935554
0.22132398088803829
0.18175028043672103
0.14217657998540378
0.13326974616556564
0.09369604571424839
0.05412234526293114
0.014548644811613887
0.0
