0.0
0.39984341266052165
0.3998434126605216
0.3998434126605216
0.3998434126605217
0.3998434126605218
0.3998434126605219
0.3999660439027047
0.3999660439027047
0.3999660439027047
0.4000000000000001
0.4000000000000001
0.4
0.3999660439027046
0.3999660439027046
0.3999660439027047
0.3998434126605219
0.39984341266052187
0.3998434126605217
0.39999999999999986
0.39999999999999986
0.39999999999999986
0.39999999999999986
0.39999999999999986
0.39999999999999986
0.39984341266052187
0.3998434126605218
0.3998434126605219
0.39984341266052187
0.3998434126605218
0.39984341266052226
0.39996604390270535
0.399966043902705
0.3999660439027052
0.3998434126605223
0.39984341266052204
0.3998434126605222
0.3998434126605217
0.3998434126605216
0.3998434126605221
0.39984341266052176
0.3998434126605216
0.0
-0.39989560299053306
-0.3998956029905334
-0.39989560299053306
-0.39989560299053317
-0.39989560299053306
-0.3998956029905327
-0.399895602990533
-0.39989560299053295
-0.399895602990533
-0.39993515208599806
-0.3999343417313346
-0.39989560299053256
-0.3998956029905333
-0.39989560299053356
-0.3998956029905338
-0.39989560299053273
-0.3998956029905323
-0.39989560299053273
-0.3998956029905331
-0.39989560299053295
-0.3998956029905325
-0.39989560299053284
-0.3998956029905325
-0.39989560299053306
-0.3998956029905338
-0.3998956029905325
-0.39989560299053256
-0.3999244027268593
0.0
0.3998956029905331
0.39989560299053317
0.2734720431810546
0.0
