-2.0
-1.5
-1.0003851372145458
-0.5005587921962642
-0.0009439294108100071
0.49888241560747165
0.9984972783929258
1.4983236234112074
1.9979384861966616
2.497764831214943
2.997379694000397
3.4972060390186788
3.996820901804133
4.496647246822415
4.996262109607869
5.496088454626151
5.995703317411605
6.495529662429887
6.995144525215341
7.494254307056176
7.005239461862683
6.528814238985967
6.069638079453636
5.6322017283687895
5.2207833154007695
4.83940651465592
4.484447806968369
4.106034493661206
3.6972226727019497
3.26201052571425
2.804654429640421
2.329627329353964
1.8415749922366675
1.34573691939039
1.843920311068091
2.0
