2.0
2.0
1.992087325597727
1.9762743670395089
1.9525858854164448
1.9210589738916712
1.8817429996171642
1.8346995264310302
1.784082159342628
1.7299080860343743
1.6721957019073104
1.6144833177802465
1.5567709336531825
1.4990585495261186
1.444884476217865
1.3942671091294627
1.3472236359433287
1.3079076616688217
1.276380750144048
1.252692268520984
1.22900378689792
1.205315305274856
1.181626823651792
1.157938342028728
1.134249860405664
1.1105613787825999
1.0947484202243818
1.0868357458221087
1.0868357458221087
1.0947484202243818
1.1105613787825999
1.134249860405664
1.1542749815280593
1.1706299424001743
1.1833091895155825
1.2038752671301687
1.2322959713701611
1.2685267990109295
1.3125110171634
1.3641797521105776
1.4234520971550664
1.490235239308715
1.564424604626005
1.4793528518142922
1.387187108591229
1.288071694842039
1.182161812756125
1.0696233038000893
0.9506323890309945
0.8253753931564988
0.6940484527739524
0.5568572092453177
0.4140164866888343
0.26710571140297157
0.124322332008024
-0.01280929896751637
-0.14407445075112157
-0.26926757873395113
-0.38819264632768835
-0.5006634319330145
-0.6065038205390607
-0.7055480794972153
-0.7976411180374692
-0.8826387301209286
-0.9604078202482107
-1.0308266118701503
-1.0937848380744528
-1.1491839142497238
-1.1969370924564826
-1.2369695972634602
-1.2692187428364532
-1.2948139884717396
-1.2721675715592289
-1.2574001502554961
-1.25053484847267
-1.2499999999999991
