1.999229725570908
0.0006871229465128526
-2.220446049250313e-16
-0.004806850981474042
-1.9951099975359465
-1.9967389343570079
-8.881784197001252e-16
-4.440892098500626e-16
4.440892098500626e-16
8.881784197001252e-16
6.661338147750939e-16
-2.6645352591003757e-15
-0.0009977967185983427
0.0008395636882354562
0.00015823303036355263
-1.7763568394002505e-15
1.5543122344752192e-15
1.1102230246251565e-15
0.0
-6.661338147750939e-16
-0.00014228217210043859
1.9968812165291094
1.1340851144191946
-1.1340851144191946
0.0
