0.0
-0.03957370045131725
-0.0791474009026345
-0.11872110135395175
-0.11872110135395175
-0.11872110135395175
-0.11872110135395175
-0.0791474009026345
-0.03957370045131725
0.0
0.03957370045131725
0.0791474009026345
0.11872110135395175
0.158294801805269
0.19786850225658625
0.2374422027079035
0.27701590315922076
0.316589603610538
0.35616330406185526
0.3957370045131725
0.43531070496448976
0.474884405415807
0.5144581058671243
0.5540318063184415
0.5936055067697588
0.633179207221076
0.6727529076723933
0.7123266081237105
0.7519003085750278
0.791474009026345
0.8310477094776623
0.8706214099289795
0.9101951103802968
0.949768810831614
0.9144222973629139
0.8748485969115967
0.8352748964602794
0.7957011960089617
0.7561274955576445
0.7165537951063272
0.67698009465501
0.6374063942036927
0.5978326937523755
0.5582589933010582
0.518685292849741
0.4791115923984237
0.43953789194710646
0.3999641914957892
0.36039049104447196
0.3208167905931547
0.28124309014183746
0.2416693896905202
0.20209568923920296
0.1625219887878857
0.12347079127296778
0.08389709082165053
0.04432339037033328
0.004749689919016031
0.0
