0.0
0.3998434126605223
0.39984341266052226
0.3998434126605218
0.39999999999999986
0.39999999999999986
0.39999999999999986
0.39984341266052187
0.3998434126605223
0.39984341266052237
0.3998434126605223
0.39984341266052226
0.0
-0.3998956029905333
-0.3998956029905326
-0.3998956029905332
-0.3998956029905331
-0.3998956029905329
-0.39989560299053395
-0.39989560299053234
-0.3998956029905324
-0.39989560299053306
-0.39989560299053273
-0.3998956029905326
-0.3998956029905336
-0.39989560299053406
-0.3998956029905323
-0.3998956029905324
-0.39989560299053273
-0.39989560299053284
-0.39989560299053306
-0.39989560299053284
-0.3998956029905327
-0.39991059057739126
-0.39989644852932005
-0.39989560299053295
-0.3998956029905331
-0.3998956029905327
-0.3998956029905332
-0.3998956029905339
-0.39989560299053317
-0.3998956029905325
-0.3998956029905325
-0.3998956029905333
-0.3998956029905323
-0.3998956029905329
-0.3998956029905335
-0.39989560299053223
-0.3998956029905335
-0.39989560299053384
-0.39989560299053284
-0.39989560299053223
-0.39989560299053223
-0.39989561654739086
0.0
0.3998956029905316
0.3998956029905327
0.22395198612489475
0.0
