6.0
6.2
6.399843412660522
6.599217308498559
6.797809493235002
6.996401677971446
7.194993862707889
7.393586047444333
7.592959943282369
7.792803355942891
7.9928033559428915
8.192646768603414
8.39202066444145
8.193948970050569
7.9971247493963675
7.801856204289419
7.6084491005493415
7.4172062892142465
7.228427232314344
7.042407533952327
6.859438477424766
6.679806569109346
6.5037930898321505
6.3316736544175045
6.163717780110048
6.000188464544855
5.8413417739264375
5.687426442061485
5.538683480873211
5.395345803007204
5.257637857119702
5.1257752764194215
4.999964541013249
4.8804026545845325
4.761501111339814
4.636348637862579
4.505122817916791
4.368029134522614
4.2252822590314665
4.077105714977868
3.9237315280698812
3.7653998628662357
3.602358646709022
3.4348631815008748
3.263175743934509
3.0875651748006314
2.908306458017286
2.725680290039872
2.5399726403260114
2.3514743035436014
2.160480444223169
1.9672901345675928
1.7722058861428902
1.575533176183411
1.3775800116453425
1.5764929581152511
1.776069062994548
1.9759958153703732
2.0
