3.0
3.0
2.9920873255977267
2.9762743670395087
2.9525858854164446
2.9288974037933806
2.9052089221703166
2.8815204405472525
2.8657074819890345
2.857794807586761
2.857794807586761
2.8657074819890345
2.8815204405472525
2.853909140425671
2.8184830740741096
2.77529771422735
2.7244206836914198
2.665931649454841
2.599922197940211
2.526495691591461
2.445767107021355
2.3578628549726677
2.2629205823749725
2.161088956806968
2.052527433701881
1.9374060066604366
1.8159049412624098
1.6882144927935447
1.5545346083298657
1.4150746136458732
1.2700528854368776
1.1196965093687485
0.9642409244905052
0.8039295545665808
0.6431273060689353
0.48714128619597163
0.33622884736856884
0.19062629935962816
0.050561637325289954
-0.08374581520661817
-0.21208574976945416
-0.33425720227419964
-0.4500688676937741
-0.5593393996224916
-0.6618976942415729
-0.7575831582460588
-0.8462459603135977
-0.9277472657213255
-1.0019594537434617
-1.0687663174892177
-1.1280632458680624
-1.1797573873974563
-1.2237677955965132
-1.2600255557379376
-1.2884742350827216
-1.26777593225524
-1.254963501787683
-1.2500570063240395
-1.2499999999999951
