0.7996868253210435
1.1102230246251565e-16
-1.1102230246251565e-16
2.220446049250313e-16
1.1102230246251565e-16
-2.220446049250313e-16
-1.1102230246251565e-16
1.1102230246251565e-16
1.1102230246251565e-16
-4.440892098500626e-16
-3.3306690738754696e-16
2.220446049250313e-16
0.00024526248436629317
0.0
-3.3306690738754696e-16
-0.00024526248436573805
4.440892098500626e-16
-4.440892098500626e-16
0.00024526248436562703
0.0
-2.220446049250313e-16
-0.00024526248436562703
4.440892098500626e-16
5.551115123125783e-16
-4.440892098500626e-16
-3.3306690738754696e-16
0.0
3.3306690738754696e-16
7.771561172376096e-16
2.220446049250313e-16
-1.1102230246251565e-16
-1.1102230246251565e-16
-8.881784197001252e-16
0.0002452624843660711
2.220446049250313e-16
-6.661338147750939e-16
-0.0002452624843649609
-6.661338147750939e-16
3.3306690738754696e-16
1.1102230246251565e-15
-7.771561172376096e-16
-0.7996868253210443
-0.7997912059810663
0.0
6.661338147750939e-16
-1.1102230246251565e-15
2.220446049250313e-16
0.0
2.220446049250313e-16
8.881784197001252e-16
-8.881784197001252e-16
4.440892098500626e-16
7.771561172376096e-16
-9.992007221626409e-16
-8.805310237880448e-05
5.8745038172158814e-05
2.9308064206423623e-05
0.0
-4.440892098500626e-16
1.1102230246251565e-16
1.6653345369377348e-15
-1.7763568394002505e-15
-1.2212453270876722e-15
2.55351295663786e-15
1.1102230246251565e-15
-2.220446049250313e-15
1.7763568394002505e-15
0.0
-2.1094237467877974e-15
-6.661338147750939e-16
5.551115123125783e-16
3.3306690738754696e-16
3.219646771412954e-15
-2.4424906541753444e-15
-1.9984014443252818e-15
-9.2733726296923e-05
0.7998839397073648
0.7997912059810666
6.661338147750939e-16
-0.3000243482795946
-0.4997668577014726
0.0
