0.0
-0.03957370045131725
-0.0791474009026345
-0.11872110135395175
-0.158294801805269
-0.19786850225658625
-0.2374422027079035
-0.27701590315922076
-0.316589603610538
-0.35616330406185526
-0.3957370045131725
-0.43531070496448976
-0.474884405415807
-0.4564569644144272
-0.43802952341304735
-0.4196020824116675
-0.38002838196035027
-0.340454681509033
-0.30088098105771577
-0.3193084220590956
-0.3377358630604754
-0.35616330406185526
-0.316589603610538
-0.27701590315922076
-0.2374422027079035
-0.19786850225658625
-0.158294801805269
-0.11872110135395175
-0.0791474009026345
-0.03957370045131725
0.0
0.03957370045131725
0.0791474009026345
0.11872110135395175
0.13714854235533158
0.1555759833567114
0.17400342435809124
0.2135771248094085
0.25315082526072574
0.292724525712043
0.33229822616336024
0.3718719266146775
0.41144562706599475
0.451019327517312
0.49059302796862925
0.5301667284199465
0.5697404288712637
0.609314129322581
0.6488878297738983
0.688461530225216
0.7280352306765332
0.7676089311278504
0.8071826315791677
0.846756332030485
0.8863300324818022
0.9259037329331194
0.906096117533167
0.8665224170818497
0.8269487166305325
0.7873750161792152
0.747801315727898
0.7082276152765807
0.6686539148252635
0.6290802143739462
0.589506513922629
0.5499328134713117
0.5103591130199945
0.47078541256867723
0.43121171211736
0.39163801166604273
0.3520643112147255
0.3124906107634082
0.272916910312091
0.23334320986077373
0.19376950940945648
0.15419580895813922
0.11462210850682197
0.12860194992703544
0.08902824947571819
0.04945454902440094
0.00988084857308369
0.0
