0.0
0.9996148627854542
0.9999584242587102
0.9999584242587101
0.9999584242587101
0.9999584242587101
0.9999584242587104
0.9999584242587105
0.9999584242587104
0.9999584242587103
0.9999584242587108
0.9999584242587103
0.9999584242587104
0.9999584242587103
0.9999584242587104
0.9975549987679727
0.9975549987679728
0.9975549987679729
0.0
-0.9983694671785043
-0.9983694671785044
-0.9983694671785044
-0.9983694671785043
-0.9983694671785042
-0.9983694671785037
-0.9986112963717297
-0.9990644307459795
-0.9983694671785044
-0.9983694671785046
-0.9983694671785035
-0.9983694671785042
-0.9983694671785055
-0.9983694671785044
-0.9983694671785037
-0.9983764970208461
0.0
0.7115577994788594
0.0
