-1.0
-0.5
-0.0003851372145458054
0.49944120780373585
0.99905607058919
1.4988824156074716
1.9984972783929258
2.4983236234112076
2.997938486196662
3.4977648312149436
3.997379694000398
4.49720603901868
4.996820901804134
5.496647246822416
5.99626210960787
6.496088454626152
6.994772146687605
7.4874360568263025
7.969261929573184
7.49689051283164
7.04295695187242
6.611900719158741
6.207937546770834
5.835018196525429
5.496789821505711
5.196560296886202
4.934406128843803
4.653628519569545
4.333383952086671
3.9768044198433654
3.5873772724222306
3.168911109244183
2.7254985314473528
2.2614761162277786
1.7813820050930618
1.289921641132267
1.787626934110392
1.9999999999999991
