3.5
3.5
3.4803788663968724
3.467202189059027
3.4475810554558994
3.434404378118054
3.4147832445149264
3.401606567177081
3.3819854335739534
3.368808756236108
3.3491876226329804
3.336010945295135
3.3163898116920074
3.303213134354162
3.2835920007510344
3.270415323413189
3.3066723954399997
3.3920086224883654
3.5255894158372065
3.3623062422123184
3.153164012190949
2.9002081378133817
2.6059125287776244
2.273155397590367
1.9051911106344857
1.5056183604497764
1.0799881518746295
0.6665149553144887
0.28279687241880813
-0.06741333207068756
-0.380690600628216
-0.653971080023422
-0.8845820858210622
-1.0702682412479598
-1.2092135347889599
-1.3001324123491127
-1.254464135777864
-1.2499999999999991
