0.7996868253210433
-1.1102230246251565e-16
0.0
0.0003131746789565293
0.0
0.0
-0.00031317467895630724
-2.220446049250313e-16
6.661338147750939e-16
0.0
-5.551115123125783e-16
1.1102230246251565e-16
0.00031317467895630724
0.0
8.881784197001252e-16
-0.00031317467895597417
-1.1102230246251565e-16
2.220446049250313e-16
-1.1102230246251565e-16
-1.1102230246251565e-16
-8.881784197001252e-16
0.00024526248436618214
2.220446049250313e-16
3.3306690738754696e-16
-0.00024526248436573805
-5.551115123125783e-16
3.3306690738754696e-16
-9.992007221626409e-16
-2.220446049250313e-16
-0.7996868253210432
-0.7997912059810668
1.1102230246251565e-15
-5.551115123125783e-16
5.551115123125783e-16
6.661338147750939e-16
-1.7763568394002505e-15
5.551115123125783e-16
3.3306690738754696e-16
-4.440892098500626e-16
2.220446049250313e-16
3.3306690738754696e-16
-2.220446049250313e-15
-3.5693585105467385e-05
-5.5343905290161644e-05
9.103749039818254e-05
-6.661338147750939e-16
-4.440892098500626e-16
1.2212453270876722e-15
-6.661338147750939e-16
-1.1102230246251565e-16
-4.440892098500626e-16
2.6645352591003757e-15
-1.9984014443252818e-15
-4.551914400963142e-15
5.662137425588298e-15
1.1102230246251565e-16
-1.1102230246251565e-15
1.6653345369377348e-15
-2.7755575615628914e-15
2.4424906541753444e-15
-5.551115123125783e-16
-8.963229205760648e-05
0.7998808382731226
0.7997912059810659
1.1102230246251565e-16
-0.19568301061773663
-0.6041081953633294
0.0
