0.0
-0.03925234608338046
-0.026356406027150836
-0.03925234608338046
-0.026356406027150836
-0.03925234608338046
-0.026356406027150836
-0.03925234608338046
-0.026356406027150836
-0.03925234608338046
-0.026356406027150836
-0.03925234608338046
0.059681905044912664
0.1586161561732058
0.2575504073014989
0.35648465842979205
0.45541890955808517
0.5543531606863787
0.6532874118146719
0.752221662942965
0.7910230953270485
0.6920888441987554
0.5931545930704623
0.49422034194216913
0.395286090813876
0.2963518396855829
0.19741758855728975
0.12030668672656919
0.02137243559827562
0.0
