0.0
0.9996148627854542
0.9999584242587104
0.9999584242587101
0.99995842425871
0.9999584242587103
0.9999584242587108
0.9999584242587103
0.9999584242587104
0.9999584242587103
0.9999584242587104
0.9999584242587103
0.9975549987679724
0.0
-0.9983694671785039
-0.9983694671785037
-0.9983694671785047
-0.9983694671785052
-0.9983694671785048
-0.9986838268847713
-0.9990897461853653
-0.9983694671785039
-0.9983694671785038
-0.9983694671785047
-0.9983694671785046
-0.9983694671785034
-0.9984223646551462
0.0
0.6071898395288916
0.0
