1.0
1.2
1.3998434126605217
1.5992173084985577
1.7978094932350013
1.9964016779714449
2.1949938627078884
2.393586047444332
2.5910855508606927
2.787183113739088
2.981571672123026
3.1776692350014213
3.375168738417782
3.5737609231542256
3.772353107890669
3.9709452926271127
4.169537477363557
4.368911373201593
4.568754785862115
4.768754785862115
4.9685981985226375
5.167972094360674
5.366564279097117
5.565559240148983
5.764889406593682
5.9644870936859595
6.1634268746538465
6.361397234987162
6.558088178165706
6.7531917110745585
6.946402326282311
6.756609685626951
6.5694595561425375
6.385244991237662
6.204254447598438
6.02677133350186
5.853073565034313
5.683433130910173
5.518115666571916
5.357380038238641
5.201477937554348
5.05065348747069
4.905142859981336
4.7651739063065275
4.630496672840384
4.493016934870921
4.349898726401897
4.201366152428262
4.047651796155861
3.888996354805576
3.7256482627119554
3.557863302306496
3.3859042035947424
3.2100402327543582
3.0305467704983804
2.847704880863895
2.6618008711013346
2.4731258433535643
2.2819752388267993
2.088648375167061
1.8934479777666517
1.696679705734513
1.4986516732727546
1.3001430957321185
1.4987124000191656
1.6980666572221566
1.897893703813601
1.9999999999999991
