2.0
2.0
1.9803788663968722
1.9672021890590268
1.947581055455899
1.9344043781180535
1.9147832445149258
1.9016065671770803
1.8819854335739525
1.868808756236107
1.8491876226329793
1.8360109452951339
1.816389811692006
1.8462130521395907
1.742962718852898
1.5919158481461535
1.394549679159244
1.152794453997504
0.8690145399544109
0.5459853059878059
0.18997892363001356
-0.14760142556942113
-0.4471273621826428
-0.7056695210734774
-0.920699358653849
-1.09011388205253
-1.2122562163957882
-1.286529942352039
-1.251154210020924
-1.2499999999999993
