0.7996868253210446
-1.1102230246251565e-16
-8.881784197001252e-16
-2.220446049250313e-16
0.0
3.3306690738754696e-16
-1.1102230246251565e-16
-2.220446049250313e-16
0.0
3.3306690738754696e-16
0.0
-1.1102230246251565e-16
0.0
-2.220446049250313e-16
0.0
3.3306690738754696e-16
0.0
1.1102230246251565e-16
-1.1102230246251565e-16
-1.1102230246251565e-16
0.0
1.1102230246251565e-16
0.0
-3.3306690738754696e-16
1.1102230246251565e-16
3.3306690738754696e-16
-1.1102230246251565e-16
0.0
-1.1102230246251565e-16
0.0
0.0
0.0
-1.1102230246251565e-16
1.1102230246251565e-16
-1.1102230246251565e-16
-1.1102230246251565e-16
-1.1102230246251565e-16
-1.1102230246251565e-16
0.0
2.220446049250313e-16
0.0
0.0
0.0
3.3306690738754696e-16
-1.1102230246251565e-16
-2.220446049250313e-16
0.0
3.3306690738754696e-16
-1.1102230246251565e-16
0.0
0.0
-2.220446049250313e-16
0.0
3.3306690738754696e-16
-1.1102230246251565e-16
1.1102230246251565e-16
7.771561172376096e-16
2.220446049250313e-16
-1.1102230246251565e-16
1.1102230246251565e-16
-1.1102230246251565e-16
1.1102230246251565e-16
-1.1102230246251565e-16
1.1102230246251565e-16
-1.1102230246251565e-16
1.1102230246251565e-16
-1.1102230246251565e-16
-1.1102230246251565e-16
-8.881784197001252e-16
1.1102230246251565e-16
-0.7996868253210437
-0.7996868253210447
1.1102230246251565e-16
1.1102230246251565e-16
8.881784197001252e-16
2.220446049250313e-16
0.00010439700946696107
-0.00020877766949012333
1.1102230246251565e-15
-9.992007221626409e-16
3.3306690738754696e-16
1.7763568394002505e-15
-1.9984014443252818e-15
1.1102230246251565e-16
-3.3306690738754696e-16
4.440892098500626e-16
8.881784197001252e-16
-1.5543122344752192e-15
-4.440892098500626e-16
6.661338147750939e-16
1.9984014443252818e-15
-2.220446049250313e-16
-8.95002663339195e-05
5.752934062541737e-05
3.1970925706392705e-05
9.992007221626409e-16
-7.771561172376096e-16
-3.3306690738754696e-16
1.4432899320127035e-15
3.3306690738754696e-16
0.0
5.551115123125783e-16
-9.992007221626409e-16
-1.5543122344752192e-15
5.551115123125783e-16
1.1102230246251565e-16
1.4432899320127035e-15
-2.265319218319739e-06
0.7997934713002834
0.7997912059810649
-4.440892098500626e-16
-0.13967572689334118
-0.6601154790877233
0.0
