0.0
0.3998434126605223
0.39984341266052226
0.3998434126605218
0.3998434126605217
0.3998434126605217
0.39984341266052187
0.3998434126605218
0.3998434126605217
0.3998434126605217
0.39984341266052187
0.39984341266052187
0.3998434126605218
0.3998434126605218
0.3998434126605217
0.3998434126605217
0.39984341266052187
0.39984341266052187
0.3998434126605219
0.39984341266052187
0.3998434126605218
0.3998434126605218
0.39984341266052187
0.39984341266052187
0.3998434126605217
0.39984341266052176
0.3998434126605219
0.39984341266052187
0.39984341266052187
0.3998434126605218
0.3998434126605218
0.3998434126605218
0.3998434126605218
0.39984341266052176
0.3998434126605218
0.39984341266052176
0.3998434126605217
0.39984341266052165
0.3998434126605216
0.3998434126605216
0.3998434126605217
0.3998434126605217
0.3998434126605217
0.3998434126605217
0.39984341266052187
0.3998434126605218
0.3998434126605217
0.3998434126605217
0.39984341266052187
0.3998434126605218
0.3998434126605218
0.3998434126605218
0.3998434126605217
0.3998434126605217
0.39984341266052187
0.3998434126605218
0.39984341266052187
0.39984341266052226
0.39984341266052237
0.3998434126605223
0.39984341266052237
0.3998434126605223
0.39984341266052237
0.3998434126605223
0.39984341266052237
0.3998434126605223
0.39984341266052237
0.3998434126605223
0.39984341266052226
0.3998434126605218
0.39984341266052187
0.0
-0.39984341266052237
-0.3998434126605223
-0.39984341266052226
-0.3998434126605218
-0.3998434126605217
-0.3997912141557882
-0.3998956029905333
-0.39989560299053273
-0.3998956029905332
-0.39989560299053306
-0.3998956029905322
-0.39989560299053317
-0.3998956029905331
-0.3998956029905333
-0.39989560299053306
-0.3998956029905326
-0.3998956029905334
-0.3998956029905336
-0.3998956029905333
-0.3998956029905323
-0.3998956029905324
-0.39994035312369935
-0.39991158845338665
-0.39989560299053345
-0.39989560299053295
-0.39989560299053334
-0.3998956029905335
-0.3998956029905328
-0.3998956029905326
-0.3998956029905326
-0.39989560299053234
-0.39989560299053284
-0.3998956029905336
-0.39989560299053334
-0.3998956029905333
-0.39989560299053256
-0.3998967356501417
0.0
0.39989560299053245
0.39989560299053223
0.33005773954386164
0.0
