-6.0
-5.8
-5.600156587339478
-5.400782691501441
-5.202190506764998
-5.004691003348637
-4.806098818612194
-4.606724922774157
-4.408132738037714
-4.210633234621353
-4.0120410498849095
-3.8126671540468733
-3.6128237413863515
-3.4134498455483153
-3.2148576608118717
-3.017358157395511
-2.8187659726590675
-2.6193920768210313
-2.4195486641605095
-2.2195486641605093
-2.0197052514999876
-1.8203313556619514
-1.6217391709255078
-1.4223652750874716
-1.2225218624269498
-1.0225218624269499
-0.822678449766428
-0.6226784497664279
-0.4228350371059061
-0.22283503710590608
-0.022991624445384246
0.17638227139265186
0.3762256840531737
0.5762256840531736
0.7760690967136955
0.9754429925517316
1.1752864052122534
1.3752864052122533
1.575129817872775
1.774503713710811
1.9730958984472546
2.1705954018636153
2.369187586600059
2.5666870900164196
2.765279274752863
2.9646531705908994
3.163245355327343
3.3607448587437037
3.5593370434801472
3.7587109393181835
3.958554351978705
4.157928247816741
4.356520432553185
4.554019935969546
4.752612120705989
4.9519860165440255
5.150578201280469
5.349952097118505
5.5497955097790275
5.749795509779028
5.94963892243955
6.14963892243955
6.349482335100072
6.549482335100072
6.749325747760595
6.949325747760595
7.149169160421117
7.349169160421117
7.549012573081639
7.7483864689196755
7.946978653656119
8.146352549494155
7.946509136833633
7.746509136833633
7.546665724173111
7.3472918283350745
7.148699643598631
6.95120014018227
6.753128445791389
6.556304225137188
6.3610356800302394
6.167628576290162
5.976385764955067
5.787606708055165
5.601587009693148
5.418617953165587
5.238986044850166
5.062972565572971
4.890853130158325
4.722897255850867
4.559367940285675
4.400521249667258
4.246605917802305
4.097862956614032
3.9515582649681806
3.800336230784273
3.6440549777858995
3.482959222629234
3.3173012208712866
3.1473403719696456
2.973342813095759
2.7955810023978245
2.6143332923658225
2.4298834939667575
2.242520432232614
2.052537493996928
1.8602321684881442
1.6659055814991524
1.4698620238624178
1.2724127951092736
1.4708473048563455
1.6701104007305192
1.8698900619514047
2.0
