2.5
2.5
2.4920873255977267
2.4762743670395087
2.4525858854164446
2.421058973891671
2.3973704922686068
2.3815575337103887
2.3578690520873247
2.326342140562551
2.302653658939487
2.2868407003812687
2.2789280259789955
2.2631150674207774
2.2394265857977134
2.2078996742729395
2.1842111926498755
2.1683982340916574
2.160485559689384
2.160485559689384
2.152572885287111
2.136759926728893
2.113071445105829
2.0972584865476107
2.0893458121453374
2.0893458121453374
2.081433137743064
2.081433137743064
2.073520463340791
2.073520463340791
2.0656077889385176
2.0497948303802995
2.0418821559780262
2.0418821559780262
2.033969481575753
2.018156523017535
2.0102438486152616
2.0102438486152616
2.0023311742129883
1.9865182156547703
1.9628297340317062
1.9313028225069326
1.9076143408838686
1.876087429359095
1.852398947736031
1.836585989177813
1.8128975075547489
1.7813705960299753
1.7576821144069112
1.7418691558486932
1.7339564814464201
1.718143522888202
1.694455041265138
1.6629281297403644
1.6392396481173004
1.6234266895590823
1.5997382079360183
1.5839252493778002
1.5760125749755272
1.5760125749755272
1.568099900573254
1.568099900573254
1.560187226170981
1.560187226170981
1.552274551768708
1.552274551768708
1.544361877366435
1.544361877366435
1.5364492029641619
1.5206362444059438
1.4969477627828798
1.4811348042246617
1.4890474786269348
1.4890474786269348
1.4811348042246617
1.4653218456664436
1.4416333640433796
1.410106452518606
1.3824951523970246
1.347069086045463
1.303883726198703
1.2530066956627732
1.1945176614261945
1.1285082099115644
1.0550817035628146
0.9743531189927082
0.886448866944021
0.7915065943463258
0.6896749687783217
0.5811134456732344
0.4659920186317901
0.3444909532337632
0.2168005047648982
0.08312062030121914
-0.053232131668669025
-0.18410105995403403
-0.308884672558162
-0.4273875741419726
-0.5394242041646706
-0.6448191274480632
-0.7434073088858351
-0.835034371867633
-0.9195568400132923
-0.9968423618386821
-1.0667699180013739
-1.1292300108016113
-1.1841248356418417
-1.231368434176337
-1.2708868289110784
-1.302648355424743
-1.2777781854470773
-1.2607782255671736
-1.25167509556992
-1.2499999999999991
