0.7996868253210433
-1.1102230246251565e-16
0.0
2.220446049250313e-16
3.3306690738754696e-16
0.0
-3.3306690738754696e-16
2.220446049250313e-16
2.220446049250313e-16
-3.3306690738754696e-16
-2.220446049250313e-16
1.1102230246251565e-16
0.00024526248436618214
1.1102230246251565e-16
0.0
-0.0002452624843660711
0.0
2.220446049250313e-16
-2.220446049250313e-16
1.1102230246251565e-16
1.1102230246251565e-16
0.0002452624843660711
1.1102230246251565e-16
0.0
-0.0002452624843664042
-4.440892098500626e-16
1.1102230246251565e-16
4.440892098500626e-16
-1.1102230246251565e-16
2.220446049250313e-16
7.771561172376096e-16
0.0
-8.881784197001252e-16
1.1102230246251565e-16
7.771561172376096e-16
1.1102230246251565e-16
-1.1102230246251565e-16
0.0
-8.881784197001252e-16
0.0002452624843660711
0.0
-4.440892098500626e-16
-0.00024526248436518294
-3.3306690738754696e-16
-0.7996868253210438
-0.7997912059810659
0.0
-6.661338147750939e-16
4.440892098500626e-16
-6.661338147750939e-16
-7.771561172376096e-16
2.55351295663786e-15
0.0
-1.4432899320127035e-15
1.3322676295501878e-15
-5.551115123125783e-16
-1.5543122344752192e-15
-9.23653329865104e-05
4.042841430829114e-05
5.193691868032868e-05
-1.1102230246251565e-15
-7.771561172376096e-16
-4.440892098500626e-16
7.771561172376096e-16
1.1102230246251565e-15
-2.220446049250313e-16
1.1102230246251565e-15
-1.6653345369377348e-15
-1.1102230246251565e-15
3.1086244689504383e-15
3.3306690738754696e-16
-1.887379141862766e-15
0.0
1.2212453270876722e-15
-1.60042857533238e-06
0.79979280640964
0.799791205981066
-1.1102230246251565e-16
-0.3116439338617664
-0.4881472721192995
0.0
