0.21972448618848195
0.07324149539616016
-0.07324149539616016
0.07324149539616016
-0.07324149539616016
0.07324149539616016
-0.07324149539616016
0.07324149539616016
-0.07324149539616016
0.07324149539616016
-0.07324149539616016
0.07324149539616016
-0.07324149539616016
0.07324149539616016
-0.07324149539616016
0.07324149539616016
-0.07324149539616016
0.07324149539616016
0.5126904677731248
0.5126904677731248
-0.5126904677731248
-0.5126904677731248
-0.5126904677731248
-0.5126904677731267
-0.5126904677731248
-0.5126904677731248
-0.5126904677731248
-0.29788855567009576
0.5126904677731248
0.5126904677731248
0.5126904677731248
0.5126904677731248
0.5126904677731248
0.5126904677731248
0.5126904677731248
0.48314757768650174
0.5126904677731248
-0.1929156854088516
0.0
