0.0
-0.03925234608338046
-0.026356406027150836
-0.03925234608338046
-0.026356406027150836
-0.03925234608338046
-0.026356406027150836
-0.03925234608338046
-0.026356406027150836
-0.03925234608338046
-0.026356406027150836
-0.03925234608338046
-0.026356406027150836
-0.03925234608338046
-0.026356406027150836
-0.03925234608338046
-0.026356406027150836
-0.03925234608338046
-0.026356406027150836
0.07257784510114229
0.17151209622943542
0.27044634735772854
0.36938059848602167
0.4683148496143148
0.5672491007426084
0.6661833518709015
0.7651176029991946
0.8640518541274878
0.9180142188081462
0.819079967679853
0.7201457165515599
0.6212114654232668
0.5222772142949736
0.4233429631666805
0.3244087120383874
0.22547446091009427
0.1332679600254374
0.034333708897144266
0.0
