0.0
0.9996148627854542
0.9999584242587102
0.9999584242587101
0.9999584242587102
0.9999584242587101
0.9999584242587101
0.9999584242587101
0.9999584242587102
0.9999584242587098
0.99995842425871
0.9999584242587103
0.9999584242587108
0.9999584242587103
0.9999584242587104
0.9999584242587103
0.9999584242587104
0.9999584242587103
0.9999584242587104
0.9975549987679727
0.0
-0.9983694671785039
-0.9983694671785044
-0.9983694671785053
-0.9983694671785046
-0.9983694671785044
-0.9983694671785044
-0.9985646187357533
-0.9990332439878444
-0.9983694671785047
-0.9983694671785053
-0.9983694671785047
-0.9983694671785039
-0.9983694671785044
-0.9983694671785044
-0.998374924312632
0.0
0.6726684536026907
0.0
