-2.0
-1.8
-1.6001565873394783
-1.4007826915014423
-1.2021905067649987
-1.004691003348638
-0.8085934404702424
-0.6142048820863049
-0.4218297160686487
-0.2317691775715578
-0.04432087733566256
0.1402216643328005
0.3215694771776273
0.4994385934834823
0.6755924698724275
0.8499712913628068
1.0225158457123327
1.1989265675446668
1.3789272200039377
1.5622359448574161
1.7485657038498226
1.9376247281688947
2.129116975318408
2.3216401421872086
2.5151288554214384
2.709517413805376
2.9056149766837716
3.1031144801001322
3.301706664836576
3.501080560674612
3.700923973335134
3.900923973335134
4.100767385995656
4.300141281833692
4.498733466570136
4.698107362408172
4.897950775068694
5.0979507750686945
5.297794187729217
5.497168083567253
5.6957602683036965
5.893882242569249
6.091466731873564
6.288446644235214
6.483902438612593
6.677528055977429
6.487227584150037
6.299508693323043
6.114665327513292
5.932986928029505
5.754757980243844
5.580257568123823
5.409758937222161
5.243529066808835
5.08182825181534
4.92490969524579
4.773019111693067
4.626394342580871
4.485264983734172
4.347478166794779
4.204786620077501
4.0566631314482215
3.9033396435369263
3.7450562415141317
3.582060777147901
3.4146084806993553
3.2429615612643983
3.0673887961874695
2.8881651101902515
2.7055711448743605
2.519892819272134
2.331420882133621
2.1404504566508473
1.9472805783322675
1.7522137267510143
1.5555553519001828
1.3576160640221193
1.5564450230744367
1.7559685330642445
1.9558741654356169
2.0
