3.0
3.0
2.9803788663968724
2.967202189059027
2.9475810554558994
2.934404378118054
2.9147832445149264
2.901606567177081
2.8819854335739534
2.868808756236108
2.8491876226329804
2.836010945295135
2.8163898116920074
2.803213134354162
2.7835920007510344
2.770415323413189
2.7507941898100614
2.737617512472216
2.7179963788690884
2.704819701531243
2.7410767735580537
2.6315288943532993
2.4743508025961245
2.271079700798505
2.023703581337763
1.734641783881322
1.4067213342328344
1.0431492960058901
0.6489874077959699
0.2674474278384533
-0.08033931367768687
-0.39097146070649114
-0.6614110293191895
-0.889013119201993
-1.0715517807942012
-1.2072417850858703
-1.2948127890243457
-1.2529784623615878
-1.2500000000000009
