0.7996868253210433
-1.1102230246251565e-16
0.0
5.551115123125783e-16
-1.1102230246251565e-16
-1.1102230246251565e-16
2.220446049250313e-16
-1.1102230246251565e-16
-1.1102230246251565e-16
2.220446049250313e-16
-1.1102230246251565e-16
0.0
-2.220446049250313e-16
2.220446049250313e-16
1.1102230246251565e-16
-2.220446049250313e-16
1.1102230246251565e-16
0.0
0.0
4.440892098500626e-16
0.0
-4.440892098500626e-16
0.0
0.0
0.0
5.551115123125783e-16
0.0
1.1102230246251565e-16
-4.440892098500626e-16
2.220446049250313e-16
0.0
-7.771561172376096e-16
1.1102230246251565e-16
3.3306690738754696e-16
-1.1102230246251565e-16
-2.220446049250313e-16
0.0
0.0
0.0
3.3306690738754696e-16
-1.1102230246251565e-16
1.1102230246251565e-16
-0.7996868253210437
-0.7996868253210447
0.7996868253210447
0.7996868253210445
-8.881784197001252e-16
1.1102230246251565e-16
-1.1102230246251565e-16
1.1102230246251565e-16
-0.7996868253210437
-0.7997912059810666
1.1102230246251565e-15
-9.992007221626409e-16
3.3306690738754696e-16
1.7763568394002505e-15
-1.9984014443252818e-15
1.1102230246251565e-16
-2.220446049250313e-16
3.3306690738754696e-16
6.661338147750939e-16
-1.3322676295501878e-15
-4.440892098500626e-16
6.661338147750939e-16
1.9984014443252818e-15
-2.220446049250313e-16
-6.661338147750939e-16
-8.862783164631516e-05
5.832880334422086e-05
3.0299028300762032e-05
2.220446049250313e-16
-4.440892098500626e-16
8.881784197001252e-16
1.2212453270876722e-15
-2.7755575615628914e-15
2.6645352591003757e-15
2.1094237467877974e-15
-3.552713678800501e-15
-3.3306690738754696e-16
-2.220446049250313e-16
-1.5543122344752192e-15
2.3314683517128287e-15
7.771561172376096e-16
-1.8174160041350973e-06
0.7997930233970696
0.7997912059810648
1.7763568394002505e-15
-0.1517527820697553
-0.6480384239113113
0.0
