0.0
0.39984341266052165
0.3998434126605216
0.3998434126605216
0.39984341266052187
0.3998434126605218
0.39984341266052176
0.39984341266052187
0.3998434126605218
0.39984341266052176
0.39984341266052187
0.3998434126605218
0.3998434126605218
0.3998434126605217
0.3998434126605218
0.39984341266052187
0.39984341266052176
0.3998434126605218
0.3998434126605218
0.3998434126605218
0.39984341266052204
0.39984341266052204
0.3998434126605218
0.3998434126605218
0.3998434126605218
0.3998434126605218
0.3998434126605221
0.3998434126605221
0.39984341266052215
0.3998434126605219
0.39984341266052204
0.39984341266052204
0.39984341266052165
0.3998434126605217
0.39984341266052187
0.3998434126605218
0.3998434126605217
0.3998434126605217
0.3998434126605217
0.3998434126605217
0.39984341266052187
0.3998434126605218
0.39984341266052187
0.0
-0.39984341266052237
0.0
0.39984341266052226
0.3998434126605218
0.39984341266052187
0.3998434126605218
0.39984341266052187
0.0
-0.3998956029905333
-0.39989560299053273
-0.3998956029905332
-0.39989560299053306
-0.3998956029905322
-0.39989560299053317
-0.3998956029905331
-0.3998956029905332
-0.39989560299053306
-0.39989560299053273
-0.3998956029905334
-0.3998956029905336
-0.3998956029905333
-0.3998956029905323
-0.3998956029905324
-0.39989560299053273
-0.3999399169063559
-0.3999107525046838
-0.3998956029905334
-0.3998956029905333
-0.3998956029905335
-0.39989560299053306
-0.39989560299053245
-0.39989560299053384
-0.3998956029905325
-0.39989560299053145
-0.3998956029905332
-0.3998956029905334
-0.3998956029905335
-0.3998956029905343
-0.3998956029905331
-0.39989560299053273
-0.3998965116985348
0.0
0.3998956029905324
0.3998956029905333
0.32401921195565564
0.0
