-2.0
-1.8
-1.6001565873394783
-1.4007826915014423
-1.2021905067649987
-1.0028166109269625
-0.8042244261905189
-0.6048505303524828
-0.40500711769196096
-0.20563322185392485
-0.007041037117481219
0.19045846629887955
0.3890506510353232
0.5884245468733593
0.7870167316098029
0.9845162350261637
1.1806137979045592
1.3750023562884968
1.567377522306153
1.7574380608032438
1.9448863610391391
2.13494689953623
2.3273220655538864
2.5173826040509772
2.7097577700686335
2.8998183085657243
3.0921934745833806
3.2865820329673183
3.4789571989849746
3.6733457573689123
3.8694433202473077
4.066942823663669
4.263040386542064
4.460539889958425
4.659132074694869
4.858505970532905
5.057098155269348
5.254597658685709
5.453189843422153
5.650689346838513
5.849281531574957
6.048655427412993
6.247247612149437
6.446621507987473
6.246778095326951
6.0467780953269505
6.246621507987473
6.445995403825509
6.6445875885619525
6.843961484399989
7.042553669136432
7.2419275649744685
7.043855870583587
6.847031649929386
6.651763104822438
6.45835600108236
6.267113189747265
6.078334132847363
5.892314434485346
5.709345377957785
5.529713469642364
5.353699990365169
5.181580554950523
5.0136246806430655
4.850095365077873
4.691248674459456
4.537333342594503
4.38859038140623
4.245252703540222
4.104387124080678
3.9583699256235705
3.8070606371184796
3.6506961897546604
3.4895214304601287
3.3237887385023757
3.1537576302943817
2.979694353024775
2.801871467748443
2.6205674225904207
2.4360661167313875
2.2486564558574917
2.05863189977062
1.8662900028675038
1.6719319482072077
1.4758620758965835
1.278390825594716
1.476854918736593
1.6761381908428303
1.8759285895396145
2.0000000000000027
