3.0
3.0
2.9920873255977267
2.9762743670395087
2.9525858854164446
2.9367729268582266
2.9130844452351625
2.8972714866769445
2.889358812274671
2.873545853716453
2.849857372093389
2.8183304605686152
2.794641978945551
2.778829020387333
2.755140538764269
2.7236136272394953
2.6842976529649882
2.6372541797788545
2.582556871804154
2.5202913781002105
2.450555198547028
2.3882897048430847
2.3335923968683843
2.2713269031644407
2.2166295951897403
2.154364101485797
2.0996667935110964
2.0526233203249626
1.997926012350262
1.950882539164128
1.911566564889621
1.8800396533648474
1.8407236790903403
1.8091967675655667
1.7855082859425027
1.7696953273842846
1.7460068457612206
1.714479934236447
1.690791452613383
1.6592645410886093
1.6355760594655453
1.6197631009073272
1.5960746192842632
1.5802616607260451
1.5881743351283182
1.5881743351283182
1.5960870095305912
1.6118999680888093
1.6355884497118733
1.6514014082700914
1.6750898898931554
1.6909028484513735
1.663291548329792
1.6278654819782306
1.5846801221314706
1.5338030915955407
1.475314057358962
1.409304605844332
1.3358780994955821
1.2551495149254757
1.1672452628767886
1.0723029902790933
0.9704713647110892
0.8619098416060019
0.7467884145645576
0.6252873491665307
0.4975969006976657
0.36391701623398665
0.22445702154999414
0.08249249556793381
-0.054159462954497695
-0.18492749890121551
-0.3096068460838426
-0.4280022724297483
-0.539928385690752
-0.6452099237439177
-0.7436820290298467
-0.8351905066987415
-0.9195920660600265
-0.996754544957418
-1.0665571167181351
-1.1288904793521715
-1.1836570267053692
-1.2307710012983057
-1.270158628611643
-1.3017823065389127
-1.277149325666692
-1.2603875396070325
-1.2515231951947734
-1.2499999999999991
