0.0
-0.03957370045131725
0.0
-0.03957370045131725
0.0
-0.03957370045131725
0.0
-0.03957370045131725
0.0
-0.03957370045131725
0.0
-0.03957370045131725
0.0
-0.03957370045131725
0.0
-0.03957370045131725
-0.0791474009026345
-0.11872110135395175
-0.158294801805269
-0.11872110135395175
-0.158294801805269
-0.19786850225658625
-0.2374422027079035
-0.27701590315922076
-0.316589603610538
-0.35616330406185526
-0.316589603610538
-0.27701590315922076
-0.316589603610538
-0.35616330406185526
-0.316589603610538
-0.35616330406185526
-0.316589603610538
-0.35616330406185526
-0.316589603610538
-0.27701590315922076
-0.2374422027079035
-0.19786850225658625
-0.2374422027079035
-0.19786850225658625
-0.2374422027079035
-0.27701590315922076
-0.2374422027079035
-0.19786850225658625
-0.2374422027079035
-0.19786850225658625
-0.2374422027079035
-0.19786850225658625
-0.158294801805269
-0.11872110135395175
-0.0791474009026345
-0.03957370045131725
0.0
0.03957370045131725
0.0791474009026345
0.11872110135395175
0.158294801805269
0.19786850225658625
0.2374422027079035
0.27701590315922076
0.316589603610538
0.35616330406185526
0.3957370045131725
0.43531070496448976
0.474884405415807
0.5144581058671243
0.5540318063184415
0.5936055067697588
0.633179207221076
0.6727529076723933
0.7123266081237105
0.7519003085750278
0.791474009026345
0.8061696940714969
0.7665959936201796
0.7270222931688624
0.6874485927175451
0.6478748922662274
0.6083011918149102
0.5687274913635929
0.5291537909122757
0.4895800904609584
0.45000639000964116
0.4104326895583239
0.37085898910700665
0.3312852886556894
0.29171158820437215
0.2521378877530549
0.21256418730173765
0.1729904868504204
0.14453924999586754
0.10496554954454984
0.06539184909323259
0.02581814864191534
0.0
