0.0
0.39984341266052187
0.3998434126605219
0.39984341266052187
0.3998434126605219
0.39984341266052187
0.3998434126605217
0.39984341266052165
0.3998434126605217
0.39984341266052165
0.3998434126605217
0.39984341266052176
0.39984341266052187
0.3998434126605218
0.3998434126605218
0.3998434126605218
0.3998434126605218
0.39984341266052176
0.39984341266052187
0.3998434126605218
0.3998434126605217
0.39984341266052187
0.39984341266052187
0.3998434126605216
0.3998434126605216
0.39984341266052165
0.3998434126605216
0.3998434126605218
0.3998434126605218
0.39984341266052165
0.3998434126605216
0.39984341266052165
0.3998434126605216
0.39984341266052165
0.3998434126605216
0.3998434126605218
0.39984341266052165
0.3998434126605214
0.3998434126605214
0.3998434126605214
0.3998434126605214
0.3998434126605212
0.39984341266052126
0.3998434126605214
0.3998434126605215
0.3998434126605215
0.3998434126605215
0.3998434126605215
0.39984341266052165
0.3998434126605217
0.39984341266052187
0.39984341266052226
0.0
0.0
0.39984341266052226
0.0
-0.3998956029905333
-0.39989560299053273
-0.39989560299053317
-0.39989560299053306
-0.39989560299053306
-0.39989560299053395
-0.39989560299053234
-0.3998956029905325
-0.39989560299053306
-0.3998956029905326
-0.3998956029905326
-0.3998956029905336
-0.399895602990534
-0.3998956029905323
-0.3998956029905324
-0.39989560299053273
-0.3999168188592685
-0.3999418859413282
-0.39989560299053345
-0.3998956029905328
-0.39989560299053284
-0.399895602990533
-0.3998956029905339
-0.3998956029905322
-0.3998956029905313
-0.3998956029905335
-0.3998956029905335
-0.39989560299053273
-0.39989560299053295
-0.39989560299053384
-0.3998956029905332
-0.399895602990533
-0.39989560299053317
-0.39990091817846496
0.0
0.399895602990533
0.3998956029905336
0.33041465269502807
0.0
