-3.0
-2.8
-2.600156587339478
-2.400156587339478
-2.200313174678956
-2.000313174678956
-1.8004697620184342
-1.6004697620184343
-1.4006263493579125
-1.2006263493579126
-1.0007829366973908
-0.8007829366973909
-0.600939524036869
-0.400939524036869
-0.20109611137634717
-0.0010961113763471586
0.19874730128417467
0.3981211971222108
0.5967133818586544
0.7942128852750152
0.9928050700114588
1.1903045734278195
1.3864021363062151
1.5807906946901527
1.7731658607078087
1.9632263992048995
2.1506746994407946
2.3407352379378854
2.5331104039555417
2.7231709424526325
2.9106192426885276
3.1006797811856184
3.2881280814215135
3.4781886199186043
3.6656369201544994
3.85569745865159
4.0480726246692464
4.242461183053184
4.438558745931579
4.6329473043155165
4.829044867193912
5.023433425577849
5.215808591595505
5.410197149979442
5.606294712857838
5.800683271241775
5.9967808341201705
6.191169392504108
6.387266955382503
6.584766458798864
6.7833586435353075
6.982732539373344
7.182575952033866
6.982575952033866
7.182419364694388
7.381793260532424
7.183721566141543
6.986897345487342
6.791628800380393
6.598221696640316
6.406978885305221
6.218199828405318
6.032180130043301
5.8492110735157405
5.66957916520032
5.493565685923125
5.321446250508479
5.153490376201022
4.989961060635829
4.831114370017412
4.677199038152459
4.5284560769641855
4.385118399098178
4.246839463047248
4.105566649122632
3.9588041959143347
3.806781914843188
3.6497378535545346
3.4879179231657553
3.3215755132005906
3.150971094813232
2.9763718129234604
2.798051067901536
2.6162880874578276
2.4313674894075676
2.2435788359953897
2.0532161804775138
1.8605776066715771
1.6659647621951086
1.4696823861235586
1.2720594844728348
1.4704922367628672
1.6697541311716861
1.8695331488002376
2.0
