3.5
3.5
3.4920873255977267
3.4920873255977267
3.4841746511954534
3.4841746511954534
3.47626197679318
3.47626197679318
3.468349302390907
3.468349302390907
3.4604366279886336
3.4604366279886336
3.4525239535863603
3.4525239535863603
3.444611279184087
3.444611279184087
3.4366986047818138
3.4208856462235957
3.3971971646005317
3.365670253075758
3.341981771452694
3.31045485992792
3.271138885653413
3.224095412467279
3.1693981044925787
3.1071326107886352
3.037396431235453
2.9751309375315094
2.920433629556809
2.8581681358528654
2.788431956299683
2.7261664625957396
2.6564302830425572
2.5941647893386137
2.5244286097854314
2.462163116081488
2.4074658081067875
2.3604223349206537
2.3211063606461466
2.274062887460013
2.234746913185506
2.187703439999372
2.1330061320246716
2.085962658838538
2.0466466845640308
1.9996032113778968
1.9602872371033897
1.9132437639172557
1.8739277896427486
1.842400878117975
1.818712396494911
1.802899437936693
1.7949867635344199
1.7949867635344199
1.802899437936693
1.818712396494911
1.7911010963733296
1.755675030021768
1.712489670175008
1.6616126396390785
1.6031236054024995
1.5371141538878694
1.4636876475391196
1.3829590629690132
1.295054810920326
1.2001125383226308
1.0982809127546267
0.9897193896495394
0.8745979626080951
0.7530968972100682
0.6254064487412032
0.49172656427752415
0.35226656959353164
0.20777911174985575
0.06622780635460468
-0.06962344443669699
-0.1995619147647869
-0.32338413743602
-0.44089622252623273
-0.5519141609878171
-0.6562641127845918
-0.7537826791032922
-0.8443171582154225
-0.9277257845888307
-1.0038779508745825
-1.0726544124215371
-1.1339474739983706
-1.1876611584306758
-1.2337113568890625
-1.2720259605929407
-1.302699768557581
-1.2778155801665412
-1.2608015433178672
-1.251684299839199
-1.2500000000000002
