0.7996868253210435
1.1102230246251565e-16
-1.1102230246251565e-16
0.0
0.0
0.0
2.220446049250313e-16
-1.1102230246251565e-16
0.0
0.0
-2.220446049250313e-16
-1.1102230246251565e-16
-1.1102230246251565e-16
2.220446049250313e-16
0.0
3.3306690738754696e-16
-1.1102230246251565e-16
-2.220446049250313e-16
-1.1102230246251565e-16
4.440892098500626e-16
4.440892098500626e-16
1.1102230246251565e-16
-4.440892098500626e-16
-5.551115123125783e-16
-1.1102230246251565e-16
1.1102230246251565e-16
1.1102230246251565e-16
0.0
0.0
0.0
0.0
3.3306690738754696e-16
-1.1102230246251565e-16
1.1102230246251565e-16
-1.1102230246251565e-16
1.1102230246251565e-16
-1.1102230246251565e-16
1.1102230246251565e-16
-1.1102230246251565e-16
1.1102230246251565e-16
-0.7996868253210437
-0.7996868253210447
0.7996868253210447
0.7996868253210445
-0.7996868253210445
-0.7997912059810666
1.1102230246251565e-15
-9.992007221626409e-16
3.3306690738754696e-16
1.7763568394002505e-15
-1.9984014443252818e-15
1.1102230246251565e-16
-3.3306690738754696e-16
4.440892098500626e-16
8.881784197001252e-16
-1.5543122344752192e-15
-4.440892098500626e-16
6.661338147750939e-16
1.9984014443252818e-15
-2.220446049250313e-16
-5.303613953222541e-05
-3.914335393173651e-05
9.21794934628517e-05
-8.881784197001252e-16
8.881784197001252e-16
-1.1102230246251565e-16
5.551115123125783e-16
6.661338147750939e-16
-2.6645352591003757e-15
2.3314683517128287e-15
-8.881784197001252e-16
-1.887379141862766e-15
4.551914400963142e-15
-2.7755575615628914e-15
-3.3306690738754696e-16
8.881784197001252e-16
-1.2151614103173003e-05
0.7998033575951687
0.7997912059810656
1.1102230246251565e-16
-0.17115032183092538
-0.6286408841501403
0.0
