0.0
0.39984341266052176
0.3998434126605218
0.39984341266052176
0.39984341266052176
0.39984341266052176
0.39984341266052176
0.39984341266052187
0.3998434126605218
0.3998434126605218
0.3998434126605218
0.3998434126605217
0.39984341266052165
0.3998434126605216
0.3998434126605217
0.3998434126605217
0.39984341266052187
0.3998434126605218
0.3998434126605217
0.39984341266052165
0.39984341266052187
0.3998434126605221
0.39984341266052215
0.3998434126605219
0.39984341266052165
0.3998434126605216
0.39984341266052165
0.3998434126605217
0.3998434126605217
0.3998434126605217
0.3998434126605217
0.3998434126605217
0.39984341266052187
0.3998434126605218
0.39984341266052187
0.3998434126605218
0.39984341266052187
0.3998434126605218
0.39984341266052187
0.3998434126605218
0.39984341266052187
0.0
-0.39984341266052237
0.0
0.39984341266052226
0.0
-0.3998956029905333
-0.39989560299053273
-0.3998956029905332
-0.39989560299053306
-0.3998956029905322
-0.39989560299053317
-0.3998956029905331
-0.3998956029905333
-0.39989560299053306
-0.3998956029905326
-0.3998956029905334
-0.3998956029905336
-0.3998956029905333
-0.3998956029905323
-0.3998956029905324
-0.3999221210602985
-0.3999416927372644
-0.39989560299053295
-0.3998956029905334
-0.39989560299053295
-0.399895602990533
-0.39989560299053273
-0.3998956029905324
-0.3998956029905337
-0.39989560299053256
-0.399895602990533
-0.39989560299053395
-0.3998956029905317
-0.39989560299053306
-0.3998956029905332
-0.3998956029905328
-0.39990167879758437
0.0
0.3998956029905328
0.39989560299053284
0.31432044207507015
0.0
