-1.0
-0.8
-0.6001565873394782
-0.4007826915014421
-0.20219050676499845
-0.0028166109269623374
0.1957755738094813
0.3951494696475174
0.5949928823080393
0.7943667781460754
0.9929589628825191
1.1904584662988797
1.3890506510353233
1.5884245468733593
1.787016731609803
1.9845162350261636
2.183108419762607
2.3824823156006434
2.581074500337087
2.7785740037534477
2.974671566631843
3.169060125015781
3.361435291033437
3.555823849417375
3.7519214122957703
3.949420915712131
4.145518478590526
4.343017982006887
4.541610166743331
4.739109670159691
4.937701854896135
5.135201358312496
5.333793543048939
5.533167438886975
5.731759623623419
5.931133519461455
6.129725704197899
6.329099600035935
6.5276917847723785
6.727065680610415
6.925657865346858
7.125031761184895
6.925188348524372
6.725188348524372
6.925031761184894
7.124405657022931
6.926333962632049
6.729509741977848
6.5342411968709
6.340834093130822
6.149591281795727
5.960812224895825
5.774792526533808
5.591823470006247
5.412191561690826
5.236178082413631
5.064058646998985
4.896102772691528
4.732573457126335
4.573726766507918
4.419811434642965
4.271068473454692
4.126990540314496
3.979681920371696
3.8271373384303407
3.6695956599928112
3.5073035753819424
3.3405152134552094
3.1694917436711134
2.9945009671308718
2.8158168972358
2.633719330617023
2.448493409009356
2.260429172755475
2.069821106639438
1.8769676787608045
1.6821708731713851
1.4857357170064391
1.2879942183019555
1.486505231606074
1.6858203127063787
1.8856273594201989
2.0000000000000018
