2.5
2.5
2.4920873255977267
2.4762743670395087
2.4525858854164446
2.4367729268582266
2.4130844452351625
2.3972714866769445
2.389358812274671
2.373545853716453
2.349857372093389
2.3183304605686152
2.294641978945551
2.278829020387333
2.255140538764269
2.2236136272394953
2.1999251456164313
2.184112187058213
2.160423705435149
2.1288967939103753
2.0895808196358683
2.0425373464497345
1.9878400384750339
1.9407965652888999
1.9014805910143928
1.8699536794896192
1.8306377052151122
1.7991107936903386
1.7754223120672745
1.743895400542501
1.720206918919437
1.6886800073946633
1.6649915257715993
1.6491785672133812
1.6254900855903172
1.609677127032099
1.585988645409035
1.570175686850817
1.546487205227753
1.5306742466695349
1.5069857650464709
1.4911728064882528
1.4990854808905258
1.4990854808905258
1.506998155292799
1.522811113851017
1.4951998137294356
1.459773747377874
1.416588387531114
1.3657113569951842
1.3072223227586055
1.2412128712439754
1.1677863648952256
1.0870577803251191
0.999153528276432
0.9042112556787367
0.8023796301107327
0.6938181070056454
0.578696679964201
0.4571956145661742
0.3295051660973092
0.1958252816336301
0.05711805060571962
-0.07814077721644552
-0.20746568020738554
-0.3306541519422228
-0.4475132948705247
-0.5578601223694424
-0.6615218452775968
-0.7583361424610287
-0.8481514149875444
-0.93082702351145
-1.0062335084969596
-1.07425279293544
-1.1347783672390581
-1.1877154560213081
-1.2329811665032664
-1.2705046183131965
-1.3004063113179942
-1.2761543503611752
-1.2597751422222765
-1.2512943346675511
-1.2499999999999982
