0.7996868253210428
1.6653345369377348e-15
8.881784197001252e-16
0.00031317467895786155
-1.7763568394002505e-15
-1.7763568394002505e-15
-0.00031317467895630724
-1.1102230246251565e-16
-4.440892098500626e-16
0.000245262484365516
2.220446049250313e-16
1.1102230246251565e-15
0.0
-1.2212453270876722e-15
0.0
-0.000245262484365516
3.3306690738754696e-16
1.1102230246251565e-16
0.00031317467895630724
0.0
0.0
-6.791219459001407e-05
2.220446049250313e-16
-6.661338147750939e-16
1.1102230246251565e-16
-4.440892098500626e-16
-1.1102230246251565e-16
-0.0002452624843650719
-1.1102230246251565e-16
2.220446049250313e-16
-1.1102230246251565e-16
-1.1102230246251565e-16
0.0
0.00024526248436518294
2.220446049250313e-16
2.220446049250313e-16
1.1102230246251565e-16
0.0
-1.1102230246251565e-16
6.791219459045816e-05
0.0
0.0
-0.0003131746789560852
1.1102230246251565e-16
0.0
0.00031317467895641826
-1.1102230246251565e-16
0.0
-0.0003131746789565293
0.0
-1.1102230246251565e-16
0.0
2.220446049250313e-16
1.1102230246251565e-16
0.0
0.0
-3.3306690738754696e-16
3.3306690738754696e-16
0.0
1.1102230246251565e-16
-1.1102230246251565e-16
-1.1102230246251565e-16
0.0
0.0003131746789560852
0.0
0.0
-6.791219459001407e-05
2.220446049250313e-16
-6.661338147750939e-16
-0.0002452624843650719
-5.551115123125783e-16
2.220446049250313e-16
9.992007221626409e-16
-5.551115123125783e-16
-0.7996868253210443
-0.7997912059810663
1.1102230246251565e-16
5.551115123125783e-16
-8.881784197001252e-16
-2.220446049250313e-16
3.3306690738754696e-16
4.440892098500626e-16
5.551115123125783e-16
-8.388710286866274e-05
1.213332790650501e-05
7.175377496082547e-05
1.5543122344752192e-15
5.551115123125783e-16
-2.4424906541753444e-15
8.881784197001252e-16
5.551115123125783e-16
0.0
-4.440892098500626e-16
-9.992007221626409e-16
2.4424906541753444e-15
-5.551115123125783e-16
-8.881784197001252e-16
-2.220446049250313e-16
-3.3306690738754696e-16
-2.5749099138439036e-06
0.7997937808909805
0.7997912059810672
-1.5543122344752192e-15
-0.21921996091072538
-0.5805712450703403
0.0
