0.5126904677731248
-0.5126904677731248
-0.5126904677731248
0.0
0.0
0.0
-0.5126904677731248
-0.5126904677731248
-0.5126904677731248
-0.2563452338865647
-0.2563452338865647
-0.2563452338865647
0.2563452338865647
0.2563452338865647
0.2563452338865647
0.5126904677731248
0.5126904677731248
0.5126904677731248
0.0
0.0
0.0
-0.2563452338865647
-0.2563452338865647
-0.2563452338865647
0.2563452338865647
0.2563452338865647
0.2563452338865647
0.5126904677731248
0.5126904677731248
0.5126904677731248
-0.5126904677731248
-0.5126904677731248
-0.5126904677731248
-0.2563452338865647
-0.2563452338865647
-0.2563452338865647
0.2563452338865647
0.2563452338865647
0.2563452338865647
0.0
0.0
0.0
-0.5126904677731248
-0.5126904677731248
-0.5126904677731248
0.0
0.0
0.0
0.5126904677731248
0.5126904677731248
0.5126904677731248
-0.5126904677731248
-0.5126904677731248
-0.5126904677731248
0.5126904677731248
0.5126904677731248
0.5126904677731248
0.5126904677731248
0.5126904677731248
0.5126904677731248
0.5126904677731248
0.5126904677731248
0.5126904677731248
0.0
0.0
0.0
0.2563452338865647
0.2563452338865647
0.2563452338865647
0.5126904677731248
0.5126904677731248
0.5126904677731248
0.5126904677731248
0.5126904677731248
0.5126904677731248
-0.5126904677731248
-0.5126904677731248
-0.5126904677731248
-0.5126904677731248
-0.5126904677731248
-0.5126904677731248
-0.5126904677731295
-0.5126904677731248
-0.5126904677731248
0.043850849256358404
0.5126904677731248
0.5126904677731248
0.5126904677731248
0.5126904677731248
0.5126904677731248
0.5126904677731248
0.5126904677731248
0.5126904677731248
0.5126904677731248
0.5126904677731248
0.5126904677731248
0.5126904677731248
0.5126904677731248
0.5126904677731248
0.5126904677731248
0.4541543312518611
0.5126904677731248
-0.5126904677731248
-0.5126904677731248
-0.2489912472138553
0.0
