0.0
-0.03957370045131725
-0.0791474009026345
-0.11872110135395175
-0.11872110135395175
-0.11872110135395175
-0.11872110135395175
-0.158294801805269
-0.19786850225658625
-0.2374422027079035
-0.25586964370928333
-0.27429708471066316
-0.292724525712043
-0.27429708471066316
-0.25586964370928333
-0.2374422027079035
-0.19786850225658625
-0.158294801805269
-0.11872110135395175
-0.11872110135395175
-0.11872110135395175
-0.11872110135395175
-0.13714854235533158
-0.1555759833567114
-0.17400342435809124
-0.1555759833567114
-0.13714854235533158
-0.11872110135395175
-0.0791474009026345
-0.03957370045131725
0.0
-0.03957370045131725
-0.0791474009026345
-0.11872110135395175
-0.13714854235533158
-0.1555759833567114
-0.17400342435809124
-0.1555759833567114
-0.13714854235533158
-0.11872110135395175
-0.11872110135395175
-0.11872110135395175
-0.11872110135395175
-0.158294801805269
-0.19786850225658625
-0.2374422027079035
-0.2374422027079035
-0.2374422027079035
-0.2374422027079035
-0.19786850225658625
-0.158294801805269
-0.11872110135395175
-0.158294801805269
-0.19786850225658625
-0.2374422027079035
-0.19786850225658625
-0.158294801805269
-0.11872110135395175
-0.0791474009026345
-0.03957370045131725
0.0
0.03957370045131725
0.0791474009026345
0.11872110135395175
0.11872110135395175
0.11872110135395175
0.11872110135395175
0.13714854235533158
0.1555759833567114
0.17400342435809124
0.2135771248094085
0.25315082526072574
0.292724525712043
0.33229822616336024
0.3718719266146775
0.41144562706599475
0.451019327517312
0.49059302796862925
0.5301667284199465
0.5697404288712637
0.609314129322581
0.6488878297738983
0.688461530225216
0.7280352306765332
0.7676089311278504
0.7645240761095433
0.7249503756582261
0.6853766752069088
0.6458029747555916
0.6062292743042743
0.5666555738529571
0.5270818734016398
0.48750817295032256
0.4479344724990053
0.40836077204768806
0.3687870715963708
0.32921337114505356
0.2896396706937363
0.25006597024241906
0.2104922697911018
0.17091856933978455
0.1365970627289248
0.09702336227760755
0.0574496618262903
0.01787596137497305
0.0
