0.0
0.3998434126605214
0.39984341266052226
0.3998434126605227
0.40000000000000163
0.40000000000000074
0.39999999999999986
0.3998434126605217
0.39984341266052165
0.3998434126605214
0.3999660439027042
0.3999660439027043
0.39996604390270485
0.39996604390270485
0.39996604390270424
0.39996604390270424
0.3998434126605215
0.39984341266052165
0.3998434126605217
0.39999999999999986
0.39999999999999986
0.39999999999999986
0.39996604390270485
0.39996604390270496
0.3999660439027046
0.3999660439027047
0.39996604390270446
0.3999660439027044
0.39984341266052187
0.3998434126605218
0.3998434126605219
0.39984341266052187
0.3998434126605218
0.3998434126605218
0.3999660439027044
0.3999660439027045
0.3999660439027046
0.3999660439027047
0.3999660439027047
0.3999660439027046
0.39999999999999986
0.39999999999999986
0.39999999999999986
0.3998434126605218
0.39984341266052187
0.39984341266052187
0.4000000000000001
0.4
0.4
0.39984341266052176
0.39984341266052176
0.3998434126605217
0.3998434126605217
0.3998434126605218
0.39984341266052187
0.39984341266052187
0.39984341266052187
0.3998434126605217
0.39984341266052187
0.39984341266052187
0.3998434126605219
0.39984341266052187
0.3998434126605218
0.3998434126605218
0.39999999999999986
0.39999999999999986
0.39999999999999986
0.39996604390270485
0.39996604390270496
0.3999660439027046
0.3998434126605221
0.3998434126605218
0.3998434126605219
0.3998434126605224
0.39984341266052215
0.0
-0.39989560299053317
-0.3998956029905331
-0.39989560299053284
-0.3998956029905333
-0.3998956029905334
-0.3998956029905332
-0.399895602990533
-0.39989560299053273
-0.39993754654196706
-0.3999314798780138
-0.3998956029905334
-0.3998956029905326
-0.39989560299053234
-0.39989560299053356
-0.3998956029905331
-0.39989560299053284
-0.39989560299053284
-0.39989560299053306
-0.39989560299053356
-0.39989560299053234
-0.3998956029905326
-0.39989560299053306
-0.39989560299053317
-0.39989560299053334
-0.39989689044549026
0.0
0.3998956029905336
0.39989560299053284
0.29028562253517015
0.0
