-9.0
-8.5
-8.000385137214545
-7.500558792196263
-7.000943929410809
-6.501117584392527
-6.001502721607073
-5.501676376588791
-5.002061513803337
-4.506827805893462
-4.02081864096309
-3.5333352698967753
-3.0473261049664035
-2.559842733900089
-2.073833568969717
-1.5863501979034027
-1.100341032973031
-0.6128576619067165
-0.12684849697634482
0.3606348740899697
0.8466440390203414
1.3341274100866558
1.8201365750170275
2.307619946083342
2.803700639940974
3.3035269849592557
3.8022106770207094
4.299087436077371
4.795203323344371
5.292080082401032
5.7896350811690045
6.286511840225666
5.799729693823548
5.326519933918285
4.871510554293781
4.439151548925098
4.0336713910154565
3.6412240943867773
3.221882142002947
2.7777309849105407
2.313114423614748
1.8325764103747222
1.3408166905055499
1.8389604507832145
1.9999999999999991
