2.5
2.5
2.4803788663968724
2.467202189059027
2.4475810554558994
2.434404378118054
2.4147832445149264
2.401606567177081
2.3819854335739534
2.313111820703447
2.195659312838852
2.084483942662622
1.967031434798027
1.8558560646217963
1.7384035567572014
1.6272281865809708
1.5097756787163759
1.3986003085401453
1.2811478006755503
1.1699724304993198
1.0525199226347248
0.9413445524584942
0.8238920445938993
0.7127166744176687
0.6502351156844673
0.6370584383466218
0.6733155103734323
0.7291141332000644
0.7913156315845714
0.8471142544112035
0.8965007222035326
0.9522993450301647
0.8389887449630207
0.6781513324190707
0.47136009808561863
0.22063746125353534
-0.071564509453373
-0.3811901306818408
-0.653124823419539
-0.8823101191889353
-1.066504584667954
-1.20390679707648
-1.2931735808401033
-1.2525663864054069
-1.2499999999999976
