0.0
0.0020833497939026922
0.0041666995878053845
0.006250049381708077
0.008333399175610769
0.01041674896951346
0.012500098763416153
0.014583448557318844
0.016666798351221535
0.018750148145124226
0.020833497939026918
0.03541687669851997
0.050000255458013045
0.06458363421750613
0.07916701297699921
0.09375039173649229
0.10833363923795453
0.1229170179974476
0.13750039675694065
0.15208377551643376
0.1666671542759269
0.20416709930275959
0.24166716540851207
0.2791672315142646
0.3166670137079557
0.3541670798137082
0.3916671459194607
0.42916701676364083
0.46666708286939335
0.5041670849536968
0.5416671510594495
0.6041195638568987
0.6665720197219299
0.7290241609760165
0.7914766168410479
0.853928886022085
0.9163811904928492
0.9788336463578804
1.0412858771339146
1.1037383329989459
1.1661907389899784
1.2513215623643128
1.3364524517290328
1.4215834480884075
1.5067145090573895
1.591845520014726
1.6769764799228801
1.7621074410915627
1.847238433816475
1.932369470484686
2.0175005314536683
2.1150916199095984
2.21268270698651
2.310273796233685
2.407864889515228
2.5054559872639426
2.6030470887506407
2.700638192364893
2.7982292959031163
2.895820396859864
2.993411492718172
3.093273887580561
3.1931362725173087
3.292998645464322
3.3928610046282563
3.492723348522921
3.5925856759918693
3.692447986215762
3.792310278703387
3.892172553265673
3.9920348099724148
4.088301643507469
4.184568491685902
4.28083536987939
4.377102296509743
4.473369279912019
4.569636250362737
4.665903137586396
4.76216993417566
4.85843663396922
4.954703232092948
5.041970955619875
5.1292384967384095
5.21650595665818
5.303773464316196
5.391041178085325
5.478309287396946
5.565577486065624
5.652845265048125
5.7401126246862715
5.827379686641712
5.90187027719308
5.97636162696079
6.050853262991803
6.125343936415585
6.199834273443036
6.274325414915959
6.3488170509469715
6.423307641117249
6.497797695929167
6.572288528431316
6.631966804129759
6.691643663173571
6.751321938872012
6.810999600597037
6.870676731887154
6.930355007585595
6.990031698323569
7.049709974022011
7.109387926863466
7.169064680745361
7.213064649789046
7.257063806203398
7.30106377524708
7.345063744290762
7.389063407316722
7.433063376360403
7.477062107199752
7.521062076243434
7.565060516986664
7.609060486030347
7.637231025565405
7.665400848774677
7.693571388309731
7.721741927844787
7.749911674266388
7.778082213801442
7.806252753336496
7.83442329287155
7.862592975013014
7.890763514548069
7.903784711964046
7.91680590938002
7.929827106795993
7.942848154092679
7.955869351508652
7.968890548924625
7.981911746340598
7.99493294375657
8.007954141172545
8.020975338588519
8.023058701747184
8.025142064905845
8.027225428064506
8.029308791223167
8.03139215438183
8.033475517540491
8.035558880699153
8.037642243857814
8.039725607016475
8.04180896786296
8.04389220995727
8.04597545205158
8.04805869414589
8.0501419362402
8.05222517833451
8.05430842042882
8.05639166252313
8.058474904617439
8.060558146711749
8.062641388806059
8.077224317798962
8.091807246791863
8.106390175784764
8.120973104777665
8.135556033770566
8.150137972791802
8.164720901784703
8.179303830777606
8.193886759770507
8.208469688763408
8.243902737520417
8.279336418043862
8.314770098567307
8.350201995647874
8.385635676171319
8.421069356694764
8.456500890154794
8.49193457067824
8.527368251201684
8.562800179484833
8.610822407167742
8.658842038899639
8.706864266582548
8.754884113680957
8.802906341363865
8.850926414883217
8.898948642566125
8.946969006959165
8.994991234642072
9.043011908606578
9.093097628041878
9.143181754355828
9.193267473791126
9.243351619399496
9.293437338834796
9.343521533909682
9.393607253344982
9.443691520896907
9.493777240332205
9.543861596570999
9.593660191355829
9.643457537357033
9.693256132141862
9.743053587421834
9.792852182206662
9.842649744782282
9.892448339567112
9.942246006099332
9.99204460088416
10.041842367173462
10.091976785075055
10.142110459544357
10.192244877445948
10.242378637332877
10.292513055234469
10.34264689600914
10.392781313910731
10.442915230581612
10.493049648483202
10.54318363583782
10.593171383320243
10.643158767881133
10.693146515363553
10.743133961228368
10.79312170871079
10.843109210410837
10.893096957893258
10.943084509815728
10.993072257298149
11.043059853654723
11.093036921060813
11.143013875920913
11.192990943327002
11.242967930670348
11.292944998076438
11.342922011823678
11.392899079229768
11.442876113461155
11.492853180867243
11.542830230014676
11.592837553775546
11.642844869136256
11.692852192897124
11.742859513937935
11.792866837698803
11.842874161152821
11.892881484913689
11.942888808547023
11.99289613230789
12.042903454967885
12.09291028160252
12.1429171060494
12.192923932684035
12.24293075681794
12.292937583452575
12.34294440866213
12.392951235296765
12.442958061931401
12.492964887322753
12.542971713957389
12.592986946768223
12.643002184673668
12.693017413519472
12.743032651424917
12.79304787761395
12.843063115519392
12.893078342640068
12.943093580545513
12.993108815444302
13.043124037598094
13.093107060818928
13.14309003643623
13.193073059657063
13.243055984595017
13.293039007815851
13.343021859133925
13.39300488235476
13.442987633837273
13.492970657058107
13.542953280788842
13.592946765621543
13.64293969528095
13.69293318011365
13.74292593139789
13.79291941623059
13.842911975606306
13.892905460439007
13.942897829582643
13.992891314415344
14.04288351756152
14.092643300249318
14.14240169194152
14.19216147462932
14.241919827234128
14.291679609921925
14.341438042794044
14.391197825481841
14.440956510933832
14.49071629362163
14.540475466249424
14.588230350108711
14.6359850575783
14.683739900708554
14.73149478456784
14.779249345751719
14.827004229611005
14.874758460144388
14.922513344003674
14.970267223867694
15.01802210772698
15.061068818648879
15.104115939970702
15.147163061292526
15.190208805763486
15.23325592708531
15.276300416615433
15.319347537937256
15.362391482606853
15.405438603928678
15.448482882226745
15.484765146089304
15.52104740995186
15.557327573530438
15.593609837392995
15.62989049354617
15.666172757408726
15.702455021271282
15.738734158562336
15.775016422424892
15.811298686287449
15.839510608775953
15.867723597684204
15.895936586592455
15.924147001314621
15.952359990222872
15.980572979131123
16.008785439878306
16.036998428786557
16.065211417694808
16.09342440660306
16.11273807173731
16.132053521382595
16.15136897102788
16.17068442067316
16.189999870318445
16.20931365255289
16.228629102198173
16.247944551843457
16.26726000148874
16.286575451134023
16.29642573788286
16.306275079799434
16.316125366548267
16.325975653297103
16.33582594004594
16.345676226794772
16.355526513543605
16.36537680029244
16.375227087041278
16.38507737379011
16.38673137218341
16.38838537057671
16.39003936897001
16.39169336736331
16.393347365756608
16.39500136414991
16.396655362543207
16.39830936093651
16.399963359329806
16.401617359692263
16.402396751722915
16.403176143753566
16.403955535784217
16.404734927814868
16.40551431984552
16.40629371187617
16.40707310390682
16.407852495937473
16.408631887968124
16.409411279998775
16.413764414266137
16.4181175485335
16.42247068280086
16.42682381706822
16.431176951335583
16.435530085602945
16.439883219870307
16.44423635413767
16.44858948840503
16.452942622672392
16.460109998901714
16.467277375131037
16.47444475136036
16.48161212758968
16.488779503819003
16.4959467379289
16.503114114158222
16.510281490387545
16.517448866616867
16.52461624284619
16.53311265229897
16.541609061751753
16.55010547120454
16.55860188065732
16.567098290110103
16.575594699562888
16.58409110901567
16.592587033784156
16.601083443236938
16.60957985268972
16.6183278449496
16.627075837209482
16.635823829469363
16.644571821729244
16.653319813989125
16.662067806249006
16.670815798508887
16.679563790768768
16.688311311451706
16.697059303711587
16.7053264130468
16.713593522382016
16.72186063171723
16.730127741052446
16.73839485038766
16.746661959722875
16.75492906905809
16.763196178393304
16.77146328772852
16.7797299377379
16.78706308153177
16.794396225325638
16.801729369119506
16.809062512913375
16.816395656707243
16.82372880050111
16.83106194429498
16.83839508808885
16.845728231882717
16.853061375676585
16.85922424379839
16.865387111920196
16.87154973854185
16.877712606663657
16.883875474785462
16.890038342907268
16.896201211029073
16.90236407915088
16.908526947272684
16.91468981539449
16.91960690637668
16.924523997358868
16.929441088341058
16.934358179323247
16.939275270305437
16.944192361287627
16.949109452269816
16.954026543252006
16.958943634234195
16.963860725216385
16.967569975367173
16.971279246070317
16.97498851677346
16.978697787476605
16.98240705817975
16.986116328882893
16.989825599586037
16.99353487028918
16.997244140992326
17.00095341169547
17.00356824504072
17.006183078385973
17.008797911731225
17.011412745076477
17.01402757842173
17.01664241176698
17.019257245112232
17.021872078457484
17.024486911802736
17.027101745147988
17.028782041909025
17.030462338670063
17.0321426354311
17.033822932192138
17.035503228953175
17.037183525714212
17.03886382247525
17.040544119236287
17.042224415997325
17.043904712758362
17.04483630930469
17.045767905851015
17.046699502397338
17.047631098943665
17.04856269548999
17.049494292036318
17.050425888582645
17.051357485128968
17.052289081675294
17.05322067822162
17.053601915363178
17.053983152504735
17.05436438964629
17.05474562678785
17.055126863929406
17.055508101070963
17.05588933821252
17.056270575354077
17.056651812495634
17.05703304963719
17.057090979493704
17.057148909350218
17.05720683920673
17.057264769063245
17.05732269891976
17.057380628776272
17.057438558632786
17.0574964884893
17.057554418345813
17.057612348202326
