-0.030506693496595207
-0.030572201833918858
-0.030637710171242505
-0.030703218508566155
-0.030768726845889802
-0.030834235183213453
-0.0308997435205371
-0.03096525185786075
-0.0310307601951844
-0.031096268532508048
-0.0311617768698317
-0.03162033303639162
-0.03207888920295153
-0.03253744536951145
-0.03299600153607137
-0.03345455770263129
-0.033831331694707985
-0.03414677627100253
-0.03446222084729709
-0.03477766542359163
-0.035093109999886185
-0.03587571068972815
-0.0364207120201793
-0.03696571335063045
-0.03742490135100164
-0.037771618535924756
-0.03811833572084788
-0.038350870002172216
-0.03854623182340852
-0.0387330905871818
-0.038810569021266825
-0.038934801157655775
-0.038908309086514256
-0.03882985425226743
-0.038678355750928636
-0.0385505528912528
-0.03841448301873701
-0.03821288750792405
-0.037967436358634275
-0.03768710380826336
-0.03733415617659837
-0.03679431824751146
-0.03617015669866668
-0.03546235641447329
-0.034661913734205935
-0.033768383181256356
-0.03157123911367468
-0.02885284151170989
-0.026149567631796655
-0.023460234345332603
-0.020784860658240388
-0.017732274279072265
-0.014692374669380927
-0.011662876927030762
-0.008641458221906281
-0.005625765676020662
-0.0026134237781805726
0.0003979585401103437
0.003410781041622196
0.006427445407737256
0.009450348424552654
0.01255256950564353
0.01566639008128603
0.018794327415360683
0.021938858550699433
0.02510240992952832
0.028287346060007115
0.031495957068868374
0.03473044497926414
0.03799290855316615
0.04128532653958597
0.04448891853162359
0.04772344968345303
0.050990276668684525
0.05429058539570879
0.05762566960181667
0.06099751907721233
0.0644051111336612
0.0678486593094543
0.07132807532613933
0.07484293795348931
0.07805987594144992
0.08130383289562093
0.08457373270361992
0.08786822641100242
0.09118567265328366
0.09452411774393343
0.09788325756562556
0.10125772598520343
0.1046437709567172
0.10803774984909584
0.11093799775636584
0.11383897913833232
0.11673632733495821
0.11962628680446005
0.12250670568431155
0.125375133805634
0.12822197849790226
0.1310442236322634
0.13199410747212878
0.13070636170324895
0.12957053772973184
0.12837009020544587
0.12711191094758414
0.12574470383822092
0.12433347696824595
0.12282808111600621
0.12124896313245029
0.11961975527870303
0.11787347052696998
0.11608395295088966
0.11470212686020587
0.11344808354395251
0.11277741271088484
0.11210674187781716
0.11123938884665571
0.11036023288802849
0.10930284463578724
0.10817054166876647
0.10689434368367634
0.10544993955411286
0.10452517427539018
0.10340681478421673
0.1022312070983161
0.10105559941241546
0.0997984325973373
0.09830108381782071
0.09680373503830407
0.09530638625878743
0.09350158366861665
0.09158073383107862
0.09069286425691202
0.08980499468274572
0.08891712510857941
0.08800803247435993
0.08685423186811846
0.08570043126187696
0.08454663065563546
0.08339283004939405
0.08223902944315249
0.081085228836911
0.08090062325889098
0.08071601768087128
0.08053141210285157
0.08034680652483187
0.08016220094681199
0.0799775953687923
0.0797929897907726
0.07960838421275289
0.07942377863473318
-0.09906770093665743
-0.09929512164953472
-0.09952254236241201
-0.0997499630752893
-0.09997738378816659
-0.10020480450104387
-0.10043222521392117
-0.10065964592679845
-0.10088706663967574
-0.10111448735255302
-0.10134190806543032
-0.10293387863690766
-0.10452584920838501
-0.10611781977986234
-0.1077097903513397
-0.10930176092281703
-0.11066262780020539
-0.11185193385590587
-0.11304123991160636
-0.11423054596730685
-0.11541985202300734
-0.11825758430095254
-0.12042535011756039
-0.12259311593416825
-0.1246121590680321
-0.12623057351611733
-0.1278489879642026
-0.1292631915142861
-0.130453221366138
-0.13164325121798987
-0.13259864321783787
-0.13374958253347677
-0.1347309658042639
-0.13550840312464513
-0.1361624610060191
-0.13663314162755075
-0.13733173807897525
-0.13845015406172576
-0.13951251524146593
-0.14044540541833817
-0.14133275989819027
-0.1421174931159921
-0.14285189251659375
-0.1434540946227647
-0.1440019089696752
-0.1444277003208791
-0.14479585924859809
-0.14505166861709798
-0.14524742850452338
-0.1453398724293637
-0.1453706734568134
-0.14530684335153793
-0.14385403030543803
-0.14038144224737664
-0.13691173258359396
-0.13344606326884506
-0.12998673286078594
-0.12653611037984014
-0.12309467159709539
-0.11966575483267083
-0.1162482088965702
-0.11282333281148996
-0.10941176596007554
-0.10601807161969524
-0.10263905761788117
-0.0992793788056194
-0.09593545067113156
-0.09261215485895896
-0.0893061224513465
-0.08602288660454735
-0.08275657872988262
-0.07952258775530466
-0.07630450684754003
-0.07310903699995025
-0.06992810602759432
-0.06676933141202512
-0.06362346268002995
-0.06049893588838569
-0.05738551060298663
-0.054292239542019616
-0.05120818111733651
-0.04814335317801085
-0.04508583527954202
-0.04204490954593414
-0.03900946446327237
-0.035988203353268446
-0.03297073074434529
-0.029964588874458332
-0.02696073390549465
-0.02396490265183869
-0.020970088954674837
-0.017977726106305845
-0.014985373271335258
-0.011993071129526545
-0.009000036989238019
-0.006002421464007978
-0.0030036009079052817
4.822597950485813e-06
0.003014664621463297
0.006039479767404271
0.009065689645846054
0.01211250714399896
0.015160492658083558
0.01823500780358839
0.021310308707042168
0.02441817549834236
0.027526348756261202
0.030673170864457096
0.03381999297265299
0.037011078847942254
0.04020236573617332
0.0434433688495941
0.04668503105484623
0.04998073166649091
0.05327739742789117
0.05663291813800542
0.059989485574049824
0.0634096936115168
0.06683071852652389
0.07032013380356406
0.07381063412381117
0.07737013368260713
0.08093202450611503
0.08456661953735325
0.08820563312902058
0.09191750969491314
0.09563632400866597
0.09942654688413846
0.10322619299409179
0.10709111477575828
0.11096852968588927
0.11490771963717228
0.1188625591323051
0.12287259738630141
0.12690118619603988
0.13097790067140105
0.13507539823395115
0.13921286937817146
0.14337215950797932
0.14756253703949426
0.15177392257621844
0.15598745980143333
0.1602182761062863
0.16446237349961534
0.16871656119690936
0.17297629127615094
0.17723497854185288
0.1814932826859456
0.18573430496237192
0.18997160156763193
0.1941692789283792
0.19819447656349293
0.20215611593872862
0.20611598562457312
0.2099855843943374
0.2138512188024822
0.21760246648578685
0.22104539545322804
0.22008259691098916
0.21909348431121636
0.21786575208306058
0.21674933590153625
0.21539769274467835
0.21404604958782042
0.21248030045589444
0.21087967097290167
0.20910890599615534
0.20725774272387237
0.20528297197627227
0.2031825603669728
0.20100648944743893
0.19902978834012566
0.1970530872328125
0.19492334909524475
0.19274679364003494
0.19074601939116176
0.18969077593429368
0.18863553247742554
0.1874059571689231
0.1860264827250926
0.18464700828126213
0.18331223844745437
0.18194158745877886
0.1805709364701034
0.1790297972217602
0.1773017931699496
0.17557378911813898
0.1738226613186214
0.17165826092005657
0.1694938605214918
0.16732946012292704
0.16569027865583918
0.16383538278683782
0.16198048691783662
0.16012559104883545
0.15827069517983428
0.15625137990681037
0.15391767018121988
0.1515839604556294
0.1492502507300389
0.1469165410044484
0.14572642063926064
0.14438434421465063
0.142870102216789
0.14135586021892732
0.13984161822106567
0.138327376223204
0.13681313422534236
0.1352988922274807
0.13378465022961877
0.13227040823175767
0.13201614620920016
0.13176188418664236
0.13150762216408485
0.13125336014152736
0.13099909811896984
0.13074483609641205
0.13049057407385456
0.13023631205129702
0.12998205002873953
0.0
0.0
0.0
0.0
0.0
0.0
0.0
0.0
0.0
0.0
0.0
0.0
0.0
0.0
0.0
0.0
0.0
0.0
0.0
0.0
0.0
0.0
0.0
0.0
0.0
0.0
0.0
0.0
0.0
0.0
0.0
0.0
0.0
0.0
0.0
0.0
0.0
0.0
0.0
0.0
0.0
0.0
0.0
0.0
0.0
0.0
0.0
0.0
0.0
0.0
0.0
0.0
0.0
0.0
0.0
0.0
0.0
0.0
0.0
0.0
0.0
0.0
0.0
0.0
0.0
0.0
0.0
0.0
0.0
0.0
0.0
0.0
0.0
0.0
0.0
0.0
0.0
0.0
0.0
0.0
0.0
0.0
0.0
0.0
0.0
0.0
0.0
0.0
0.0
0.0
0.0
0.0
0.0
0.0
0.0
0.0
0.0
0.0
0.0
0.0
0.0
0.0
0.0
0.0
0.0
0.0
0.0
0.0
0.0
0.0
0.0
0.0
0.0
0.0
0.0
0.0
0.0
0.0
0.0
0.0
0.0
0.0
0.0
0.0
0.0
0.0
0.0
0.0
0.0
0.0
0.0
0.0
0.0
0.0
0.0
0.0
0.0
0.0
0.0
0.0
0.0
0.0
0.0
0.0
0.0
0.0
0.0
0.0
0.0
0.0
0.0
