0.0
0.1674710072211399
0.6342580245747678
1.2715598010590932
1.9251389513463688
2.518391185666868
3.046035422700263
3.5332039252970002
4.0045119114415035
4.475885710234505
4.962292456559037
5.486426636243241
6.074508972538292
6.731464518653562
7.3983431613775865
7.923655485180756
8.117819349944057
8.339570988237483
8.873894393231588
9.52014568260828
10.147553837001377
10.712587209846474
11.20906983938668
11.671662470579706
12.15110756793168
12.682816164544114
13.274688009056007
13.910560969415258
14.56168128358321
15.178641425823555
15.58718363167321
15.609489482953554
15.887818415491253
16.071310790985404
