-0.06110038343483444
-0.10879084197563409
-0.1313790558809746
-0.126892828322652
-0.11297956509066934
-0.09249969305602596
-0.0624039900937314
-0.016005750428055267
0.049468465880367546
0.13285055245712762
0.19786671526462066
0.19786808086311247
0.19786829555870136
0.19786836898001592
0.19786834867758088
0.05841241223804235
-0.0651869704265206
-0.19786837216584818
-0.19786838387775726
-0.1978683376521286
-0.19786816606767163
-0.0896782081650362
0.03464408194816925
0.1681863978111665
0.1978682700688174
0.19786837987075026
0.19786842373354552
0.19786844499023812
0.1978684536896381
0.1978683438377783
0.05841052461551669
-0.06518904331458472
-0.19786833119943514
0.0
