-0.023497821082186638
-0.02354930099283695
-0.02360078090348726
-0.023652260814137568
-0.02370374072478788
-0.02375522063543819
-0.0238067005460885
-0.023858180456738806
-0.02390966036738912
-0.02396114027803943
-0.02401262018868974
-0.02437297831122752
-0.024733336433765303
-0.025093694556303083
-0.025454052678840867
-0.025814410801378647
-0.026117127819265597
-0.026376497918030383
-0.02663586801679517
-0.02689523811555996
-0.027154608214324746
-0.027801059001052633
-0.028279168865838374
-0.028757278730624114
-0.02917340247836357
-0.02950983228269934
-0.02984626208703511
-0.030100183313127166
-0.030328665115753065
-0.030549775110571904
-0.030695442607345722
-0.030932693749081676
-0.031059591067420025
-0.031145206146067993
-0.03117767887661533
-0.031315996309437655
-0.03146410759373455
-0.03156713986675211
-0.03163401732136706
-0.03167702605352639
-0.031664303659012384
-0.031603977651139224
-0.031479773651617055
-0.03129131905627204
-0.031037522691153202
-0.030707497433240458
-0.029273606209962562
-0.027537990054140267
-0.02578843242496906
-0.024023089146349635
-0.0222392742812887
-0.02016419197173052
-0.018053317899834456
-0.015911648565046725
-0.013736643812694524
-0.011527631168295797
-0.009284031109166953
-0.007001612198778111
-0.004675468420218274
-0.0023022906135816523
0.00012223543588654436
0.002660430430899315
0.005260088105351816
0.007921975156194876
0.010648181119345275
0.01344049086564712
0.016299664214491635
0.01922880800900786
0.022233237456304067
0.02531714612773176
0.028484531979857702
0.03161863984812042
0.034837703983237406
0.03814206456462736
0.04153249426990215
0.04501072840400884
0.048576655753430176
0.052230332128508195
0.05597543605113674
0.05981719500110516
0.06375778582389942
0.06739823155867927
0.07111809659835819
0.0749172853471094
0.07879372008545854
0.08274565563514513
0.0867688697615544
0.09085036262025327
0.09500669620223207
0.09922863758953243
0.10351173834843425
0.10721018360564025
0.11094108787177215
0.11469929579720962
0.11849544066364973
0.12231543697579836
0.12615816831681345
0.13002940211147163
0.1338842191863734
0.1353214829044438
0.13465193110502688
0.13402261710901225
0.13330223083869974
0.13252355632504711
0.13159777172684264
0.1306171062543988
0.12952599206215093
0.12832844210313865
0.12707394151246656
0.1256853740767476
0.12423888279942
0.12309247341745923
0.12208823501319942
0.12156515278482548
0.12104207055645154
0.1202834920879449
0.11952098803819373
0.11854377571075159
0.11748980030150315
0.11626614024849849
0.11486328796213628
0.1139647849410376
0.11283370070323451
0.11164481715651284
0.11045593360979117
0.10916544872013194
0.10760479538643519
0.10604414205273843
0.10448348871904169
0.10255484650668525
0.10049433152096711
0.099540077891409
0.09858582426185125
0.09763157063229348
0.09665126808030958
0.09539836484649614
0.09414546161268263
0.09289255837886909
0.09163965514505557
0.09038675191124212
0.08913384867742853
0.08893315397088639
0.08873245926434459
0.08853176455780279
0.08833106985126082
0.08813037514471903
0.08792968043817723
0.08772898573163526
0.08752829102509346
0.08732759631855166
-0.12106027282308421
-0.12134045534675542
-0.12162063787042662
-0.12190082039409786
-0.12218100291776907
-0.12246118544144027
-0.1227413679651115
-0.12302155048878272
-0.12330173301245394
-0.12358191553612513
-0.12386209805979635
-0.12582340637773964
-0.12778471469568292
-0.12974602301362617
-0.13170733133156945
-0.13366863964951273
-0.13533409008685102
-0.13677985886872296
-0.13822562765059493
-0.13967139643246687
-0.1411171652143388
-0.1445541061395482
-0.14711690728734406
-0.1496797084351399
-0.15203020637721804
-0.15386900418061078
-0.15570780198400352
-0.15724666304389323
-0.15850780999109898
-0.15976895693830473
-0.16069349065423005
-0.1617987463621194
-0.16264170132474565
-0.16324610665342254
-0.16364712517878938
-0.16383991580463042
-0.16428384793579698
-0.16501435222668592
-0.16560922714842966
-0.1660322953434454
-0.1663478973202112
-0.16651921749245666
-0.16656165394514003
-0.1664495152262025
-0.16620125022112248
-0.16582183840622988
-0.1653017369578314
-0.16467166230125388
-0.16389359290754016
-0.163020867100513
-0.16201987671796086
-0.1609574222701334
-0.1569532923235773
-0.15161327659439744
-0.14630384885536923
-0.14100677568860298
-0.13576369547367476
-0.1305403738933835
-0.12537874044016933
-0.12023800656974963
-0.11518246316927605
-0.11012003084864976
-0.1051277485231964
-0.10015641056332593
-0.09526745689725268
-0.0904012480789549
-0.08562027413216955
-0.08086161409151174
-0.07619705210959454
-0.07155647119870001
-0.06701706025239061
-0.06251681653802146
-0.05809222299213103
-0.05368778407643507
-0.04936268581293771
-0.04506046233850559
-0.04083295139907857
-0.03662909435052881
-0.03250187351386676
-0.028401581143586048
-0.02437908886765304
-0.020387948411616348
-0.016449037507393984
-0.012533203776672634
-0.008670579195593041
-0.004834471591613002
-0.001046250955780427
0.002715042732458414
0.006427767395719687
0.01010970622754877
0.013752934475510273
0.01737077594817632
0.020959752312103442
0.024525724038672866
0.028061366677646887
0.03157013505887027
0.035051910962362674
0.03850722108466882
0.041933872914083584
0.0453296128335038
0.048712263200231955
0.05207929508508756
0.055430737287431454
0.05876227891307776
0.06207566381935245
0.06536417899379862
0.06863583680548295
0.07188299278461063
0.07511040739459826
0.07830775558562571
0.08149714681113224
0.084674749356178
0.08784076691124834
0.0909882707283305
0.09412027301706483
0.09722753797253098
0.10031877950213708
0.10338492408290102
0.10643044587770557
0.10944482015064225
0.11244932944884652
0.11543807856038443
0.11840741910668785
0.12135082597524871
0.12427231226095856
0.12716689661286318
0.13003701217096758
0.1328800246755218
0.13569062837495285
0.1384693958388199
0.1412279920565157
0.143968580658387
0.14666803779762666
0.14933738730927865
0.15196572654926807
0.1545689263189391
0.1571254666018152
0.1596586795244297
0.16213177203388343
0.16458117890341284
0.16698648275183867
0.1693733795821237
0.17168395005725134
0.17397856143710097
0.17619578094675792
0.17840282953248165
0.18052351421915067
0.1826384160490514
0.1846492654947935
0.18665460214161259
0.18858723623253137
0.1904413244385936
0.1921971771026065
0.1939421154693699
0.19559351067833747
0.19723358279137332
0.198776211013998
0.19994103197440008
0.1978610661274005
0.19576788491207872
0.19356150104279699
0.19156011873078513
0.18942287184856973
0.1872856249663543
0.18504897884242816
0.1827880428266003
0.18045734522234588
0.17807891929979744
0.17565835162640114
0.1731694515354911
0.17066757354544881
0.16849401550518814
0.16632045746492755
0.16409706010673664
0.161836803595945
0.1595765470851534
0.15834090287857383
0.15716122023518653
0.1559099517942126
0.15450315845333557
0.1530963651124585
0.15187452194565787
0.15056454930807806
0.14925457667049827
0.14789674355673202
0.14633636417751972
0.14477598479830744
0.14321560541909514
0.14139740723566202
0.139509310392957
0.13762121355025198
0.13630091846838016
0.13472311815457047
0.13314531784076092
0.1315675175269514
0.1299897172131417
0.12838001426550197
0.12643446921783533
0.12448892417016885
0.12254337912250236
0.12059783407483589
0.11960263707341817
0.1185620206681563
0.11731292173514585
0.11606382280213538
0.11481472386912495
0.11356562493611472
0.11231652600310424
0.11106742707009379
0.10981832813708334
0.10856922920407333
0.10835923969006078
0.10814925017604805
0.10793926066203553
0.107729271148023
0.10751928163401048
0.10730929211999794
0.10709930260598542
0.10688931309197289
0.10667932357796037
0.0
0.0
0.0
0.0
0.0
0.0
0.0
0.0
0.0
0.0
0.0
0.0
0.0
0.0
0.0
0.0
0.0
0.0
0.0
0.0
0.0
0.0
0.0
0.0
0.0
0.0
0.0
0.0
0.0
0.0
0.0
0.0
0.0
0.0
0.0
0.0
0.0
0.0
0.0
0.0
0.0
0.0
0.0
0.0
0.0
0.0
0.0
0.0
0.0
0.0
0.0
0.0
0.0
0.0
0.0
0.0
0.0
0.0
0.0
0.0
0.0
0.0
0.0
0.0
0.0
0.0
0.0
0.0
0.0
0.0
0.0
0.0
0.0
0.0
0.0
0.0
0.0
0.0
0.0
0.0
0.0
0.0
0.0
0.0
0.0
0.0
0.0
0.0
0.0
0.0
0.0
0.0
0.0
0.0
0.0
0.0
0.0
0.0
0.0
0.0
0.0
0.0
0.0
0.0
0.0
0.0
0.0
0.0
0.0
0.0
0.0
0.0
0.0
0.0
0.0
0.0
0.0
0.0
0.0
0.0
0.0
0.0
0.0
0.0
0.0
0.0
0.0
0.0
0.0
0.0
0.0
0.0
0.0
0.0
0.0
0.0
0.0
0.0
0.0
0.0
0.0
0.0
0.0
0.0
0.0
0.0
0.0
0.0
0.0
0.0
0.0
