0.0
0.002083345286794602
0.004166690573589204
0.006250035860383805
0.008333381147178407
0.01041672643397301
0.012500071720767609
0.014583417007562209
0.016666762294356808
0.018750107581151414
0.020833452867946013
0.03541681920762159
0.05000018554729718
0.06458355188697279
0.07916691822664838
0.09375028456632398
0.10833358535980836
0.12291695169948397
0.13750031803915955
0.15208368437883515
0.1666670507185108
0.20416703638829947
0.24166708445507676
0.27916713252185404
0.31666703217969433
0.35416708024647153
0.3916671283132489
0.42916707500439605
0.46666712307117325
0.5041671317292522
0.5416671797960297
0.6041202782121124
0.6665734123452246
0.729026361789767
0.7914794959228789
0.8539325308558682
0.9163855572740488
0.9788386914071606
1.0412916813646573
1.1037448154977694
1.166197943375873
1.251333002381685
1.3364680890212923
1.4216032376014447
1.5067384607509344
1.5918736745017075
1.6770088275783024
1.762143961794253
1.8472791071157137
1.9324142830706634
2.0175494995175076
2.1151433599407476
2.2127372170044133
2.310331068024402
2.407924916250084
2.5055187641783156
2.6031126146753514
2.700706466601144
2.798300321461792
2.89589417905787
2.9934880386563303
3.093317321874083
3.1931466044575663
3.2929758845743766
3.3928051602866525
3.4926344294974134
3.5924636877890856
3.692292937182612
3.7921221730608434
3.8919513929256073
3.9917805942354554
4.087931436765878
4.184082258367787
4.280233066747249
4.376383867824214
4.472534670344821
4.568685482976084
4.664836327858884
4.760987221191382
4.857138157218489
4.953289064770794
5.0403805349576345
5.127471784855658
5.214562850176466
5.301653815693765
5.388744793651441
5.475835934753538
5.562927431474414
5.650019014984888
5.737110195144518
5.824200957948432
5.898491803191286
5.972782966000974
6.047074804567037
6.121366062473032
6.195656597873566
6.269947547068019
6.344239385634082
6.4185305047470615
6.4928206841592475
6.567111405576562
6.626599240505079
6.68608559880018
6.745573433728695
6.805060990142252
6.864547318411897
6.924035153340408
6.983521261461385
7.043009096389898
7.102496926502293
7.16198281494013
7.2058307597748055
7.249677524916388
7.29352546975106
7.337373414585732
7.381221245392177
7.425069190226849
7.468915691748672
7.512763636583344
7.556609733373811
7.6004576782084845
7.6285415408403
7.656624569708679
7.684708432340489
7.7127922949722985
7.740875074433939
7.768958937065751
7.79704279969756
7.825126662329369
7.853209368678491
7.881293231310301
7.894299265255293
7.9073052992002815
7.9203113331452695
7.93331717083715
7.946323204782138
7.959329238727127
7.9723352726721135
7.985341306617102
7.99834734056209
8.01135337450708
8.013436729466521
8.01552008442596
8.017603439385399
8.019686794344839
8.021770149304277
8.023853504263716
8.025936859223156
8.028020214182595
8.030103569142033
8.03218445004223
8.03426769348511
8.03635093692799
8.038434180370869
8.040517423813748
8.042600667256627
8.044683910699506
8.046767154142385
8.048850397585264
8.050933641028143
8.053016884471022
8.067599816480065
8.082182748489107
8.09676568049815
8.111348612507191
8.125931544516233
8.140512943645327
8.15509587565437
8.169678807663411
8.184261739672452
8.198844671681496
8.23427742769459
8.269711315071255
8.305145202447921
8.34057610361166
8.376009990988326
8.411443878364993
8.446874357981882
8.482308245358547
8.517742132735215
8.55317373325318
8.601197182735305
8.649216566369219
8.697240015851344
8.74525967563178
8.793283125113906
8.84130308569428
8.889326535176405
8.937346809077026
8.98537025855915
9.033390980301904
9.083477848002309
9.133561952750497
9.183648820450902
9.233733175046707
9.283820042747113
9.333904689929135
9.383991557629539
9.434076514000159
9.484163381700563
9.53424873692565
9.584045739303958
9.633841408228747
9.683638410607056
9.733434304060165
9.783231306438473
9.833027391682593
9.882824394060902
9.932620639850622
9.982417642228931
10.032214072637231
10.082350433814494
10.132486289138127
10.182622650315388
10.232758611782893
10.282894972960156
10.33303101948639
10.383167380663652
10.433303495403822
10.483439856581082
10.533576052873626
10.583563494086896
10.633550787771261
10.683538228984531
10.733525558583938
10.783512999797209
10.833500360611463
10.883487801824732
10.933475189401157
10.983462630614428
11.033450051303504
11.083427587729986
11.133405109257849
11.18338264568433
11.233360177955603
11.283337714382085
11.333315250779515
11.383292787205997
11.433270320649981
11.483247857076464
11.53322537989977
11.583233557022204
11.633241703528604
11.683249880651038
11.733258002964568
11.783266180087002
11.83327427197759
11.883282449100024
11.933290505040553
11.983298682162989
12.033306726597479
12.083312017220413
12.13331710094508
12.183322391568014
12.233327426663676
12.283332717286612
12.333337700327714
12.38334299095065
12.43334791852394
12.483353209146877
12.53335812532395
12.583374942545616
12.633391273838695
12.68340809106036
12.733424353794828
12.783441171016493
12.833457359722958
12.883474176944622
12.933490285844965
12.983507103066628
13.033523193939692
13.083512480453335
13.133500883680213
13.183490170193856
13.233478480186422
13.283467766700065
13.333455982813911
13.383445269327554
13.433433395126702
13.483422681640345
13.533410813173237
13.583386421769138
13.633360724368565
13.683336332964467
13.733310596248455
13.783286204844355
13.833260465147614
13.883236073743515
13.933210380007429
13.98318598860333
14.03316047615542
14.083023955644787
14.132886418245203
14.18274989773457
14.2326126119956
14.282476091484968
14.332339156077605
14.38220258793514
14.432066067424508
14.48192902397019
14.531792503459558
14.579928906101916
14.62806610941552
14.67620249419384
14.724339697507444
14.772476058527436
14.820613261841041
14.868749596145724
14.916886799459329
14.965023152964578
15.013160356278181
15.056789792835199
15.100419332226474
15.144048871617752
15.187676974016268
15.231306513407546
15.274933807935632
15.318563347326908
15.362190646437544
15.40582018582882
15.449448450353456
15.486389824463794
15.52333119857413
15.560270537970796
15.597211912081134
15.63415328619147
15.67109424531432
15.708035619424656
15.744975144953512
15.781916519063849
15.818857893174185
15.847697841888568
15.876539434575243
15.905381027261917
15.934221608276873
15.963063200963548
15.991904793650223
16.0207463863369
16.049586822360872
16.078428415047547
16.107270007734222
16.12708740223974
16.146905154953547
16.16672290766735
16.18654066038115
16.206358413094957
16.22617578523173
16.245993537945537
16.26581129065934
16.285629043373145
16.30544679608695
16.31558409313863
16.325721029770968
16.335858326822645
16.345995623874323
16.356132920926
16.36627021797768
16.376407515029356
16.386544812081034
16.396682109132712
16.406819406184386
16.408523615534843
16.410227824885304
16.41193203423576
16.413636243586218
16.415340452936675
16.417044662287132
16.41874887163759
16.420453080988047
16.422157290338504
16.42386681152581
16.42464620701441
16.425425602503008
16.426204997991608
16.426984393480208
16.427763788968807
16.428543184457407
16.429322579946007
16.430101975434606
16.430881370923206
16.431660766411806
16.436013918504205
16.440367070596604
16.444720222689003
16.449073374781403
16.453426526873802
16.4577796789662
16.4621328310586
16.466485983151
16.4708391352434
16.475192287335798
16.482359692549757
16.489527097763716
16.496694502977675
16.503861908191634
16.511029313405594
16.518196581446027
16.525363986659986
16.532531391873945
16.539698797087905
16.546866202301864
16.555362645821578
16.563859089341292
16.572355532861007
16.58085197638072
16.589348419900436
16.59784486342015
16.606341306939864
16.614837249713755
16.62333369323347
16.631830136753184
16.640578163807525
16.649326190861867
16.65807421791621
16.66682224497055
16.675570272024892
16.684318299079234
16.693066326133575
16.701814353187917
16.710561903953888
16.71930993100823
16.727577073016516
16.7358442150248
16.744111357033088
16.752378499041374
16.76064564104966
16.768912783057946
16.777179925066232
16.785447067074518
16.793714209082804
16.801980887162312
16.809314059908836
16.81664723265536
16.823980405401883
16.831313578148407
16.83864675089493
16.845979923641455
16.85331309638798
16.860646269134502
16.867979441881026
16.87531261462755
16.881475507327973
16.887638400028397
16.893801051943296
16.89996394464372
16.906126837344143
16.912289730044566
16.91845262274499
16.924615515445414
16.930778408145837
16.93694130084626
16.941858411960773
16.946775523075285
16.951692634189797
16.95660974530431
16.96152685641882
16.966443967533333
16.971361078647845
16.976278189762358
16.98119530087687
16.986112411991382
16.98982167813577
16.99353096462417
16.997240251112572
17.000949537600974
17.004658824089375
17.008368110577777
17.01207739706618
17.01578668355458
17.019495970042982
17.023205256531384
17.025820101202523
17.028434945873663
17.031049790544802
17.033664635215942
17.03627947988708
17.03889432455822
17.04150916922936
17.0441240139005
17.04673885857164
17.04935370324278
17.051034006356716
17.05271430947065
17.054394612584588
17.056074915698524
17.05775521881246
17.059435521926396
17.061115825040332
17.062796128154268
17.064476431268204
17.06615673438214
17.06708833166192
17.068019928941702
17.068951526221483
17.069883123501263
17.070814720781044
17.071746318060825
17.072677915340606
17.073609512620386
17.074541109900167
17.075472707179948
17.075853939696863
17.076235172213778
17.076616404730693
17.076997637247608
17.077378869764523
17.077760102281438
17.078141334798353
17.078522567315268
17.078903799832183
17.079285032349098
17.07934296962963
17.07940090691016
17.07945884419069
17.07951678147122
17.07957471875175
17.07963265603228
17.07969059331281
17.079748530593342
17.079806467873873
17.079864405154403
