0
-0.04626312205578297
-0.005946350069641769
-0.08054646497235728
-0.10802469929678739
-0.06643618784233836
0.01262570835911792
0.09601212625872235
0.17091639722395152
0.20405480647243954
0.20660553070402005
0.20886841166125023
0.21080087294229494
0
-0.20763166713324097
-0.20638110721213618
-0.2067954512067276
-0.20736069934788903
-0.2058548311239114
-0.20449108936572524
-0.2031357433164165
-0.20148300292358717
-0.09451880513452869
0.10403207674014205
0.20202450034135105
0.2038700723684947
0.20556847025642477
0.20737506123147076
0.2095561255105369
0.2117901358777551
0.21521677039771048
0.22013511052877924
0.22551576385300887
0.22585421253918392
0.2147194940704002
0.20191324907230973
-0.6991676017998355
0
