0.0
0.5825520070644665
1.176948937175295
1.793726812870689
2.4419264655426773
3.132186874493604
3.8099664499397408
4.477158111689049
5.148984493437094
5.811573418779806
6.390380033657644
6.901379874728631
7.340550503956836
7.753795683296227
8.035821583828731
8.350600962766793
8.662481476513925
8.980411271669425
9.296520752191201
9.611280086675068
9.934108980843646
10.25073962775253
10.575477445347516
10.902000379439517
11.237199104278318
11.566662062159661
11.904740946798764
12.236073682943983
12.569564733266747
12.911956933625046
13.248139924985116
13.60899567389258
13.98910091800436
14.380312213150793
14.832459651416109
15.034461014533399
15.163572885885262
15.449941623784978
