1.9977291548189253
-0.0026191572829807885
0.004806850981475597
-0.0048068509814749305
8.881784197001252e-16
-1.995109997535946
-1.9967389343570086
-6.661338147750939e-16
2.220446049250313e-16
-2.4687910826770576e-08
-1.5483170720420603e-05
1.5507858631913507e-05
-1.5543122344752192e-15
2.220446049250313e-16
4.440892098500626e-16
2.6645352591003757e-15
-2.6645352591003757e-15
-1.3322676295501878e-15
-0.0005805860637306814
1.9973195204207412
1.384664790637488
-1.384664790637488
0.0
