0.0
-0.03957370045131725
-0.0791474009026345
-0.11872110135395175
-0.0791474009026345
-0.03957370045131725
0.0
0.03957370045131725
0.0791474009026345
0.11872110135395175
0.13714854235533158
0.1555759833567114
0.17400342435809124
0.2135771248094085
0.25315082526072574
0.292724525712043
0.33229822616336024
0.3718719266146775
0.41144562706599475
0.451019327517312
0.49059302796862925
0.5301667284199465
0.5697404288712642
0.6093141293225814
0.6488878297738987
0.688461530225216
0.7280352306765332
0.7676089311278504
0.8071826315791677
0.846756332030485
0.8863300324818022
0.8486461636703071
0.8090724632189898
0.7694987627676726
0.7299250623163553
0.6903513618650381
0.6507776614137208
0.6112039609624036
0.5716302605110863
0.5320565600597691
0.49248285960845184
0.4529091591571346
0.41333545870581734
0.3737617582545001
0.33418805780318284
0.2946143573518656
0.25504065690054833
0.21546695644923108
0.17589325599791383
0.14201022225604998
0.10243652180473228
0.06286282135341503
0.023289120902097782
0.0
