0.0
0.3998434126605223
0.39984341266052226
0.3998434126605218
0.39984341266052187
0.39984341266052226
0.39984341266052237
0.3998434126605223
0.39984341266052226
0.3998434126605218
0.3999660439027048
0.3999660439027049
0.3999660439027046
0.39984341266052215
0.3998434126605218
0.0
-0.39989560299053295
-0.39989560299053295
-0.3998956029905333
-0.399895602990533
-0.3998956029905334
-0.39989560299053384
-0.39989560299053306
-0.399895602990533
-0.39989560299053245
-0.3998956029905326
-0.39989560299053256
-0.39989560299053334
-0.3998956029905336
-0.3998956029905324
-0.3999027279840399
-0.3998957772564965
-0.39989560299053334
-0.3998956029905337
-0.3998956029905334
-0.39989560299053295
-0.3998956029905333
-0.3998956029905338
-0.39989560299053245
-0.39989560299053145
-0.39989560299053384
-0.3998956029905338
-0.3998956029905326
-0.3998956029905332
-0.39989560299053306
-0.3998956029905324
-0.39989560299053184
-0.3998956029905328
-0.39989710541734275
0.0
0.3998956029905326
0.39989560299053273
0.31763715286993705
0.0
