4.0
4.2
4.399843412660522
4.599217308498559
4.797809493235002
4.997183389073038
5.197026801733561
5.397026801733561
5.596870214394083
5.796244110232119
5.994836294968563
6.192958269234115
6.39054275853843
6.58752267090008
6.782978465277459
6.976604082642295
6.786303610814903
6.598584719987909
6.413741354178158
6.2320629546943715
6.05383400690871
5.879333594788689
5.7088349638870275
5.5426050934737
5.380904278480205
5.2239857219106565
5.072095138357932
4.925470369245737
4.784341010399038
4.648928052526077
4.519443535174896
4.390243777731822
4.255109182260865
4.114247853708107
3.9678803630802832
3.8162359033368287
3.659551930502722
3.498073791842412
3.3320543416770656
3.161753545446716
2.987438072637287
2.8093808792099484
2.6278607801866425
2.4431620130610447
2.255573792718647
2.065389858562858
1.8729080145562875
1.678429662897443
1.4822593320630482
1.2847098756140873
1.4832049260540092
1.6825092121507783
1.882310648625328
1.9999999999999991
