2.0
2.0
1.992087325597727
1.9762743670395089
1.9525858854164448
1.9367729268582268
1.9288602524559537
1.9288602524559537
1.9367729268582268
1.9525858854164448
1.9762743670395089
2.0036181654793737
2.034607995849237
2.069233335212147
2.1116247546777402
2.1617158746501084
2.1002300190770526
2.03126337467585
1.9549239344800955
1.8713312363881651
1.7806161759819976
1.6829208015611896
1.5783980917133404
1.4672117157689513
1.3495357775159746
1.225554542575328
1.0954621498642563
0.9594623075993702
0.8177679743153652
0.6706010253989236
0.5181919056599451
0.3655412040069532
0.21811861035123314
0.07615781952633416
-0.060118875842290365
-0.19049808370303234
-0.3147756467230707
-0.4327569619729039
-0.5442572856499006
-0.6491020223637061
-0.7471269985305167
-0.8381787194481283
-0.9221146096492081
-0.9988032361564225
-1.0681245142898415
-1.1299698957043427
-1.1842425383625805
-1.2308574581773501
-1.2697416620859152
-1.3008747824232163
-1.2764925150116038
-1.259982470894884
-1.2513705027118838
-1.2499999999999982
