1.9992297255709097
-1.9992297255709097
-1.9967389343570092
1.3322676295501878e-15
-1.1102230246251565e-15
-1.1102230246251565e-15
1.5543122344752192e-15
1.3322676295501878e-15
-6.661338147750939e-16
-1.1102230246251565e-15
-0.0005844357297948299
0.0005412009623071423
4.3234767488353754e-05
2.220446049250313e-16
-1.9984014443252818e-15
-1.3322676295501878e-15
4.6629367034256575e-15
8.881784197001252e-16
-0.000373464059519657
1.9971123984165255
1.1824581163447416
-1.1824581163447416
0.0
