0.0
0.03957370045131725
0.0791474009026345
0.11872110135395175
0.158294801805269
0.19786850225658625
0.2374422027079035
0.27701590315922076
0.316589603610538
0.35616330406185526
0.3957370045131725
0.43531070496448976
0.474884405415807
0.5144581058671243
0.5540318063184415
0.5936055067697588
0.633179207221076
0.6727529076723933
0.7123266081237105
0.7519003085750278
0.791474009026345
0.8310477094776623
0.8706214099289795
0.9101951103802968
0.949768810831614
0.9545745338813569
0.9150008334300397
0.8754271329787224
0.8358534325274052
0.7962797320760875
0.7567060316247702
0.717132331173453
0.6775586307221357
0.6379849302708185
0.5984112298195012
0.558837529368184
0.5192638289168667
0.4796901284655495
0.44011642801423223
0.400542727562915
0.36096902711159773
0.3213953266602805
0.2818216262089632
0.24224792575764598
0.20267422530632873
0.16310052485501148
0.12352682440369422
0.1463242509160927
0.10675055046477544
0.06717685001345819
0.02760314956214094
0.0
