0.0
0.3998434126605214
0.39984341266052226
0.0
-0.3998434126605234
-0.39984341266052337
-0.39984341266052226
-0.3998434126605212
-0.39984341266052176
-0.3998434126605225
-0.39984341266052237
-0.39984341266052187
-0.39979121415578805
-0.39989560299053295
-0.3998956029905334
-0.3998956029905333
-0.39989560299053295
-0.39989560299053356
-0.3998956029905334
-0.3998956029905326
-0.39989560299053284
-0.3998956029905329
-0.3998956029905326
-0.39989560299053306
-0.39992948953454666
-0.39993885799802054
-0.3998956029905333
-0.3998956029905334
-0.3998956029905334
-0.39989560299053284
-0.3998956029905322
-0.39989560299053406
-0.39989560299053384
-0.39989560299053123
-0.3998956029905324
-0.39989560299053284
-0.39989560299053306
-0.3998956029905337
-0.3998956029905321
-0.3998956029905334
-0.39989560299053317
-0.3998956029905329
-0.3998956029905332
-0.3998956029905332
-0.3998956029905334
-0.39989560299053184
-0.3999368275238201
0.0
0.3998956029905336
0.3998956029905325
0.33943258095827894
0.0
