8.0
8.2
8.399843412660521
8.599217308498558
8.400625123762113
8.203125620345752
8.007028057467355
7.812639499083418
7.620264333065762
7.430203794568671
7.242755494332775
7.058212952664312
6.876865139819485
6.70085166054229
6.528732225127644
6.360776350820187
6.197247035254994
6.038400344636577
5.8844850127716235
5.73574205158335
5.592404373717343
5.454696427829841
5.32283384712956
5.197023111723388
5.077461225294671
4.963073908167333
4.844283811455433
4.719221602456142
4.588083112755226
4.451073688624738
4.30840786947676
4.160309051921839
4.007009139958182
3.848748181839359
3.6857739941891197
3.5183417739519385
3.3467136987869184
3.171158516530754
2.9919511243726595
2.809372138400162
2.6237074541898417
2.435247799131056
2.2442882771836485
2.0511279067825194
1.856069152612604
1.659417451987478
1.461480736573189
1.2631335706633227
1.4615215885518271
1.6607527954584835
1.8605152205369837
1.9999999999999973
