3.0
3.0
3.0079126744022733
3.0237256329604913
3.0000371513374273
2.9685102398126535
2.9291942655381464
2.8821507923520127
2.8274534843773123
2.7651879906733687
2.6954518111201864
2.6183541437459814
2.5340157137368946
2.439073441139199
2.3372418155711947
2.2286802924661075
2.1135588654246638
1.992057800026637
1.864367351557771
1.7306874670940924
1.5912274724100997
1.4462057442011043
1.2958493681329752
1.1403937832547322
0.980082413330807
0.8160271725945158
0.6551430747586633
0.4990846757745122
0.3480963433370641
0.20241450605900457
0.06226728325343167
-0.07212587227211209
-0.2005545178509478
-0.3228175504838364
-0.4387235217408114
-0.5480909375451866
-0.6507485423702972
-0.7465355874039759
-0.8353020822608395
-0.9169090298482425
-0.9912286440181308
-1.0581445496639632
-1.117551964949402
-1.169357865383399
-1.2134811294847716
-1.2498526658081723
-1.2784155211325459
-1.3040071097769732
-1.2787687585719287
-1.2613990663525465
-1.2519252318577463
-1.2500000000000009
