0.7996868253210437
-1.1102230246251565e-16
0.0
0.00024526248436518294
2.220446049250313e-16
2.220446049250313e-16
-0.0002452624843649609
-6.661338147750939e-16
3.3306690738754696e-16
1.1102230246251565e-15
-7.771561172376096e-16
-1.2212453270876722e-15
0.0002452624843664042
8.881784197001252e-16
-4.440892098500626e-16
-0.0002452624843659601
-5.551115123125783e-16
3.3306690738754696e-16
4.440892098500626e-16
1.1102230246251565e-16
-0.7996868253210443
-0.7997912059810658
-5.551115123125783e-16
0.0
-4.440892098500626e-16
2.220446049250313e-16
1.1102230246251565e-16
5.551115123125783e-16
6.661338147750939e-16
5.551115123125783e-16
-1.5279989846961328e-05
-5.84843343827135e-05
7.376432422689927e-05
1.9984014443252818e-15
6.661338147750939e-16
-3.4416913763379853e-15
1.2212453270876722e-15
2.220446049250313e-15
-7.771561172376096e-16
-1.6653345369377348e-15
3.4416913763379853e-15
-2.220446049250313e-16
-4.218847493575595e-15
9.992007221626409e-16
3.4416913763379853e-15
-2.1094237467877974e-15
1.1102230246251565e-16
7.771561172376096e-16
-3.1086244689504383e-15
3.552713678800501e-15
-1.3322676295501878e-15
-2.220446049250313e-16
4.440892098500626e-16
-1.1102230246251565e-15
3.219646771412954e-15
-2.1094237467877974e-15
-4.551914400963142e-15
-1.1298985347352186e-07
0.7997913189709237
0.7997912059810655
7.771561172376096e-16
-0.21978231328668563
-0.5800088926943806
0.0
