0.0
0.03957370045131725
0.0791474009026345
0.11872110135395175
0.13714854235533158
0.1555759833567114
0.17400342435809124
0.2135771248094085
0.25315082526072574
0.292724525712043
0.33229822616336024
0.3718719266146775
0.41144562706599475
0.4298730680673746
0.4483005090687544
0.46672795007013423
0.5063016505214515
0.5458753509727687
0.585449051424086
0.6250227518754032
0.6645964523267205
0.7041701527780377
0.743743853229355
0.7833175536806722
0.8228912541319895
0.8624649545833067
0.902038655034624
0.9416123554859412
0.9811860559372585
1.0207597563885757
1.060333456839893
1.0999071572912102
1.1258982121320917
1.0863245116807745
1.0467508112294572
1.00717711077814
0.9676034103268227
0.9280297098755055
0.8884560094241882
0.8488823089728705
0.8093086085215533
0.769734908070236
0.7301612076189188
0.6905875071676015
0.6510138067162843
0.611440106264967
0.5718664058136498
0.5322927053623325
0.4927190049110153
0.45314530445969803
0.4135716040083808
0.3739979035570635
0.3344242031057463
0.294850502654429
0.2552768022031118
0.21570310175179452
0.17612940130047727
0.13655570084916002
0.09698200039784277
0.13654141795497665
0.0969677175036594
0.05739401705234215
0.0178203166010249
0.0
