0.0
0.39984341266052187
0.3998434126605218
0.3998434126605218
0.3999660439027044
0.3999660439027045
0.3999660439027046
0.39984341266052215
0.3998434126605218
0.399843412660522
0.39984341266052253
0.39984341266052215
0.39984341266052154
0.39996604390270474
0.3999660439027052
0.39996604390270496
0.399843412660522
0.3998434126605217
0.39984341266052187
0.3998434126605221
0.39984341266052215
0.0
-0.3998956029905329
-0.39989560299053317
-0.39989560299053317
-0.3998956029905334
-0.3998956029905333
-0.3998956029905332
-0.39989560299053295
-0.3998956029905326
-0.39989560299053234
-0.3999032429854558
-0.3999324851526472
-0.3998956029905337
-0.39989560299053273
-0.3998956029905324
-0.3998956029905341
-0.3998956029905335
-0.3998956029905324
-0.3998956029905328
-0.3998956029905336
-0.3998956029905319
-0.399895602990532
-0.3998956029905341
-0.3998956029905336
-0.3998956029905319
-0.39989560299053295
-0.3998956029905329
-0.3998956029905325
-0.39989560299053406
-0.3998956029905323
-0.39989560299053295
-0.39989560299053306
-0.39989560299053284
-0.3998956029905334
-0.3998956029905318
-0.39989560299053284
-0.3998956029905351
-0.39989565948546185
0.0
0.39989560299053273
0.3998956029905331
0.2900044463471903
0.0
