3.0
3.2
3.399843412660522
3.599217308498558
3.7978094932350017
3.9959314675005535
4.193515956804869
4.390495869166519
4.585951663543898
4.779577280908733
4.971069528058247
5.160128552377319
5.346458311369726
5.529767036223204
5.7115707675369745
5.8918077718591455
6.070416847737167
6.2453256447363055
6.416260277824826
6.582953085008528
6.745143046455542
6.902576193220337
6.752747837854448
6.608277441322953
6.469391225976113
6.336306670043443
6.2092321670903345
6.088366699700117
5.973899527892524
5.866009892766464
5.7648667358311565
5.670628434465108
5.583231474477673
5.49360908409192
5.396983687446754
5.293506587680046
5.183339816829284
5.066655882109936
4.943637495790977
4.814477289090613
4.679377510540179
4.538549709288549
4.39221440384295
4.240600736764894
4.083946115861945
3.9224958424371454
3.7565027271782307
3.5862266942881007
3.411934374476429
3.2338986874497215
3.052398414553616
2.8677177622365875
2.680145917018627
2.489976592661775
2.2975075702515424
2.1030402319094437
1.9068790888667415
1.7093313046384155
1.5107062140439869
1.3120807907145604
1.5107062140689438
1.7100978095449486
1.9099433551480764
2.0
