2.0
2.0
2.0079126744022733
2.0237256329604913
2.0474141145835554
2.0747579130234204
2.105747743393284
2.1403730827561938
2.182764502221787
2.232855622194155
2.290568006321219
2.3558112843161245
2.428483293465671
2.5084702386041857
2.59182132306258
2.678508244065519
2.768501566117764
2.8654908064092224
2.969324092068942
3.0798388333174156
3.1968619780615906
3.3202102828725386
3.1877480469649733
3.0494618056417266
2.9055680976489513
2.7562922423156695
2.601867986732231
2.442537139731962
2.27854919324915
2.1101609316462566
1.937636029622119
1.7612446393307546
1.58136185169505
1.4025809602250094
1.227485806847072
1.0563505684034689
0.8894432210109864
0.7270251204443015
0.5693505928859222
0.41666653668358755
0.2692120357387111
0.1272179851312636
-0.009093270432690037
-0.1395082847846547
-0.26382284452337723
-0.38184228878717663
-0.4933818140682136
-0.5982667635913859
-0.6963329008047192
-0.7874266665530247
-0.8714054195320862
-0.9481376596468842
-1.017503233924105
-1.0793935246564712
-1.1337116194843317
-1.1803724631481383
-1.2193029906742203
-1.2504422417852807
-1.2737414563564715
-1.2970378342406703
-1.2737414566130085
-1.2583216100893906
-1.250802440197242
-1.2499999999999978
