0.7996868253210446
-1.1102230246251565e-16
-8.881784197001252e-16
0.0002452624843660711
2.220446049250313e-16
-6.661338147750939e-16
-0.0002452624843649609
-6.661338147750939e-16
3.3306690738754696e-16
1.1102230246251565e-15
-7.771561172376096e-16
3.3306690738754696e-16
0.00024526248436662623
-8.881784197001252e-16
-4.440892098500626e-16
-0.0002452624843659601
-5.551115123125783e-16
-0.7996868253210434
-0.7997912059810661
8.881784197001252e-16
-8.881784197001252e-16
-9.992007221626409e-16
1.1102230246251565e-16
1.1102230246251565e-15
8.881784197001252e-16
-7.771561172376096e-16
-9.992007221626409e-16
8.881784197001252e-16
6.661338147750939e-16
-1.887379141862766e-15
-3.3306690738754696e-16
-5.039551337682191e-05
-4.2175115054665646e-05
9.257062843415209e-05
-5.551115123125783e-16
-1.6653345369377348e-15
3.3306690738754696e-16
1.4432899320127035e-15
-4.440892098500626e-16
-1.887379141862766e-15
3.9968028886505635e-15
-1.5543122344752192e-15
-2.7755575615628914e-15
1.6653345369377348e-15
-3.3306690738754696e-16
1.9984014443252818e-15
6.661338147750939e-16
-3.774758283725532e-15
-1.2212453270876722e-15
4.3298697960381105e-15
-2.220446049250313e-16
-2.886579864025407e-15
3.9968028886505635e-15
1.2212453270876722e-15
-3.885780586188048e-15
2.220446049250313e-16
-3.3306690738754696e-16
-2.6645352591003757e-15
-9.104096833822961e-05
0.7998822469494073
0.7997912059810655
-1.4432899320127035e-15
-0.27456897055377594
-0.5252222354272881
0.0
