0.0
0.03957370045131725
0.0791474009026345
0.11872110135395175
0.13714854235533158
0.1555759833567114
0.17400342435809124
0.2135771248094085
0.25315082526072574
0.292724525712043
0.33229822616336024
0.3718719266146775
0.41144562706599475
0.4298730680673746
0.4483005090687544
0.46672795007013423
0.5063016505214515
0.5458753509727687
0.585449051424086
0.6250227518754032
0.6645964523267205
0.7041701527780377
0.743743853229355
0.7833175536806722
0.8228912541319895
0.8624649545833067
0.902038655034624
0.9416123554859412
0.9811860559372585
1.0207597563885757
1.060333456839893
1.0999071572912102
1.1394808577425275
1.151154432461011
1.1115807320096938
1.0720070315583765
1.0324333311070593
0.992859630655742
0.9532859302044248
0.9137122297531075
0.8741385293017903
0.8345648288504726
0.7949911283991553
0.7554174279478381
0.7158437274965208
0.6762700270452036
0.6366963265938863
0.5971226261425691
0.5575489256912518
0.5179752252399346
0.4784015247886173
0.43882782433730005
0.3992541238859828
0.35968042343466555
0.3201067229833483
0.28053302253203105
0.2409593220807138
0.20138562162939655
0.1618119211780793
0.12223822072676205
0.13112051560370697
0.09154681515238972
0.051973114701072465
0.012399414249755214
0.0
