0.0
0.3998434126605223
0.39984341266052226
0.3998434126605218
0.39996604390270485
0.39996604390270496
0.3999660439027046
0.39984341266052215
0.3998434126605218
0.399843412660522
0.39984341266052253
0.39984341266052215
0.3998434126605223
0.3999660439027056
0.3999660439027052
0.39996604390270496
0.399843412660522
0.3998434126605217
0.0
-0.39989560299053306
-0.3998956029905326
-0.39989560299053306
-0.39989560299053356
-0.3998956029905335
-0.39989560299053295
-0.3998956029905325
-0.3998956029905329
-0.3998956029905334
-0.39989560299053295
-0.3998956029905326
-0.39989560299053356
-0.3998956029905337
-0.39992080074722214
-0.39994188830474947
-0.3998956029905324
-0.3998956029905327
-0.3998956029905335
-0.39989560299053334
-0.3998956029905326
-0.39989560299053284
-0.3998956029905338
-0.3998956029905318
-0.39989560299053256
-0.39989560299053395
-0.3998956029905331
-0.3998956029905333
-0.3998956029905323
-0.39989560299053195
-0.39989560299053384
-0.39989560299053445
-0.3998956029905323
-0.3998956029905324
-0.39989560299053384
-0.39989560299053184
-0.39989560299053123
-0.39989560299053317
-0.39989560299053306
-0.3998956029905332
-0.39989560299053456
-0.3999411234747037
0.0
0.39989560299053273
0.399895602990532
0.26261111771364404
0.0
