4.0
4.2
4.399843412660522
4.599217308498559
4.797809493235002
4.995931467500554
5.19351595680487
5.39049586916652
5.585951663543899
5.779577280908734
5.971069528058248
6.16012855237732
6.346458311369727
6.529767036223205
6.711570767536976
6.891807771859147
7.070416847737169
7.245325644736307
7.416260277824827
7.2517974294816945
7.091965015665503
6.937013313700671
6.787184958334781
6.6427145618032855
6.503828346456446
6.370743790523777
6.243669287570668
6.122803820180451
6.008336648372857
5.900447013246798
5.799303856311489
5.705065554945441
5.617879674397531
5.536979079776103
5.4519001214503655
5.359727312356412
5.2606049834437245
5.1546883477299765
5.042143257257097
4.923145943387971
4.7978827408504365
4.666549795960692
4.529352759482999
4.3865064646066205
4.238234590544247
4.084769312278666
3.926350937006138
3.763227527845747
3.595654515403962
3.4238942978026485
3.248215829796832
3.068894201625599
2.8862102082556103
2.700449909691737
2.511904183043309
2.3208682670473815
2.127641299762262
1.9325258501551765
1.7358274443175752
1.537854087049955
1.3392322674470085
1.53798105915683
1.7374533140340027
1.9373366837816173
1.9999999999999956
