3.0
3.0
3.0079126744022733
3.0237256329604913
3.0474141145835554
3.0747579130234204
3.105747743393284
3.1403730827561938
3.182764502221787
3.232855622194155
3.290568006321219
3.3558112843161245
3.428483293465671
3.5084702386041857
3.59182132306258
3.678508244065519
3.768501566117764
3.8654908064092224
3.969324092068942
3.855540299162648
3.7353388869123405
3.6089080755114775
3.476445839603912
3.3381595982806656
3.1942658902878898
3.044990034954608
2.89056577937117
2.731234932370901
2.5672469858880893
2.3988587242851955
2.2263338222610582
2.0499424319696926
1.8699607599962267
1.6870587724489265
1.5060716158231422
1.3285921711626179
1.1548983488078668
0.985262131294153
0.8199491474612728
0.659218256512422
0.5033211426734563
0.35250192108726
0.20699675556033847
0.06703348876018911
-0.06716871455745466
-0.1953997107328984
-0.3174587062608447
-0.4331545722076031
-0.5423061434947991
-0.644742502580959
-0.7403032470967288
-0.8288387410146845
-0.9102103489604092
-0.9842906532979292
-1.0509636536496032
-1.110124948538032
-1.1616818988655497
-1.2055537729753212
-1.241671873066898
-1.2699796427682788
-1.2933822751816875
-1.271162963599986
-1.256824220715937
-1.2503884991855383
-1.2499999999999991
