1.999229725570908
0.0006871229465119644
6.661338147750939e-16
2.220446049250313e-16
-6.661338147750939e-16
2.220446049250313e-16
-0.0048068509814749305
-4.440892098500626e-16
0.0048068509814749305
2.220446049250313e-16
0.0
2.220446049250313e-16
0.0
0.0
-0.0048068509814747085
0.004119728034962078
-0.0015005707519823996
-0.0026191572829805665
2.220446049250313e-16
4.440892098500626e-16
-1.9951099975359454
-1.9967389343570092
8.881784197001252e-16
-1.3322676295501878e-15
-0.0005794671563232878
-0.0008493646747369521
0.0014288318310620163
-8.881784197001252e-16
-2.220446049250313e-16
2.220446049250313e-16
6.661338147750939e-16
-7.05793028381585e-05
1.9968095136598463
1.4107582013637827
-1.4107582013637827
0.0
