0.0
-0.03957370045131725
-0.0791474009026345
-0.11872110135395175
-0.158294801805269
-0.19786850225658625
-0.2374422027079035
-0.27701590315922076
-0.316589603610538
-0.35616330406185526
-0.3745907450632351
-0.3930181860646149
-0.41144562706599475
-0.3718719266146775
-0.33229822616336024
-0.292724525712043
-0.33229822616336024
-0.3718719266146775
-0.41144562706599475
-0.3718719266146775
-0.33229822616336024
-0.292724525712043
-0.292724525712043
-0.292724525712043
-0.292724525712043
-0.27429708471066316
-0.25586964370928333
-0.2374422027079035
-0.19786850225658625
-0.158294801805269
-0.11872110135395175
-0.0791474009026345
-0.03957370045131725
0.0
0.03957370045131725
0.0791474009026345
0.11872110135395175
0.10029366035257192
0.0818662193511921
0.06343877834981226
0.10301247880112951
0.14258617925244677
0.18215987970376402
0.22173358015508127
0.2613072806063985
0.30088098105771577
0.2613072806063985
0.22173358015508127
0.18215987970376402
0.18215987970376402
0.18215987970376402
0.18215987970376402
0.22173358015508127
0.2613072806063985
0.30088098105771577
0.340454681509033
0.38002838196035027
0.4196020824116675
0.45917578286298477
0.498749483314302
0.5383231837656193
0.577896884216937
0.6174705846682542
0.6570442851195715
0.6966179855708887
0.736191686022206
0.7757653864735232
0.794258667729439
0.7546849672781217
0.7151112668268045
0.6755375663754872
0.63596386592417
0.5963901654728527
0.5568164650215355
0.5172427645702182
0.477669064118901
0.4380953636675837
0.3985216632162665
0.3589479627649492
0.319374262313632
0.2798005618623147
0.24022686141099747
0.20065316095968022
0.16107946050836297
0.13765639767959215
0.0980826972282749
0.058508996776957645
0.018935296325640394
0.0
