0.0
0.999614862785454
0.99995842425871
0.9999584242587103
0.9999584242587104
0.9999584242587101
0.9999584242587102
0.9975549987679727
0.9975549987679725
0.99995842425871
0.9999584242587101
0.9999584242587101
0.9999584242587102
0.9999584242587102
0.9999584242587102
0.9975549987679728
0.9996148627854539
0.9988645774094627
0.9975549987679724
0.9975549987679725
0.9975549987679727
0.0
-0.9983694671785046
-0.9983694671785042
-0.9983694671785048
-0.9986592007566665
-0.999083883094035
-0.9983694671785039
-0.9983694671785044
-0.9983694671785045
-0.9983694671785044
-0.998369467178504
-0.9984047568299231
0.0
0.7053791006818914
0.0
