-4.0
-3.5
-3.000385137214546
-2.5005587921962644
-2.00094392941081
-1.5011175843925284
-1.0015027216070742
-0.5016763765887926
-0.005595682731160678
0.48188768833515383
0.9678968532655255
1.4553802243318401
1.9413893892622118
2.4288727603285265
2.914881925258898
3.402365296325213
3.8984459901828448
4.396596483790503
4.896509684593111
5.39489849746308
5.886888677354428
6.367668557883235
5.91265917825873
5.480300172890048
5.074820014980405
4.70018430247241
4.356980172830667
3.996505791369722
3.603598950143919
3.1821022799967347
2.73613802043939
2.2700677041281176
1.788449501053286
1.2960448319399402
1.7938056329073602
1.9999999999999991
