2.5
2.5
2.4920873255977267
2.4762743670395087
2.4525858854164446
2.421058973891671
2.3817429996171637
2.33469952643103
2.2800022184563296
2.217736724752386
2.1480005451992037
2.074822208482145
1.9982265631084248
1.9182396179699102
1.8455676088203639
1.7803243308254584
1.7226119466983945
1.657368668703489
1.5846966595539427
1.504709714415428
1.4320377052658817
1.3667944272709764
1.3090820431439125
1.2513696590168486
1.1936572748897847
1.1359448907627208
1.0817708174544671
1.0311534503660649
0.984109977179931
0.944794002905424
0.9132670913806503
0.8895786097575863
0.8737656511993681
0.8658529767970949
0.8658529767970949
0.8737656511993681
0.8895786097575863
0.9132670913806503
0.9332922125030457
0.9496471733751607
0.9623264204905689
0.9828924981051551
1.0113132023451474
1.0475440299859158
1.0915282481383863
1.143196983085564
1.2024693281300527
1.2541380630772303
1.2981222812297009
1.3343531088704692
1.3705839365112376
1.406814764152006
1.4430455917927743
1.4870298099452448
1.5386985448924224
1.4756625744759693
1.4051671203867433
1.327322569580756
1.2422508167690434
1.1500850735459804
1.0509696597967901
0.9450597777108759
0.8325212687548404
0.7135303539857456
0.5882733581112503
0.4569464177287035
0.31975517420006927
0.17730368635864124
0.03744508638699817
-0.09664847762453377
-0.22476703213165683
-0.3467099596984906
-0.46228631313907664
-0.5713151145164961
-0.6736256385314072
-0.7690576798562483
-0.8574618039965007
-0.938699581286182
-1.012643803651185
-1.0791786838010093
-1.1382000365370044
-1.1896154418931952
-1.233344389854254
-1.2693184064239866
-1.2978079622429215
-1.274290135822104
-1.2586479813431555
-1.2509059924396122
-1.2499999999999978
