1.999229725570908
0.0006871229465128526
-0.004806850981475375
2.220446049250313e-16
-1.9951099975359456
-1.9967389343570092
4.440892098500626e-16
4.440892098500626e-16
-6.661338147750939e-16
1.3322676295501878e-15
-0.0005620526061631548
-0.0008613559420718175
0.0014234085482340841
-8.881784197001252e-16
-1.3322676295501878e-15
1.1102230246251565e-15
1.3322676295501878e-15
2.4424906541753444e-15
-0.00013919389582217612
1.996878128252828
1.4210655400212762
-1.4210655400212762
0.0
