0.0
0.03957370045131725
0.0791474009026345
0.11872110135395175
0.13714854235533158
0.1555759833567114
0.17400342435809124
0.2135771248094085
0.25315082526072574
0.292724525712043
0.33229822616336024
0.3718719266146775
0.41144562706599475
0.451019327517312
0.49059302796862925
0.5301667284199465
0.5697404288712637
0.609314129322581
0.6488878297738983
0.688461530225216
0.7280352306765332
0.7676089311278504
0.8071826315791677
0.846756332030485
0.8863300324818022
0.9259037329331194
0.9654774333844367
0.9995096599707942
0.959935959519477
0.9203622590681597
0.8807885586168425
0.8412148581655252
0.801641157714208
0.7620674572628907
0.7224937568115735
0.6829200563602562
0.643346355908939
0.6037726554576217
0.5641989550063045
0.5246252545549872
0.48505155410366996
0.4454778536523527
0.40590415320103546
0.3663304527497182
0.32675675229840095
0.2871830518470837
0.24760935139576645
0.2080356509444492
0.16846195049313195
0.1288882500418147
0.13875077668411606
0.09917707623279881
0.05960337578148156
0.02002967533016431
0.0
