0.0
0.3998434126605223
0.39984341266052226
0.3998434126605218
0.39996604390270485
0.39996604390270496
0.3999660439027046
0.39984341266052215
0.3998434126605218
0.399843412660522
0.39984341266052253
0.39984341266052215
0.0
-0.39989560299053317
-0.39989560299053317
-0.39989560299053284
-0.3998956029905333
-0.3998956029905333
-0.3998956029905332
-0.39989560299053317
-0.39989560299053284
-0.3998956029905325
-0.39989560299053295
-0.39989560299053317
-0.3998956029905336
-0.3998956029905337
-0.39989703056374754
-0.39991456719520724
-0.3998956029905334
-0.39989560299053317
-0.3998956029905326
-0.3998956029905329
-0.39989560299053406
-0.3998956029905329
-0.399895602990532
-0.399895602990533
-0.3998956029905334
-0.39989560299053406
-0.39989560299053306
-0.39989560299053123
-0.3998956029905325
-0.39989560299053406
-0.39989560299053345
-0.3998956029905332
-0.39989560299053295
-0.3998956029905328
-0.3998956029905322
-0.39989560299053184
-0.39989560299053395
-0.3999414705578688
0.0
0.3998956029905324
0.3998956029905339
0.30116823754954863
0.0
