5.0
5.2
5.399843412660522
5.599217308498559
5.797809493235002
5.995931467500554
6.19351595680487
6.39049586916652
6.585951663543899
6.779577280908734
6.971069528058248
7.16012855237732
7.346458311369727
7.164779911885941
6.986550964100279
6.812050551980259
6.641551921078597
6.47532205066527
6.313621235671775
6.156702679102225
6.004812095549501
5.858187326437306
5.717057967590607
5.581645009717646
5.452160492366465
5.32880717189782
5.211778203994391
5.101224145769891
4.98978087190844
4.871855046490783
4.747631326429497
4.617304230342828
4.481077833963157
4.339165450580241
4.1917892970196124
4.039180145679153
3.88157696316875
3.719226536118828
3.5523830847437354
3.3813078647650765
3.2062687583183216
3.027539854483299
2.845401020095405
2.6601374615095645
2.472039278003189
2.281401007517438
2.0885211654480926
1.8937017772082392
1.6972479052947094
1.499467171598833
1.3010206091630296
1.4995940777324517
1.6989511186221442
1.8987795639457161
1.9999999999999973
