2.5
2.5
2.5079126744022733
2.5237256329604913
2.5474141145835554
2.5747579130234204
2.605747743393284
2.6403730827561938
2.682764502221787
2.732855622194155
2.790568006321219
2.8558112843161245
2.928483293465671
2.84489059537374
2.7541755349675725
2.656480160546765
2.5519574506989158
2.4407710747545264
2.3230951365015495
2.199113901560903
2.0690215088498314
1.9330216665849447
1.7913273333009405
1.644160384384499
1.4917512646455202
1.3343386274697244
1.172168961117669
1.0055170911077735
0.8394593399357171
0.6779406731728845
0.5212140086023207
0.36952476033832937
0.22311045453904077
0.08220035747052234
-0.052984883495170276
-0.18223358538584122
-0.3053433610978913
-0.422121436308895
-0.5323849513377845
-0.6359612474799614
-0.7326881373689673
-0.8224141589413647
-0.9049988126071531
-0.9803127812543404
-1.0482381327431676
-1.1086685045729046
-1.1615092704320698
-1.2066776883712413
-1.2441030303664857
-1.2737266930704814
-1.2985699131281838
-1.2748347579025006
-1.258974421809461
-1.251013740127386
-1.249999999999997
