0.7996868253210437
-1.1102230246251565e-16
0.0
-2.220446049250313e-16
-1.1102230246251565e-16
4.440892098500626e-16
3.3306690738754696e-16
-4.440892098500626e-16
-3.3306690738754696e-16
-1.1102230246251565e-16
-2.220446049250313e-16
2.220446049250313e-16
4.440892098500626e-16
0.0
2.220446049250313e-16
2.220446049250313e-16
0.0
-1.1102230246251565e-16
-1.1102230246251565e-16
2.220446049250313e-16
-2.220446049250313e-16
0.0
0.0
0.0
0.000245262484365405
0.0
0.0
-0.0002452624843658491
3.3306690738754696e-16
1.1102230246251565e-16
0.0
0.0
0.0
0.0002452624843660711
-1.1102230246251565e-16
-6.661338147750939e-16
-0.000245262484365405
3.3306690738754696e-16
-2.220446049250313e-16
-2.220446049250313e-16
2.220446049250313e-16
2.220446049250313e-16
0.000245262484365516
4.440892098500626e-16
-2.220446049250313e-16
-0.0002452624843660711
3.3306690738754696e-16
-2.220446049250313e-16
4.440892098500626e-16
-6.661338147750939e-16
3.3306690738754696e-16
1.1102230246251565e-15
-7.771561172376096e-16
-0.7996868253210443
-0.7997912059810663
2.220446049250313e-16
4.440892098500626e-16
-1.1102230246251565e-15
0.0
3.3306690738754696e-16
4.440892098500626e-16
5.551115123125783e-16
-3.381825505188729e-05
-5.651191384936638e-05
9.033016890003243e-05
-1.2212453270876722e-15
1.7763568394002505e-15
1.3322676295501878e-15
-1.1102230246251565e-16
-2.9976021664879227e-15
8.881784197001252e-16
1.9984014443252818e-15
-1.1102230246251565e-15
3.3306690738754696e-16
-2.220446049250313e-16
-5.551115123125783e-16
2.220446049250313e-16
2.3314683517128287e-15
-8.881784197001252e-16
-2.220446049250313e-15
-6.107749957151576e-05
0.7998522834806386
0.7997912059810662
1.7763568394002505e-15
-0.16174096404959948
-0.6380502419314685
0.0
