0.0
-0.03957370045131725
-0.0791474009026345
-0.11872110135395175
-0.158294801805269
-0.19786850225658625
-0.2374422027079035
-0.27701590315922076
-0.316589603610538
-0.35616330406185526
-0.3957370045131725
-0.43531070496448976
-0.474884405415807
-0.5144581058671243
-0.5540318063184415
-0.5936055067697588
-0.633179207221076
-0.6727529076723933
-0.7123266081237105
-0.6727529076723933
-0.633179207221076
-0.5936055067697588
-0.5540318063184415
-0.5144581058671243
-0.474884405415807
-0.4564569644144272
-0.43802952341304735
-0.4196020824116675
-0.38002838196035027
-0.340454681509033
-0.30088098105771577
-0.2613072806063985
-0.22173358015508127
-0.18215987970376402
-0.1637324387023842
-0.14530499770100436
-0.12687755669962453
-0.08730385624830728
-0.047730155796990026
-0.008156455345672775
0.031417245105644476
0.07099094555696173
0.11056464600827898
0.09213720500689915
0.07370976400551932
0.05528232300413949
0.09485602345545674
0.134429723906774
0.17400342435809124
0.2135771248094085
0.25315082526072574
0.292724525712043
0.33229822616336024
0.3718719266146775
0.41144562706599475
0.451019327517312
0.49059302796862925
0.5301667284199465
0.5697404288712637
0.609314129322581
0.6488878297738983
0.688461530225216
0.7280352306765332
0.7676089311278504
0.7856218046191321
0.7460481041678149
0.7064744037164976
0.6669007032651804
0.6273270028138631
0.5877533023625459
0.5481796019112286
0.5086059014599114
0.4690322010085941
0.42945850055727686
0.3898848001059596
0.35031109965464236
0.3107373992033251
0.27116369875200785
0.2315899983006906
0.19201629784937335
0.1524425973980561
0.11286889694673885
0.1422849328023057
0.10271123235098845
0.0631375318996712
0.023563831448353945
0.0
