0.0
0.39984341266052187
0.3998434126605218
0.3998434126605218
0.3998434126605217
0.39984341266052165
0.39984341266052187
0.39984341266052204
0.3998434126605218
0.39984341266052165
0.3998434126605216
0.3998434126605215
0.3998434126605216
0.3998434126605218
0.3998434126605218
0.3998434126605219
0.39984341266052204
0.39984341266052204
0.399843412660522
0.3998434126605219
0.39984341266052204
0.3998434126605219
0.3998434126605219
0.3998434126605219
0.3998434126605219
0.3999660439027046
0.3999660439027046
0.3999660439027046
0.3998434126605217
0.39984341266052187
0.3998434126605219
0.3998434126605219
0.3998434126605219
0.3998434126605219
0.39996604390270496
0.3999660439027049
0.39996604390270457
0.39984341266052187
0.39984341266052204
0.3998434126605219
0.3998434126605218
0.3998434126605219
0.39984341266052204
0.3999660439027048
0.399966043902705
0.3999660439027049
0.39984341266052187
0.39984341266052204
0.3998434126605219
0.39984341266052215
0.3998434126605218
0.399843412660522
0.39984341266052253
0.39984341266052215
0.0
-0.39989560299053317
-0.39989560299053306
-0.39989560299053284
-0.3998956029905334
-0.3998956029905334
-0.3998956029905332
-0.399895602990533
-0.39989560299053273
-0.39991251211805867
-0.39994076807498335
-0.39989560299053334
-0.39989560299053395
-0.39989560299053306
-0.3998956029905324
-0.39989560299053245
-0.39989560299053395
-0.3998956029905335
-0.3998956029905325
-0.39989560299053306
-0.3998956029905329
-0.399895602990533
-0.3998956029905333
-0.39989560299053317
-0.399895602990532
-0.39989560299053245
-0.39989560299053356
-0.3999261417403193
0.0
0.3998956029905331
0.399895602990534
0.31902512096573427
0.0
