-4.0
-3.8
-3.600156587339478
-3.400782691501442
-3.2021905067649983
-3.0046910033486376
-2.808593440470242
-2.6142048820863044
-2.421829716068648
-2.2317691775715573
-2.0443208773356623
-1.8597783356671993
-1.6784305228223726
-1.5005614065165176
-1.3264495072666111
-1.1563674622634035
-0.9905815984560954
-0.8293515155180535
-0.6729296793465891
-0.5215610267333259
-0.3651391905618615
-0.20390910762381964
-0.038123243816511526
0.1319588011866961
0.30607070043660256
0.48393981674245756
0.6634637755550312
0.8445816175442008
1.0272318421593212
1.212962663709805
1.4014832512435955
1.592498405388305
1.7857090205960577
1.9808125535049108
2.177503496683454
2.37482864923217
2.572721007230271
2.771113374156135
2.9703516618209447
3.1701238882908234
3.3701172355513256
3.570018539340843
3.769514779526189
3.9682935702524986
4.167445244191369
4.366902177206633
4.566596641508053
4.765697549436988
4.963893134178836
5.160873046540486
5.356328840917865
5.5499544582827
5.741446705432214
5.930505729751286
6.116835488743693
5.935157089259907
5.756928141474245
5.582427729354225
5.411929098452563
5.245699228039236
5.083998413045741
4.927079856476191
4.775189272923467
4.628564503811272
4.487015287614911
4.342863920540626
4.193341188898106
4.038681226354747
3.879126210831133
3.7149259852810763
3.546337666469182
3.3736252423585484
3.197059158739041
3.0169158957434186
2.833477534914455
2.6470313175009563
2.457869194674326
2.26628737037
2.07258583746958
1.8770679080499644
1.6800397384350312
1.4818098497936054
1.2833355294150763
1.4818238742992813
1.6811236173925321
1.8809226805295332
2.0
