3.5
3.5
3.4920873255977267
3.4762743670395087
3.4525858854164446
3.421058973891671
3.3817429996171637
3.33469952643103
3.2800022184563296
3.217736724752386
3.1480005451992037
3.0709028778249987
2.986564447815912
2.895117318475652
2.796704684431082
2.6914806474075634
2.579609974925162
2.4612678422935748
2.336639558309771
2.205920275087879
2.0812919911040755
1.9629498584724883
1.851079185990087
1.7458551489665681
1.6474425149219982
1.5559953855817383
1.4678412693292266
1.3830100998619477
1.3015306825343425
1.2273413172170524
1.1605581750634038
1.101285830018915
1.0496170950717374
1.0056328769192668
0.9694020492784985
0.9368016785501462
0.907842834547813
0.882535350564744
0.8650967517565072
0.8555543447610189
0.8539230717795153
0.860205487178958
0.8743917534922178
0.8964596568223036
0.9148610363180315
0.9295896435890764
0.9406404773752229
0.959583245437829
0.9863882858003619
1.0210136251632718
1.063405044628865
1.1134961646012331
1.171208548728297
1.2364518267232025
1.3091238358727488
1.2255311377808178
1.1348160773746505
1.037120702953843
0.9325979931059938
0.8214116171616042
0.7037356789086274
0.5797544439679807
0.4496620512569095
0.3136622089920227
0.17237859299996638
0.03375982304476377
-0.09904730302698739
-0.225834826069933
-0.3464042128749507
-0.46056666704701676
-0.5681434246364598
-0.6689660340606747
-0.7628766198779702
-0.8497281300005279
-0.9293845659593494
-1.0017211958606445
-1.0666247497001815
-1.1239935967297772
-1.1737379045981782
-1.2157797800171513
-1.250053390732512
-1.2765050686090977
-1.3010714689389542
-1.2766346737643066
-1.260069879281943
-1.251403023862831
-1.2499999999999996
