1.9992297255709084
-0.00411972803496341
0.0
0.0048068509814751526
0.0
0.0
0.0
0.0
0.0
2.220446049250313e-16
-0.0048068509814747085
6.661338147750939e-16
0.004806850981474264
-0.004806850981475819
-1.9951099975359448
-1.9967389343570079
4.440892098500626e-16
-1.9984014443252818e-15
-8.881784197001252e-16
6.661338147750939e-16
-0.00019385130144655704
-0.0008798659034299217
0.0010737172048773669
1.3322676295501878e-15
-2.220446049250313e-15
-8.881784197001252e-16
5.10702591327572e-15
-5.7379603262130985e-06
1.9967446723173317
1.3446073178693667
-1.3446073178693667
0.0
