0.21972448618848195
-0.5126904677731248
-0.5126904677731248
0.07324149539616016
-0.07324149539616016
0.07324149539616016
-0.07324149539616016
0.07324149539616016
-0.07324149539616016
0.07324149539616016
0.5126904677731248
0.5126904677731248
-0.07324149539616016
0.5126904677731248
0.5126904677731248
-0.5126904677731248
-0.5126904677731248
-0.5126904677731248
-0.5126904677731267
-0.5126904677731248
-0.5126904677731248
-0.3724152976102437
0.5126904677731248
0.5126904677731248
0.5126904677731248
0.5126904677731248
0.5126904677731248
0.5126904677731248
0.49146890788131203
0.5126904677731248
-0.19251983439322856
0.0
