0.0
-0.03925234608338046
-0.1381865972116736
-0.23712084833996672
-0.2242249082837371
-0.23712084833996672
-0.2242249082837371
-0.23712084833996672
-0.2242249082837371
-0.23712084833996672
-0.2242249082837371
-0.12529065715544396
-0.026356406027150836
-0.03925234608338046
0.059681905044912664
0.1586161561732058
0.2575504073014989
0.35648465842979205
0.45541890955808517
0.5543531606863787
0.6532874118146719
0.752221662942965
0.8208810453792932
0.7219467942510001
0.6230125431227069
0.5240782919944138
0.4251440408661207
0.32620978973782755
0.22727553860953442
0.13319573617562952
0.03426148504733639
0.0
