0.0
0.9996148627854542
0.9975549987679725
0.9975549987679725
0.9999584242587101
0.9999584242587101
0.9999584242587101
0.9999584242587101
0.9999584242587101
0.9999584242587101
0.9999584242587102
0.9975549987679728
0.9975549987679732
0.9999584242587103
0.9975549987679724
0.0
-0.9983694671785039
-0.9983694671785037
-0.9983694671785047
-0.9983694671785052
-0.9983694671785048
-0.9984663928292281
-0.9989063257809431
-0.9983694671785044
-0.9983694671785037
-0.9983694671785048
-0.9983694671785053
-0.9983694671785027
-0.9983723361586658
0.0
0.6723036589346834
0.0
