0.0
0.2
0.3998434126605218
0.5992173084985579
0.7978094932350015
0.9953089966513623
1.1914065595297578
1.3857951179136954
1.5781702839313514
1.7682308224284422
1.9556791226643375
2.1402216643328007
2.3215694771776274
2.4994385934834824
2.6789625522960563
2.8600803942852258
3.0427306189003462
3.2284614404508303
3.416982027984621
3.60799718212933
3.801207797337083
3.996311330245936
4.193002273424479
4.3903274259731955
4.588219783971296
4.78661215089716
4.98585043856197
5.185622665031849
5.385616012292351
5.585517316081868
5.785013556267214
5.983792346993523
6.18213075698769
6.3799614382662435
6.577217215250568
6.773012267931639
6.967040006045634
6.776244363240864
6.587969199520084
6.402509329953064
6.220155161215357
6.041192236848218
5.865900790133566
5.694555305284143
5.527424087635992
5.364768843516265
5.20684427044425
5.0538976583073065
4.906168502136197
4.763888127086206
4.627279326211223
4.493601036396182
4.354641809655505
4.210101248364333
4.060205684742059
3.905189836263755
3.7452964381223213
3.5807758631359103
3.4118857296957863
3.2388904983685443
3.0620610577843457
2.881674300459612
2.6980126892184133
2.511363814891431
2.322019945985141
2.1302775710263306
1.9364369342985972
1.7408015656978222
1.5436778054427753
1.3454337605997901
1.5442098988016113
1.743699746596505
1.9435909281392796
2.0
