3.0
3.0
2.9803788663968724
2.911505253526366
2.794052745661771
2.682877375485541
2.565424867620946
2.4542494974447155
2.3367969895801206
2.2256216194038903
2.1081691115392953
1.9969937413630647
1.9345121826298632
1.9213355052920178
1.90171437168889
1.9315376121364747
1.828287278849782
1.6772404081430374
1.479874239156128
1.2381190139943878
0.9543390999512948
0.6313098659846899
0.27296690837447213
-0.07546575407792377
-0.38680259143108375
-0.6579987278813897
-0.8864018638778746
-1.0697782156248963
-1.20633436149867
-1.294764301901053
-1.252965945872879
-1.249999999999998
