1.9992297255709084
0.0006871229465119644
-2.220446049250313e-16
2.220446049250313e-16
2.220446049250313e-16
2.220446049250313e-16
-2.220446049250313e-16
1.1102230246251565e-15
-1.1102230246251565e-15
2.220446049250313e-16
-2.220446049250313e-16
2.220446049250313e-16
-2.220446049250313e-16
-0.004806850981475819
-1.9951099975359448
-1.9967389343570079
4.440892098500626e-16
-1.7763568394002505e-15
-1.1102230246251565e-15
6.661338147750939e-16
-0.0007910541055651255
-0.0006542205795672107
0.0014452746851334464
-1.5543122344752192e-15
-1.3322676295501878e-15
3.9968028886505635e-15
-1.3322676295501878e-15
-0.00025040160616796037
1.9969893359631767
1.246699343448924
-1.246699343448924
0.0
