0.0
-0.03957370045131725
-0.0791474009026345
-0.11872110135395175
-0.11872110135395175
-0.11872110135395175
-0.11872110135395175
-0.158294801805269
-0.19786850225658625
-0.2374422027079035
-0.19786850225658625
-0.158294801805269
-0.11872110135395175
-0.0791474009026345
-0.03957370045131725
0.0
0.03957370045131725
0.0791474009026345
0.11872110135395175
0.13714854235533158
0.1555759833567114
0.17400342435809124
0.2135771248094085
0.25315082526072574
0.292724525712043
0.33229822616336024
0.3718719266146775
0.41144562706599475
0.4298730680673746
0.4483005090687544
0.46672795007013423
0.5063016505214515
0.5458753509727687
0.585449051424086
0.5670216104227066
0.5485941694213272
0.5301667284199478
0.5697404288712651
0.6093141293225823
0.6488878297738996
0.6884615302252168
0.7280352306765341
0.7676089311278513
0.8071826315791686
0.8467563320304858
0.8863300324818031
0.9259037329331203
0.9654774333844376
1.0050511338357548
1.027768954070135
0.9881952536188177
0.9486215531675004
0.9090478527161832
0.8694741522648659
0.8299004518135482
0.790326751362231
0.7507530509109137
0.7111793504595965
0.6716056500082792
0.632031949556962
0.5924582491056447
0.5528845486543275
0.5133108482030102
0.47373714775169296
0.4341634473003757
0.39458974684905845
0.3550160463977412
0.31544234594642395
0.2758686454951067
0.23629494504378945
0.1967212445924722
0.15714754414115495
0.1297015498347358
0.09012784938341856
0.050554148932101306
0.010980448480784055
0.0
