0.0
0.39984341266052176
0.39984341266052176
0.3998434126605217
0.39999999999999986
0.39999999999999986
0.39999999999999986
0.3998434126605217
0.3998434126605218
0.3998434126605219
0.3998434126605219
0.39984341266052187
0.3998434126605217
0.39984341266052187
0.3998434126605218
0.3998434126605219
0.39984341266052187
0.3998434126605218
0.3998434126605218
0.3999660439027044
0.39996604390270496
0.39996604390270507
0.39984341266052215
0.3998434126605218
0.399843412660522
0.39984341266052253
0.39984341266052215
0.3998434126605223
0.3999660439027056
0.3999660439027052
0.39996604390270496
0.399843412660522
0.3998434126605217
0.39984341266052187
0.3999660439027044
0.3999660439027045
0.0
-0.39989560299053295
-0.39989560299053256
-0.3998956029905333
-0.39989560299053345
-0.39989560299053317
-0.39989560299053317
-0.39989560299053256
-0.39989560299053306
-0.399895602990533
-0.3998956029905322
-0.3998956029905333
-0.39990678171789906
-0.3999369174809177
-0.3998956029905329
-0.3998956029905324
-0.39989560299053284
-0.3998956029905334
-0.39989560299053367
-0.39989560299053273
-0.3998956029905335
-0.3998956029905332
-0.3998956029905326
-0.39989560299053334
-0.39989560299053295
-0.39989560299053256
-0.39989560299053306
-0.39989560299053306
-0.3998956029905323
-0.39989560299053245
-0.39989560299053284
-0.3998956029905332
-0.39989560299053317
-0.3998956029905323
-0.39989560299053206
-0.39990182901051496
0.0
0.39989560299053256
0.3998956029905323
0.25544035187252767
0.0
