0.0
0.5
0.9996148627854542
1.4994412078037358
1.99905607058919
2.4988824156074716
2.998497278392926
3.4983236234112076
3.997938486196662
4.497764831214944
4.997379694000398
5.49720603901868
5.996820901804134
6.496647246822416
6.99626210960787
7.495371891448705
7.006357046255212
6.5299318233784955
6.070755663846166
5.633319312761318
5.221900899793298
4.840524099048448
4.488408668462062
4.116535936079968
3.7134987743715944
3.2832388887646573
2.829964223060765
2.358107805724287
1.872284394842132
1.377408172535107
1.8758350618647928
2.0000000000000018
