2.0
2.0
1.992087325597727
1.9762743670395089
1.9525858854164448
1.9288974037933808
1.9052089221703168
1.8815204405472528
1.8499935290224792
1.810677554747972
1.763634081561838
1.724318107287331
1.6927911957625574
1.6691027141394934
1.6532897555812753
1.6453770811790023
1.6453770811790023
1.6532897555812753
1.6691027141394934
1.6927911957625574
1.7201349942024224
1.751124824572286
1.7857501639351958
1.828141583400789
1.8782327033731572
1.935945087500221
2.0011883654951266
2.073860374644673
2.1538473197831878
2.2371984042415822
2.323885325244521
2.413878647296766
2.5108678875882244
2.614701173247944
2.7252159144964176
2.8326403444700725
2.9369379860249483
2.8324152761770987
2.721228900232709
2.6035529619797324
2.4795717270390853
2.349479334328014
2.2134794920631267
2.071785158779122
1.9246182098626807
1.772209090123701
1.6147964529479062
1.4526267865958506
1.2859540282335162
1.1152220625343439
0.9460817236871484
0.7812954889919026
0.6211213928293411
0.46581024755517886
0.31560525075971313
0.17074160445118913
0.03144614675923307
-0.10206300326494144
-0.22957678719535135
-0.3508955345902729
-0.4658292756508713
-0.5741980386898575
-0.6758321319443632
-0.7705724092917583
-0.8582705194523306
-0.9387891382886062
-1.0120021838375655
-1.0777950137390322
-1.1360646047510974
-1.1867197140714678
-1.2296810222121515
-1.264881257203725
-1.2924497129111225
-1.270512441335729
-1.2564567570934955
-1.2503046696064208
-1.2499999999999982
