1.999229725570908
0.0006871229465119644
2.220446049250313e-16
2.220446049250313e-16
-2.220446049250313e-16
2.220446049250313e-16
-2.220446049250313e-16
0.0
0.0
2.220446049250313e-16
2.220446049250313e-16
2.220446049250313e-16
-2.220446049250313e-16
1.1102230246251565e-15
-1.1102230246251565e-15
2.220446049250313e-16
-2.220446049250313e-16
2.220446049250313e-16
-2.220446049250313e-16
2.220446049250313e-16
-1.9999168485174208
-1.9967389343570092
1.3322676295501878e-15
-1.3322676295501878e-15
0.0
6.661338147750939e-16
4.440892098500626e-16
-0.0014361333284662603
0.000828677823615287
0.0006074555048500851
-2.220446049250313e-16
-1.1102230246251565e-15
6.661338147750939e-16
-7.014531138382907e-06
1.996745948888148
1.3808366105894374
-1.3808366105894374
0.0
