0.0
-0.03957370045131725
-0.0791474009026345
-0.11872110135395175
-0.158294801805269
-0.19786850225658625
-0.2374422027079035
-0.25586964370928333
-0.27429708471066316
-0.292724525712043
-0.292724525712043
-0.292724525712043
-0.292724525712043
-0.27429708471066316
-0.25586964370928333
-0.2374422027079035
-0.25586964370928333
-0.27429708471066316
-0.292724525712043
-0.27429708471066316
-0.25586964370928333
-0.2374422027079035
-0.19786850225658625
-0.158294801805269
-0.11872110135395175
-0.0791474009026345
-0.03957370045131725
0.0
0.03957370045131725
0.0791474009026345
0.11872110135395175
0.0791474009026345
0.03957370045131725
0.0
0.01842744100137983
0.03685488200275966
0.05528232300413949
0.09485602345545674
0.134429723906774
0.17400342435809124
0.134429723906774
0.09485602345545674
0.05528232300413949
0.09485602345545674
0.134429723906774
0.17400342435809124
0.2135771248094085
0.25315082526072574
0.292724525712043
0.33229822616336024
0.3718719266146775
0.41144562706599475
0.451019327517312
0.49059302796862925
0.5301667284199465
0.5697404288712642
0.6093141293225814
0.6488878297738987
0.688461530225216
0.7280352306765332
0.7676089311278504
0.7315365209544407
0.6919628205031234
0.6523891200518062
0.6128154196004889
0.5732417191491717
0.5336680186978544
0.49409431824653716
0.4545206177952199
0.41494691734390265
0.3753732168925854
0.33579951644126815
0.2962258159899509
0.25665211553863365
0.2170784150873164
0.17750471463599915
0.1379310141846819
0.12663383407837125
0.087060133627054
0.04748643317573675
0.007912732724419502
0.0
