0.0
0.999614862785454
0.99995842425871
0.9999584242587101
0.9999584242587102
0.9999584242587101
0.9999584242587102
0.9999584242587101
0.9999584242587101
0.9999584242587101
0.9999584242587102
0.9999584242587103
0.9999584242587104
0.9999584242587103
0.9999584242587108
0.9999584242587103
0.9999584242587104
0.9999584242587103
0.9999584242587104
0.9999584242587103
0.9999584242587104
0.0
-0.9983694671785046
-0.9983694671785039
-0.9983694671785046
-0.9983694671785046
-0.9983694671785043
-0.998369467178504
-0.9990875338427372
-0.9986731949309295
-0.9983694671785045
-0.9983694671785046
-0.9983694671785052
-0.9983694671785048
-0.998372974444074
0.0
0.6904183052947187
0.0
