-3.0
-2.8
-2.600156587339478
-2.400782691501442
-2.2021905067649983
-2.0046910033486376
-1.808593440470242
-1.6142048820863044
-1.4207161688520749
-1.2281930019832745
-1.0367007548337615
-0.8452085076842483
-0.6537162605347351
-0.4622240133852219
-0.2697008465164215
-0.07621213328219192
0.11817642510174564
0.3116651383359752
0.5041883052047755
0.6956805523542887
0.8882037192230892
1.0816924324573187
1.2760809908412563
1.472178553719652
1.6696780571360126
1.8682702418724562
2.0676441377104924
2.267487550371014
2.4674875503710143
2.667330963031536
2.8667048588695723
3.065297043606016
3.264670939444052
3.464514352104574
3.664514352104574
3.864480396007279
4.064344583148263
4.264039047449683
4.463139955378618
4.661335540120466
4.858315452482116
5.056511037223964
5.255611945152899
5.455306409454319
5.654407317383254
5.852602902125102
6.049582814486752
6.245038608864131
6.438664226228966
6.248363754401574
6.060644863574581
5.875801497764829
5.694123098281043
5.515894150495381
5.341393738375361
5.170895107473699
5.004665237060372
4.842964422066878
4.686045865497328
4.534155281944605
4.387530512832408
4.241372041192802
4.089937878954194
3.9334543776242032
3.7721665705542855
3.606327014030433
3.43619539180201
3.262038108449875
3.0841278722305363
2.9027432680495493
2.718168321232824
2.530692052778923
2.3406080267887717
2.1482138907814443
1.9538109096158207
1.7577034937479787
1.5601987225629452
1.3617192671866558
1.560565749102639
1.7601003294208581
1.9600105622506554
2.0
