2.0
2.0
1.992087325597727
1.9762743670395089
1.9525858854164448
1.9210589738916712
1.8817429996171642
1.8346995264310302
1.784082159342628
1.7299080860343743
1.6721957019073104
1.6144833177802465
1.5567709336531825
1.4990585495261186
1.444884476217865
1.3942671091294627
1.3472236359433287
1.2966062688549265
1.2424321955466728
1.1847198114196091
1.1305457381113555
1.0799283710229532
1.0328848978368192
0.9935689235623123
0.9620420120375386
0.9383535304144746
0.9225405718562564
0.9146278974539832
0.9146278974539832
0.9225405718562564
0.9383535304144746
0.9620420120375386
0.9778549705957568
0.9857676449980299
0.9857676449980299
0.9894529246212852
0.9968222324906612
1.0078730662768078
1.026815834339414
1.0536208747019469
1.0882462140648568
1.1150512544273896
1.1339940224899958
1.1450448562761424
1.1639876243387486
1.1907926647012814
1.2254180040641913
1.2678094235297845
1.317900543502153
1.2564146879290972
1.1874480435278945
1.11110860333214
1.0275159052402096
0.9368008448340421
0.8391054704132341
0.7345827605653851
0.6233963846209958
0.5057204463680192
0.38173921142737255
0.2516468187163008
0.11564697645141475
-0.020854280509516654
-0.1514776877548092
-0.27600757904515616
-0.39424895633693025
-0.5060166686032677
-0.6111357017571355
-0.7094414527012329
-0.8007799870756016
-0.8850082802993477
-0.9619944415290234
-1.0316179201829931
-1.0937696947083801
-1.1483524432950172
-1.1952806962690778
-1.2344809699277666
-1.265891881605493
-1.2904680619179825
-1.2691406935169076
-1.2556970604324063
-1.2501582136918548
-1.2500000000000004
