0.7996868253210446
-1.1102230246251565e-16
-8.881784197001252e-16
-2.220446049250313e-16
0.0
3.3306690738754696e-16
8.881784197001252e-16
1.1102230246251565e-16
-1.1102230246251565e-16
1.1102230246251565e-16
-1.1102230246251565e-16
-1.1102230246251565e-16
1.1102230246251565e-16
1.1102230246251565e-16
-1.1102230246251565e-16
1.1102230246251565e-16
-1.1102230246251565e-16
1.1102230246251565e-16
-1.1102230246251565e-16
1.1102230246251565e-16
-9.992007221626409e-16
1.1102230246251565e-16
-1.1102230246251565e-16
1.1102230246251565e-16
-1.1102230246251565e-16
1.1102230246251565e-16
-1.1102230246251565e-16
-1.1102230246251565e-16
1.1102230246251565e-16
-1.1102230246251565e-16
0.0
-2.220446049250313e-16
0.0
3.3306690738754696e-16
-1.1102230246251565e-16
0.0
0.0
1.1102230246251565e-16
-1.1102230246251565e-16
1.1102230246251565e-16
1.1102230246251565e-16
-2.220446049250313e-16
-2.220446049250313e-16
1.1102230246251565e-16
2.220446049250313e-16
0.0
-1.1102230246251565e-16
0.0
0.0
0.0
0.0
0.0
0.0
5.551115123125783e-16
-1.1102230246251565e-16
1.1102230246251565e-16
-1.1102230246251565e-16
1.1102230246251565e-16
-4.440892098500626e-16
1.1102230246251565e-16
0.0
-5.551115123125783e-16
1.1102230246251565e-16
0.0
-2.220446049250313e-16
1.1102230246251565e-16
1.1102230246251565e-16
0.0
0.0
3.3306690738754696e-16
-0.7996868253210437
-0.7996868253210447
0.7996868253210447
0.7996868253210445
-8.881784197001252e-16
1.1102230246251565e-16
-1.1102230246251565e-16
1.1102230246251565e-16
-1.1102230246251565e-16
1.1102230246251565e-16
-1.1102230246251565e-16
1.1102230246251565e-16
-0.7996868253210437
-0.7997912059810666
1.1102230246251565e-15
-8.881784197001252e-16
2.220446049250313e-16
0.0
-1.7763568394002505e-15
3.219646771412954e-15
-3.3306690738754696e-16
-1.1102230246251565e-15
8.881784197001252e-16
0.0
-1.9984014443252818e-15
-6.661338147750939e-16
3.3306690738754696e-15
-2.220446049250313e-16
-6.661338147750939e-16
-3.2702171772092115e-05
-5.71429453763983e-05
8.984511714715815e-05
1.2212453270876722e-15
7.771561172376096e-16
-1.2212453270876722e-15
-1.5543122344752192e-15
2.3314683517128287e-15
-4.440892098500626e-16
-1.1102230246251565e-15
1.5543122344752192e-15
6.661338147750939e-16
-2.55351295663786e-15
8.881784197001252e-16
-4.440892098500626e-16
-4.440892098500626e-16
3.1086244689504383e-15
-1.1102230246251565e-15
-8.019667801040242e-05
0.7998714026590755
0.7997912059810673
-1.887379141862766e-15
-0.20343756859752216
-0.5963536373835433
0.0
