0.0
0.3998434126605223
0.39984341266052226
0.3998434126605218
0.3998434126605217
0.3998434126605217
0.39984341266052187
0.3998434126605223
0.39984341266052237
0.3998434126605223
0.39984341266052237
0.3998434126605223
0.39984341266052226
0.3998434126605223
0.39984341266052237
0.3998434126605223
0.39984341266052237
0.3998434126605223
0.39984341266052237
0.3998434126605223
0.39984341266052237
0.39984341266052187
0.3998434126605219
0.39984341266052187
0.3998434126605219
0.39984341266052187
0.3998434126605219
0.39984341266052187
0.3998434126605218
0.39984341266052187
0.3998434126605218
0.3998434126605218
0.3998434126605217
0.3998434126605217
0.39984341266052187
0.3998434126605218
0.3998434126605218
0.3998434126605218
0.39984341266052187
0.3998434126605218
0.39984341266052187
0.3998434126605219
0.3998434126605218
0.3998434126605217
0.39984341266052176
0.39984341266052187
0.39984341266052187
0.3998434126605218
0.3998434126605218
0.3998434126605218
0.3998434126605218
0.3998434126605218
0.3998434126605218
0.3998434126605218
0.3998434126605221
0.39984341266052204
0.3998434126605221
0.39984341266052204
0.3998434126605221
0.39984341266052187
0.3998434126605219
0.3998434126605219
0.39984341266052165
0.3998434126605217
0.3998434126605217
0.3998434126605216
0.39984341266052165
0.3998434126605217
0.3998434126605217
0.3998434126605217
0.39984341266052187
0.0
-0.39984341266052237
0.0
0.39984341266052226
0.3998434126605218
0.39984341266052187
0.3998434126605218
0.39984341266052187
0.3998434126605218
0.39984341266052187
0.3998434126605218
0.39984341266052187
0.0
-0.3998956029905333
-0.39989560299053273
-0.39989560299053317
-0.39989560299053306
-0.39989560299053306
-0.39989560299053395
-0.39989560299053234
-0.3998956029905325
-0.39989560299053306
-0.3998956029905326
-0.3998956029905326
-0.3998956029905336
-0.39989560299053395
-0.3998956029905323
-0.3998956029905324
-0.39989560299053273
-0.3999119540764188
-0.399940525549107
-0.3998956029905334
-0.3998956029905328
-0.3998956029905324
-0.399895602990533
-0.3998956029905338
-0.3998956029905326
-0.39989560299053284
-0.3998956029905334
-0.3998956029905326
-0.3998956029905323
-0.39989560299053356
-0.3998956029905331
-0.39989560299053334
-0.39989560299053356
-0.399895602990532
-0.39989560299053256
-0.39993570132953776
0.0
0.39989560299053367
0.39989560299053273
0.29817681869177165
0.0
