-8.0
-7.8
-7.600156587339478
-7.400782691501441
-7.202190506764998
-7.004691003348637
-6.806098818612194
-6.606724922774157
-6.406881510113635
-6.206881510113635
-6.007038097453113
-5.807038097453113
-5.60719468479259
-5.407820788954554
-5.207977376294032
-5.007977376294032
-4.80813396363351
-4.6081339636335095
-4.408290550972987
-4.208290550972987
-4.008447138312465
-3.8084471383124647
-3.608603725651943
-3.408603725651943
-3.208760312991421
-3.008760312991421
-2.808916900330899
-2.608916900330899
-2.409073487670377
-2.209699591832341
-2.0098561791718192
-1.810482283333783
-1.6118900985973394
-1.4143905951809788
-1.2157984104445352
-1.016424514606499
-0.8178323298700554
-0.6203328264536946
-0.42174064171725095
-0.22424113830089018
-0.025648953564446547
0.17185054985191422
0.3679481127303098
0.5623366711142473
0.7547118371319035
0.949100395515841
1.1451979583942367
1.3395865167781742
1.5319616827958304
1.7220222212929213
1.9143973873105775
2.1044579258076683
2.2968330918253246
2.4868936303224154
2.6792687963400716
2.8736573547240094
3.0660325207416657
3.2604210791256034
3.4527962451432597
3.6471848035271974
3.843282366405593
4.037670924789531
4.233768487667926
4.431267991084287
4.62986017582073
4.827359679237091
5.023457242115486
5.220956745531847
5.419548930268291
5.617048433684651
5.815640618421095
6.015014514259131
5.815171101598609
5.615171101598609
5.815014514259131
6.014388410097167
6.212980594833611
6.412354490671647
6.610946675408091
6.810320571246127
7.00891275598257
7.208286651820607
7.40687883655705
7.606252732395086
7.408181038004205
7.211356817350004
7.0160882722430555
6.822681168502978
6.631438357167883
6.44265930026798
6.256639601905963
6.073670545378403
5.894038637062982
5.718025157785787
5.545905722371141
5.377949848063684
5.214420532498491
5.055573841880074
4.901658510015121
4.752915548826848
4.60957787096084
4.471457620311523
4.330717512802461
4.18446639360044
4.032933273441975
3.8763554340083504
3.7149780563725465
3.549053837076725
3.3788425924414307
3.2046108517261294
3.026631439778135
2.8451830498234356
2.660549807068387
2.4730208237956104
2.282889746650766
2.0904542968290727
1.8960158038816228
1.6998787338714418
1.5023502126181896
1.3039839784361513
1.5025714639597885
1.7019378595938157
1.9017709828034963
2.0000000000000018
