3.5
3.5
3.4920873255977267
3.4762743670395087
3.4525858854164446
3.421058973891671
3.3973704922686068
3.3815575337103887
3.3736448593081154
3.3736448593081154
3.365732184905842
3.365732184905842
3.357819510503569
3.342006551945351
3.3340938775430775
3.3340938775430775
3.3261812031408042
3.3261812031408042
3.318268528738531
3.318268528738531
3.3103558543362577
3.3103558543362577
3.3024431799339844
3.3024431799339844
3.294530505531711
3.294530505531711
3.286617831129438
3.286617831129438
3.2787051567271646
3.2628921981689465
3.254979523766673
3.239166565208455
3.215478083585391
3.1839511720606173
3.1602626904375533
3.144449731879335
3.120761250256271
3.0892343387314973
3.0655458571084333
3.0340189455836595
3.0103304639605954
2.9788035524358216
2.9394875781613146
2.892444104975181
2.8377467970004804
2.7907033238143466
2.7513873495398395
2.7043438763537058
2.6496465683790054
2.587381074675062
2.5326837667003614
2.470418272996418
2.4157209650217175
2.353455471317774
2.2987581633430736
2.25171469015694
2.1970173821822394
2.1499739089961056
2.0952766010214052
2.0482331278352714
2.0089171535607644
1.9618736803746304
1.9225577061001233
1.8910307945753497
1.8673423129522857
1.835815401427512
1.796499427153005
1.7649725156282314
1.7412840340051674
1.7097571224803938
1.6860686408573298
1.6702556822991117
1.6781683567013848
1.6781683567013848
1.6860810311036578
1.7018939896618759
1.72558247128494
1.741395429843158
1.765083911466222
1.78089687002444
1.804585351647504
1.8203983102057222
1.8440867918287862
1.8598997503870043
1.8322884502654229
1.7968623839138613
1.7536770240671014
1.7027999935311717
1.6443109592945928
1.5783015077799627
1.5048750014312129
1.4241464168611064
1.3362421648124192
1.241299892214724
1.13946826664672
1.0309067435416326
0.9157853165001884
0.7942842511021615
0.6665938026332965
0.5329139181696174
0.3934539234856249
0.24881653533369597
0.10673556492732339
-0.029666011843016538
-0.16017460737725275
-0.28458586173784783
-0.40270496265158706
-0.5143469505609348
-0.619337008247282
-0.717510734572582
-0.8087144019107149
-0.8928051968654895
-0.9696514438983399
-1.0391328115155491
-1.101140500692132
-1.1555774152373346
-1.202358313834978
-1.2414099435205614
-1.27267115438614
-1.2981569785390603
-1.2745393874959803
-1.258797078098205
-1.2509547008091928
-1.2499999999999967
