0.7996868253210435
0.0
-1.1102230246251565e-16
2.220446049250313e-16
1.1102230246251565e-16
-2.220446049250313e-16
-3.3306690738754696e-16
0.0
4.440892098500626e-16
2.220446049250313e-16
-5.551115123125783e-16
-1.1102230246251565e-16
0.00024526248436673725
0.0
-4.440892098500626e-16
-0.00024526248436562703
0.0
-4.440892098500626e-16
0.0003131746789560852
0.0
0.0
-6.791219458979203e-05
2.220446049250313e-16
-1.2212453270876722e-15
-0.0002452624843659601
5.551115123125783e-16
1.1102230246251565e-16
3.3306690738754696e-16
3.3306690738754696e-16
-2.220446049250313e-16
0.0003131746789561962
0.0
0.0
-0.0003131746789555301
2.220446049250313e-16
-1.5543122344752192e-15
0.000245262484365405
7.771561172376096e-16
-0.7999320878054094
-0.7997912059810657
-3.3306690738754696e-16
-1.3322676295501878e-15
7.771561172376096e-16
3.3306690738754696e-16
-4.440892098500626e-16
1.9984014443252818e-15
-4.440892098500626e-16
-1.887379141862766e-15
9.992007221626409e-16
8.881784197001252e-16
-2.220446049250313e-15
-1.1102230246251565e-15
3.4416913763379853e-15
1.1102230246251565e-15
-2.1094237467877974e-15
-9.10918063401489e-05
3.3595467089586606e-05
5.74963392495631e-05
0.0
3.3306690738754696e-16
1.887379141862766e-15
-1.7763568394002505e-15
-6.661338147750939e-16
1.887379141862766e-15
-8.881784197001252e-16
7.771561172376096e-16
-2.220446049250313e-16
-3.3306690738754696e-16
-1.4432899320127035e-15
0.0
2.4424906541753444e-15
1.3322676295501878e-15
-3.4416913763379853e-15
-1.1177587909139142e-05
0.7998023835689763
0.7997912059810685
-3.4416913763379853e-15
-0.2984533114270057
-0.5013378945540593
0.0
