0.0
-0.03925234608338046
-0.026356406027150836
-0.03925234608338046
-0.026356406027150836
-0.03925234608338046
-0.026356406027150836
-0.03925234608338046
-0.026356406027150836
-0.03925234608338046
-0.026356406027150836
-0.03925234608338046
-0.026356406027150836
0.07257784510114229
0.17151209622943542
0.27044634735772854
0.36938059848602167
0.4683148496143148
0.5672491007426079
0.666183351870901
0.7651176029991946
0.8640518541274878
0.9629861052557809
1.061920356384074
0.967517112163101
0.8685828610348079
0.7696486099065147
0.6707143587782216
0.5717801076499285
0.47284585652163535
0.37391160539334223
0.2749773542650491
0.17604310313675597
0.12977088477993126
0.030836633651638135
0.0
