0.0
0.39984341266052176
0.39984341266052176
0.3998434126605217
0.3998434126605218
0.39984341266052187
0.39984341266052176
0.3998434126605216
0.3998434126605216
0.3998434126605218
0.3998434126605219
0.39984341266052165
0.3998434126605216
0.39996604390270496
0.39996604390270496
0.39996604390270474
0.3998434126605219
0.3998434126605219
0.3998434126605217
0.39999999999999974
0.39999999999999974
0.39999999999999974
0.39996604390270485
0.39996604390270496
0.39996604390270435
0.39984341266052137
0.39984341266052165
0.3998434126605217
0.39984341266052187
0.39984341266052204
0.3998434126605219
0.4
0.4
0.4
0.39984341266052226
0.39984341266052237
0.3998434126605216
0.3999660439027043
0.3999660439027047
0.0
-0.39989560299053284
-0.399895602990533
-0.39989560299053367
-0.3998956029905333
-0.3998956029905331
-0.39989560299053334
-0.39989560299053234
-0.39989560299053256
-0.3998956029905335
-0.399895602990533
-0.39989560299053256
-0.39989560299053367
-0.3998956029905342
-0.3998956029905325
-0.39989560299053195
-0.399895602990533
-0.3999411488937031
-0.3999243511601583
-0.3998956029905335
-0.3998956029905335
-0.39989560299053334
-0.3998956029905324
-0.3998956029905333
-0.3998956029905336
-0.3998956029905327
-0.3998956029905331
-0.39989560299053273
-0.39989560299053284
-0.399895602990533
-0.3998956029905337
-0.3998956029905337
-0.3998956029905325
-0.39989560299053184
-0.39989560299053356
-0.39990119178448813
0.0
0.3998956029905342
0.3998956029905325
0.25066894727702965
0.0
