0.0
0.2
0.3998434126605218
0.5992173084985579
0.7978094932350015
0.9953089966513623
1.1914065595297578
1.3857951179136954
1.5781702839313514
1.7682308224284422
1.9556791226643375
2.1402216643328007
2.3215694771776274
2.4994385934834824
2.6789625522960563
2.8600803942852258
3.0427306189003462
3.2284614404508303
3.416982027984621
3.60799718212933
3.799012336274039
3.9900274904187483
4.181042644563457
4.373117543889447
4.566186967257021
4.760185355824934
4.955955720340442
5.153191509198264
5.351583876124128
5.550822163788937
5.750594390258816
5.950587737519318
6.15058108477982
6.350574432040323
6.550567779300825
6.750469083090342
6.949965323275689
7.148744114001998
7.347082523996165
7.544913205274718
7.348362138584491
7.153425302002418
6.960407941934566
6.769612299129795
6.581337135409016
6.395877265841995
6.2135230971042885
6.03456017273715
5.859268726022497
5.687923241173074
5.5207920235249235
5.358136779405196
5.200212206333182
5.0472655941962365
4.8995364380251285
4.757256062975138
4.620647262100155
4.48768169302234
4.349771603514684
4.206239545059392
4.057310270688099
3.9032169847892453
3.744200977939536
3.5805112490734388
3.4124041155823877
3.240142811954187
3.0639970775811394
2.884242734382304
2.701161254901292
2.5150393215559
2.326168377729738
2.134844171408793
1.9413662920775199
1.7460377015996418
1.5491642598182267
1.3510745081753361
1.5498752519834635
1.7493808341588437
1.9492788542182344
1.9999999999999991
