3.5
3.5
3.4920873255977267
3.4762743670395087
3.4525858854164446
3.421058973891671
3.3817429996171637
3.33469952643103
3.2800022184563296
3.217736724752386
3.1480005451992037
3.0709028778249987
2.986564447815912
2.895117318475652
2.80696320222314
2.722132032755861
2.6406526154282557
2.566463250110966
2.4996801079573174
2.4404077629128285
2.3811354178683395
2.3218630728238505
2.2625907277793615
2.2068481672989613
2.1546543193807213
2.1060269070184225
2.065112797258279
2.0319760564162355
2.0066685724331665
1.9892299736249297
1.9796875666294413
1.9780562936479378
1.9764250206664342
1.9747937476849307
1.973162474703427
1.9794448901028696
1.9936311564161293
2.015699059746215
2.041425993511933
2.070803221850622
2.033891730466331
1.9892329154725044
1.936896706919383
1.876965056683524
1.8095318101415372
1.7347025592201057
1.6525944770524001
1.563336134499783
1.467067298826119
1.3639387148399373
1.2541118688471424
1.137758735783908
1.0150615099256963
0.8862123195940932
0.7514129263081786
0.6108744088515299
0.4648168327495763
0.31542318364505517
0.17059367275287185
0.03133374237494291
-0.10213854406879319
-0.22961418587605387
-0.3508935723308495
-0.4657867952685959
-0.5741139464482536
-0.6757053992658588
-0.770402074368306
-0.8580556887514783
-0.9385289879526582
-1.0116959609736336
-1.0774420375979759
-1.1356642677934876
-1.1862714829189205
-1.2291844384825241
-1.2643359382288937
-1.291834787694175
-1.2700852066725985
-1.2562178819795742
-1.250254528089895
-1.249999999999996
