1.9951099975359448
-2.220446049250313e-16
0.004119728034962078
0.0006871229465117423
1.7763568394002505e-15
0.0
0.0
0.0
0.0
-6.661338147750939e-16
-0.0006871229465117423
0.0006871229465126305
-0.0006871229465117423
0.0006871229465119644
-2.220446049250313e-16
2.220446049250313e-16
-4.440892098500626e-16
-2.220446049250313e-16
2.220446049250313e-16
0.0
-0.0006871229465115203
0.0006871229465115203
-2.220446049250313e-16
4.440892098500626e-16
-0.0048068509814749305
2.220446049250313e-16
-2.220446049250313e-16
-2.220446049250313e-16
0.004806850981475819
0.0
-0.004806850981475819
-1.9951099975359452
-1.9967389343570083
0.0
-0.0007793833642315562
-0.0006671652826135688
0.0014465486468437927
4.440892098500626e-16
1.3322676295501878e-15
-3.552713678800501e-15
-0.0002750694395059483
1.9970140037965174
1.4089693160992889
-1.4089693160992889
0.0
