0.0
-0.09893425112829313
-0.19786850225658625
-0.23712084833996672
-0.2242249082837371
-0.23712084833996672
-0.2242249082837371
-0.23712084833996672
-0.2242249082837371
-0.23712084833996672
-0.25001678839619634
-0.21076444231281588
-0.19786850225658625
-0.1586161561732058
-0.17151209622943542
-0.1586161561732058
-0.17151209622943542
-0.18440803628566504
-0.17151209622943542
-0.18440803628566504
-0.19730397634189467
-0.23655632242527513
-0.2236603823690455
-0.23655632242527513
-0.2236603823690455
-0.12472613124075238
-0.025791880112459253
0.07314237101583387
0.172076622144127
0.15918068208789737
0.172076622144127
0.2710108732724201
0.36994512440071325
0.4688793755290064
0.5678136266572995
0.6667478777855926
0.6963898421088546
0.5974555909805614
0.4985213398522679
0.39958708872397475
0.3006528375956816
0.2017185864673885
0.13956782036425075
0.04063356923595718
0.0
