0.0
0.9975549987679724
0.9975549987679723
0.9996148627854533
0.9999584242587092
0.9999584242587101
0.9999584242587101
0.9999584242587101
0.9999584242587101
0.9999584242587101
0.9999584242587097
0.9996148627854539
0.9999584242587102
0.9996148627854543
0.9999584242587103
0.9999584242587102
0.9999584242587103
0.9999584242587101
0.99995842425871
0.9999584242587101
0.9999584242587101
0.9996148627854543
0.9999584242587101
0.99995842425871
0.9999584242587102
0.9975549987679727
0.9975549987679728
0.9975549987679727
0.9975549987679726
0.9999584242587105
0.9999584242587105
0.9975549987679726
0.0
-0.9983694671785042
-0.9983694671785042
-0.9987591588606199
-0.9990927415019267
-0.9983694671785048
-0.9983694671785046
-0.9983694671785039
-0.9983694671785057
-0.9985070018982587
0.0
0.7044846580496444
0.0
