-10.0
-9.5
-9.002445001232028
-8.512201094036039
-8.026191929105668
-7.538708558039353
-7.052699393108981
-6.565216022042667
-6.079206857112295
-5.59172348604598
-5.105714321115609
-4.621260187086403
-4.132324550384028
-3.642080643188039
-3.1483572384178946
-2.655693328279198
-2.1619699235090537
-1.669306013370357
-1.177783529332191
-0.6851196191934943
-0.19359713515532823
0.29670218113576896
0.7827775736040452
1.2703236283666501
1.7563990208349263
2.2439450755975314
2.740060962864531
3.2398946668135404
3.738557811356703
4.23117346848292
4.724852210616706
5.217467867742923
5.699218253897836
5.242740251835841
4.808597568134214
4.401036120379062
4.019992068209148
3.6211835836160424
3.1945705200710064
2.7443251554379082
2.2748508916017167
1.79073918917637
1.2969313010884074
1.7947000755396076
2.0000000000000004
