3.0
3.0
2.9920873255977267
2.9762743670395087
2.9525858854164446
2.921058973891671
2.8817429996171637
2.83469952643103
2.7840821593426277
2.729908086034374
2.67219570190731
2.6069524239124044
2.534280414762858
2.4542934696243432
2.381621460474797
2.3163781824798915
2.2586657983528275
2.2044917250445737
2.1538743579561714
2.1068308847700377
2.0675149104955306
2.0359879989707568
2.0122995173476927
1.9886110357246287
1.9649225541015647
1.9412340724785007
1.9138902740386357
1.8829004436687722
1.8482751043058623
1.8136497649429524
1.7790244255800425
1.7443990862171326
1.713409255847269
1.686065457407404
1.66237697578434
1.638688494161276
1.615000012538212
1.591311530915148
1.563967732475283
1.5329779021054195
1.4983525627425096
1.4673627323726461
1.4400189339327811
1.416330452309717
1.392641970686653
1.368953489063589
1.345265007440525
1.3137380959157514
1.2744221216412444
1.2273786484551104
1.1803351752689764
1.1332917020828424
1.0862482288967084
1.0315509209220077
0.9692854272180643
0.899549247664882
0.8332789049605551
0.7704969019271303
0.7112245568826414
0.6595558219354638
0.6155716037829932
0.5793407761422249
0.5467404054138726
0.5177815614115394
0.4924740774284704
0.47503547862023365
0.4654930716247453
0.46386179864324173
0.4701442140426843
0.4843304803559441
0.5063983836860299
0.5363133684902384
0.5740285916897595
0.6194849960200068
0.6613448506426288
0.6995939415846621
0.7342192809475719
0.776610700413165
0.8267018203855333
0.8844142045125971
0.9496574825075025
1.022329491657049
0.938736793565118
0.8480217331589506
0.7503263587381429
0.6458036488902938
0.5346172729459042
0.4169413346929275
0.29296009975228077
0.16286770704120956
0.027386419639585435
-0.10509339926624484
-0.2315423949847375
-0.35176256439770004
-0.4655656579403322
-0.5727734743762121
-0.67321813983787
-0.7667423706960115
-0.8531997198457684
-0.9324548060243236
-1.0043835258008302
-1.068873247906668
-1.1258229896017546
-1.1751435748007304
-1.2167577737114184
-1.2506004237668975
-1.2766185316618377
-1.3011562664913
-1.276695995535905
-1.2601076292506623
-1.2514171429170013
-1.2499999999999991
