1.9992297255709084
0.0006871229465119644
-2.220446049250313e-16
0.0
0.0
6.661338147750939e-16
2.220446049250313e-16
-2.220446049250313e-16
-2.220446049250313e-16
1.1102230246251565e-15
-1.1102230246251565e-15
2.220446049250313e-16
-2.220446049250313e-16
2.220446049250313e-16
-2.220446049250313e-16
2.220446049250313e-16
-0.004806850981475375
-1.9951099975359454
-1.9967389343570079
-1.1102230246251565e-15
-1.5543122344752192e-15
1.5543122344752192e-15
1.7763568394002505e-15
-2.220446049250313e-16
-0.0009316348347330194
0.0007996444475812936
0.00013199038714994948
-2.220446049250313e-16
-1.5543122344752192e-15
1.9984014443252818e-15
1.9984014443252818e-15
0.0
1.996738934357007
0.0
0.0
