0.0
-0.03957370045131725
-0.0791474009026345
-0.11872110135395175
-0.158294801805269
-0.19786850225658625
-0.2374422027079035
-0.27701590315922076
-0.316589603610538
-0.35616330406185526
-0.3745907450632351
-0.3930181860646149
-0.41144562706599475
-0.3718719266146775
-0.33229822616336024
-0.292724525712043
-0.27429708471066316
-0.25586964370928333
-0.2374422027079035
-0.19786850225658625
-0.158294801805269
-0.11872110135395175
-0.0791474009026345
-0.03957370045131725
0.0
-0.01842744100137983
-0.03685488200275966
-0.05528232300413949
-0.015708622552822238
0.023865077898495013
0.06343877834981226
0.10301247880112951
0.14258617925244677
0.18215987970376402
0.22173358015508127
0.2613072806063985
0.30088098105771577
0.340454681509033
0.38002838196035027
0.4196020824116675
0.45917578286298477
0.498749483314302
0.5383231837656193
0.5778968842169365
0.6174705846682538
0.657044285119571
0.6966179855708887
0.736191686022206
0.7757653864735232
0.8153390869248405
0.8549127873761577
0.8401795755365322
0.800605875085215
0.7610321746338977
0.7214584741825805
0.6818847737312632
0.642311073279946
0.6027373728286287
0.5631636723773115
0.5235899719259942
0.48401627147467696
0.4444425710233597
0.40486887057204246
0.3652951701207252
0.32572146966940796
0.2861477692180907
0.24657406876677346
0.2070003683154562
0.16742666786413896
0.1278529674128217
0.12075447753803203
0.08118077708671478
0.04160707663539753
0.002033376184080282
0.0
