0.0
0.9996148627854542
0.9999584242587102
0.9999584242587101
0.9999584242587101
0.9999584242587101
0.9999584242587104
0.9999584242587105
0.9999584242587104
0.9999584242587103
0.9999584242587108
0.9999584242587103
0.9999584242587104
0.9999584242587103
0.9999584242587104
0.9999584242587103
0.9999584242587104
0.9975549987679727
0.0
-0.9983694671785039
-0.9983694671785045
-0.9983694671785053
-0.9983694671785045
-0.9983694671785036
-0.9983694671785037
-0.9988352845958702
-0.9984354623720796
-0.9983694671785046
-0.9983694671785047
-0.9983694671785055
-0.9983694671785045
-0.9983694671785035
-0.9983694671785035
0.0
0.0
