-1.0
-0.8
-0.6001565873394782
-0.4007826915014421
-0.20219050676499845
-0.004691003348637673
0.1914065595297579
0.3857951179136955
0.5781702839313516
0.7682308224284425
0.9556791226643377
1.1418106112290747
1.326562085133299
1.5098708099867775
1.696200568979184
1.885259593298256
2.0767518404477694
2.26927500731657
2.4627637205507997
2.6571522789347375
2.853249841813133
3.0507493452294936
3.249341529965937
3.4487154258039734
3.648558838464495
3.8485588384644953
4.0485248823672
4.2483890695081845
4.448083533809604
4.648058858234774
4.848001906743563
5.04759959383584
5.246539374803727
5.444509735137043
5.641200678315586
5.836304211224439
6.029514826432192
6.220529980576901
6.4090505681106915
6.5947813896611756
6.413790846021953
6.236307731925374
6.0626099634578265
5.892969529333687
5.7276520649954294
5.566916436662154
5.411014335977862
5.260189885894204
5.11467925840485
4.974710304730042
4.840502198530437
4.7094235945686815
4.573045691033067
4.430987501952025
4.283471472464347
4.130728593995913
3.972998042556359
3.8105268042197284
3.6435692883755504
3.472386929355942
3.29724777706255
3.1184260772343357
2.936201842013468
2.7508604114817636
2.5626920068542463
2.3719912760294566
2.179056832208162
1.984190786302876
1.787698273870431
1.589886977308315
1.3912056563469903
1.5901740920067766
1.7897842631523826
1.989723605527482
1.9999999999999982
