2.5
2.5
2.4920873255977267
2.4762743670395087
2.4525858854164446
2.421058973891671
2.3817429996171637
2.33469952643103
2.2800022184563296
2.217736724752386
2.1480005451992037
2.074822208482145
1.9982265631084248
1.9182396179699102
1.8455676088203639
1.7803243308254584
1.7226119466983945
1.6684378733901408
1.6178205063017386
1.5707770331156046
1.5314610588410975
1.499934147316324
1.4762456656932599
1.4604327071350418
1.4525200327327688
1.4525200327327688
1.4488347531095136
1.4414654452401376
1.430414611453991
1.4272730161509197
1.4320455786714261
1.4447248257868344
1.4652909034014205
1.493711607641413
1.5299424352821813
1.5739266534346519
1.6255953883818295
1.6848677334263182
1.751650875579967
1.825840240897257
1.740768488085544
1.648602744862481
1.549487331113291
1.443577449027377
1.3310389400713412
1.2120480253022463
1.0867910294277507
0.9554640890452043
0.8182728455165695
0.6754321229600861
0.5271655918628955
0.3761156515957216
0.22984245705718265
0.08907935490220198
-0.04595323767258841
-0.17504387672304822
-0.29799042265197184
-0.4146003567341092
-0.524691082576114
-0.6280902120393781
-0.7246358351780315
-0.8141767737694183
-0.8965728180400545
-0.9716949462163822
-1.0394255265565293
-1.0996585015467295
-1.1522995539739551
-1.1972662546147392
-1.2344881913088963
-1.263907079216055
-1.2868020518542223
-1.2666441346905815
-1.2543738621385587
-1.25001044789149
-1.250000000000001
