0.0
-0.03957370045131725
-0.0791474009026345
-0.11872110135395175
-0.158294801805269
-0.11872110135395175
-0.0791474009026345
-0.11872110135395175
-0.158294801805269
-0.11872110135395175
-0.158294801805269
-0.11872110135395175
-0.0791474009026345
-0.11872110135395175
-0.158294801805269
-0.11872110135395175
-0.0791474009026345
-0.03957370045131725
-0.0791474009026345
-0.11872110135395175
-0.0791474009026345
-0.03957370045131725
-0.0791474009026345
-0.11872110135395175
-0.158294801805269
-0.11872110135395175
-0.158294801805269
-0.19786850225658625
-0.158294801805269
-0.11872110135395175
-0.158294801805269
-0.19786850225658625
-0.2374422027079035
-0.19786850225658625
-0.2374422027079035
-0.27701590315922076
-0.2374422027079035
-0.27701590315922076
-0.2374422027079035
-0.27701590315922076
-0.316589603610538
-0.35616330406185526
-0.316589603610538
-0.27701590315922076
-0.316589603610538
-0.27701590315922076
-0.316589603610538
-0.27701590315922076
-0.2374422027079035
-0.19786850225658625
-0.158294801805269
-0.11872110135395175
-0.0791474009026345
-0.03957370045131725
0.0
0.03957370045131725
0.0791474009026345
0.11872110135395175
0.0791474009026345
0.03957370045131725
0.0791474009026345
0.11872110135395175
0.0791474009026345
0.11872110135395175
0.0791474009026345
0.11872110135395175
0.158294801805269
0.19786850225658625
0.2374422027079035
0.19786850225658625
0.158294801805269
0.19786850225658625
0.2374422027079035
0.27701590315922076
0.2374422027079035
0.27701590315922076
0.2374422027079035
0.27701590315922076
0.2374422027079035
0.19786850225658625
0.158294801805269
0.19786850225658625
0.2374422027079035
0.27701590315922076
0.316589603610538
0.35616330406185526
0.3957370045131725
0.43531070496448976
0.474884405415807
0.5144581058671243
0.5540318063184415
0.5936055067697588
0.633179207221076
0.6727529076723933
0.7123266081237105
0.7519003085750278
0.791474009026345
0.7549254579915345
0.7153517575402173
0.6757780570889
0.6362043566375823
0.5966306561862651
0.5570569557349478
0.5174832552836306
0.47790955483231334
0.4383358543809961
0.39876215392967884
0.3591884534783616
0.31961475302704434
0.2800410525757271
0.24046735212440984
0.2008936516730926
0.16131995122177534
0.13023008906802147
0.09065638861670422
0.05108268816538697
0.011508987714069718
0.0
