0.0
0.3998434126605223
0.39984341266052226
0.3998434126605218
0.3998434126605217
0.3998434126605217
0.39984341266052187
0.3998434126605218
0.3998434126605217
0.3998434126605217
0.3998434126605217
0.3998434126605217
0.39984341266052187
0.3998434126605218
0.3998434126605217
0.3998434126605217
0.39984341266052187
0.3998434126605218
0.3998434126605218
0.3998434126605218
0.39984341266052187
0.3998434126605218
0.3998434126605218
0.3998434126605218
0.3998434126605217
0.3998434126605217
0.3998434126605217
0.3998434126605218
0.39984341266052187
0.3998434126605217
0.3998434126605218
0.3998434126605218
0.3998434126605218
0.39984341266052187
0.39984341266052187
0.39984341266052187
0.3998434126605219
0.39984341266052187
0.3998434126605218
0.39984341266052176
0.3998434126605218
0.39984341266052187
0.39984341266052204
0.39984341266052204
0.3998434126605218
0.3998434126605218
0.3998434126605218
0.39984341266052187
0.0
-0.39984341266052187
-0.39984341266052165
-0.3998434126605217
-0.39984341266052187
-0.39984341266052187
-0.3998434126605217
0.0
0.3998434126605216
0.3998434126605216
0.39984341266052187
0.39984341266052187
0.3998434126605218
0.3998434126605218
0.39984341266052187
0.3998434126605218
0.39984341266052187
0.3998434126605218
0.3998434126605217
0.3998434126605216
0.39984341266052187
0.39984341266052187
0.39984341266052165
0.3998434126605216
0.3998434126605214
0.3998434126605213
0.39984341266052137
0.3998434126605213
0.39984341266052137
0.3998434126605213
0.39984341266052137
0.3998434126605215
0.39984341266052165
0.3998434126605216
0.3998434126605215
0.0
-0.39989560299053295
-0.39989560299053317
-0.3998956029905332
-0.39989560299053317
-0.3998956029905334
-0.39989560299053295
-0.3998956029905323
-0.39989560299053273
-0.3998956029905336
-0.39989560299053317
-0.39989560299053256
-0.3998956029905337
-0.3999066756216575
-0.3998960429712935
-0.3998956029905334
-0.39989560299053417
-0.3998956029905334
-0.3998956029905329
-0.39989560299053284
-0.399895602990533
-0.39989560299053356
-0.39989560299053306
-0.3998956029905327
-0.39989560299053284
-0.39989560299053367
-0.39989560299053295
-0.39989560299053173
-0.3998956029905333
-0.3998988153388336
0.0
0.3998956029905321
0.3998956029905336
0.2581113470346382
0.0
