-7.0
-6.8
-6.600156587339478
-6.400782691501441
-6.202190506764998
-6.004691003348637
-5.806098818612194
-5.606724922774157
-5.408132738037714
-5.210633234621353
-5.0120410498849095
-4.814541546468549
-4.615949361732105
-4.416575465894069
-4.217983281157625
-4.020483777741265
-3.821891593004821
-3.622517697166785
-3.422674284506263
-3.223300388668227
-3.0247082039317834
-2.825334308093747
-2.6254908954332254
-2.4261169995951892
-2.2275248148587456
-2.030025311442385
-1.8314331267059414
-1.6339336232895807
-1.437836060411185
-1.2403365569948244
-1.0417443722583808
-0.84424486884202
-0.6481473059636245
-0.4537587475796869
-0.25766118470129135
-0.06327262631735378
0.12910253970030236
0.3234910980842399
0.5158662641018961
0.7102548224858336
0.9026299885034897
1.0926905270005807
1.280138827236476
1.470199365733567
1.6625745317512233
1.852635070248314
2.0450102362659703
2.235070774763061
2.4274459407807174
2.2330573823967796
2.0369598195183842
1.8394603161020235
1.64086813136558
1.4414942355275437
1.241650822867022
1.041650822867022
1.2414942355275438
1.4408681313655798
1.6394603161020234
1.8388342119400596
2.0386776246005813
2.2380515204386175
2.436643705175061
2.6360176010130973
2.834609785749541
3.033983681587577
3.2325758663240207
3.4300753697403814
3.626172932618777
3.8205614910027146
4.01665905388111
4.214158557297471
4.410256120175866
4.604644678559803
4.797019844577459
4.9914084029613965
5.183783568979052
5.37817212736299
5.5705472933806455
5.764935851764583
5.961033414642978
6.158532918059339
6.354630480937734
6.549019039321672
6.357776227986576
6.168997171086674
5.982977472724657
5.8000084161970955
5.620376507881675
5.44436302860448
5.272243593189834
5.104287718882377
4.940758403317185
4.781911712698767
4.627996380833814
4.4792534196455405
4.335915741779532
4.192992368643912
4.044654489075549
3.891126143586869
3.732647738129417
3.569467429821948
3.4018407383677918
3.2300301459433522
3.0543046861842473
2.874939522912701
2.6922155192658304
2.506418797899534
2.317840292956637
2.126775294500857
1.933522986129951
1.7383859764920766
1.5416698254389614
1.3436939924384044
1.5424624900203279
1.741947433416243
1.9418364544606286
1.9999999999999991
