2.0
2.0
1.992087325597727
1.9762743670395089
1.9525858854164448
1.9210589738916712
1.8973704922686072
1.8815575337103891
1.8578690520873251
1.8263421405625515
1.8026536589394875
1.7711267474147139
1.7474382657916498
1.7316253072334318
1.7079368256103677
1.6764099140855941
1.6527214324625301
1.636908473904312
1.628995799502039
1.613182840943821
1.5894943593207569
1.5736814007625388
1.5657687263602658
1.5499557678020477
1.5262672861789837
1.49474037465421
1.471051893031146
1.4395249815063724
1.4002090072318654
1.3686820957070918
1.3449936140840277
1.3134667025592541
1.274150728284747
1.227107255098613
1.187791280824106
1.140747807637972
1.0860504996632714
1.0390070264771374
0.9843097185024369
0.937266245316303
0.8825689373416025
0.8203034436376591
0.7505672640844767
0.6883017703805333
0.6336044624058328
0.5713389687018894
0.5166416607271889
0.45437616702324546
0.3996788590485449
0.44672233223467883
0.48603830650918584
0.5175652180339595
0.5412536996570235
0.5570666582152417
0.5649793326175149
0.5649793326175149
0.572892007019788
0.5887049655780062
0.6123934472010703
0.6282064057592884
0.6361190801615616
0.6519320387197798
0.6756205203428438
0.691433478901062
0.715121960524126
0.7309349190823442
0.7546234007054082
0.786150312230182
0.8254662865046889
0.8725097596908228
0.9118257339653297
0.9433526454901034
0.9826686197646104
1.0297120929507444
1.084409400925445
1.131452874111579
1.1861501820862796
1.2331936552724136
1.2878909632471143
1.3349344364332483
1.3742504107077553
1.405777322232529
1.445093296507036
1.49213676969317
1.4336477354565913
1.3676382839419614
1.2942117775932114
1.213483193023105
1.1255789409744181
1.0306366683767219
0.9288050428087182
0.8202435197036311
0.7051220926621868
0.5836210272641604
0.45593057879529475
0.3222506943316161
0.18279069964762273
0.04290583960972727
-0.09122340216267899
-0.21937888251676796
-0.3413599261954583
-0.4569755263277846
-0.566044643521479
-0.6683964893477352
-0.763870793774267
-0.8523180561278885
-0.9335997791936372
-1.0075886860838832
-1.0741689195378186
-1.1332362233392592
-1.18469810556868
-1.2284739834338536
-1.2644953094522977
-1.292795896439122
-1.2707535648405033
-1.2565924430061628
-1.2503347054600211
-1.2500000000000027
