0.7996868253210433
-1.1102230246251565e-16
0.0
2.220446049250313e-16
3.3306690738754696e-16
0.0
-3.3306690738754696e-16
2.220446049250313e-16
2.220446049250313e-16
0.00024526248436562703
1.1102230246251565e-16
-1.1102230246251565e-16
-0.00024526248436562703
-2.220446049250313e-16
2.220446049250313e-16
0.0002452624843658491
-3.3306690738754696e-16
2.220446049250313e-16
0.0
2.220446049250313e-16
-3.3306690738754696e-16
0.0
3.3306690738754696e-16
-6.661338147750939e-16
0.0
6.661338147750939e-16
5.551115123125783e-16
-0.0002452624843660711
-2.220446049250313e-16
4.440892098500626e-16
0.00024526248436562703
-7.771561172376096e-16
-1.1102230246251565e-16
-0.0002452624843665152
2.220446049250313e-16
1.1102230246251565e-16
0.000245262484365405
9.992007221626409e-16
-2.220446049250313e-16
-0.0002452624843649609
9.992007221626409e-16
-1.4432899320127035e-15
-1.7763568394002505e-15
1.1102230246251565e-15
-0.7996868253210432
-0.7997912059810668
1.1102230246251565e-16
1.2212453270876722e-15
-6.661338147750939e-16
-9.992007221626409e-16
1.3322676295501878e-15
0.0
1.1102230246251565e-16
2.220446049250313e-16
-2.220446049250313e-16
-8.711136511152517e-05
2.0377223197698413e-05
6.67341419140488e-05
-1.1102230246251565e-16
-1.4432899320127035e-15
9.992007221626409e-16
9.992007221626409e-16
-8.881784197001252e-16
-6.661338147750939e-16
1.1102230246251565e-15
1.1102230246251565e-16
-1.1102230246251565e-16
-2.220446049250313e-16
-1.5543122344752192e-15
-4.440892098500626e-16
3.3306690738754696e-16
4.6629367034256575e-15
-3.552713678800501e-15
-2.4424906541753444e-15
3.3306690738754696e-15
-1.8410374348354352e-06
0.7997930470185002
0.7997912059810668
1.4432899320127035e-15
-0.3789034276223392
-0.42088777835872904
0.0
