0.0
-0.03925234608338046
-0.1381865972116736
-0.23712084833996672
-0.2242249082837371
-0.23712084833996672
-0.2242249082837371
-0.23712084833996672
-0.2242249082837371
-0.23712084833996672
-0.2242249082837371
-0.12529065715544396
-0.0860383110720635
-0.07314237101583387
-0.06024643095960425
-0.020994084876223784
0.07794016625206934
0.17687441738036247
0.2758086685086556
0.3747429196369487
0.47367717076524185
0.572611421893535
0.6715456730218285
0.7704799241501217
0.6896756561714668
0.5907414050431736
0.4918071539148805
0.3928729027865874
0.29393865165829425
0.19500440053000112
0.096070149401708
0.0
