0.0
0.39984341266052165
0.3998434126605216
0.3998434126605216
0.3998434126605217
0.39984341266052187
0.39984341266052187
0.3998434126605217
0.3998434126605218
0.3998434126605219
0.39996604390270474
0.3999660439027048
0.39996604390270474
0.3998434126605219
0.3998434126605218
0.3998434126605219
0.39996604390270485
0.3999660439027047
0.3999660439027048
0.3999660439027048
0.3999660439027049
0.39996604390270474
0.39996604390270474
0.3999660439027049
0.39996604390270457
0.39996604390270457
0.3999660439027049
0.3999660439027052
0.39984341266052215
0.39984341266052204
0.39984341266052226
0.39996604390270507
0.3999660439027047
0.3999660439027046
0.39984341266052137
0.3998434126605215
0.39984341266052154
0.39996604390270424
0.39996604390270474
0.3999660439027046
0.39984341266052215
0.39984341266052265
0.3998434126605219
0.39984341266052104
0.3998434126605216
0.0
-0.3998956029905334
-0.39989560299053334
-0.39989560299053273
-0.39989560299053306
-0.39989560299053356
-0.3998956029905329
-0.3998956029905329
-0.39989560299053284
-0.39989560299053273
-0.39989560299053284
-0.3999391586730886
-0.39992897006148975
-0.39989560299053273
-0.3998956029905328
-0.3998956029905335
-0.399895602990533
-0.3998956029905325
-0.39989560299053295
-0.3998956029905333
-0.39989560299053273
-0.3998956029905327
-0.39989560299053273
-0.39989560299053284
-0.3998956029905336
-0.39989560299053384
-0.39989560299053367
-0.39989560299053134
-0.3998956029905331
-0.39989560299053434
-0.3998956029905327
-0.3998965235092501
0.0
0.3998956029905334
0.3998956029905341
0.21044388917936452
0.0
