-2.0
-1.8
-1.6001565873394783
-1.4007826915014423
-1.2021905067649987
-1.004691003348638
-0.8085934404702424
-0.6142048820863049
-0.4218297160686487
-0.2317691775715578
-0.04432087733566256
0.14438058444418447
0.33427113211602366
0.525286286260733
0.7184969014684859
0.9136004343773388
1.1102913775558823
1.307616530104598
1.505508888102699
1.7039012550285633
1.9017936130266642
2.0991187655753802
2.2958097087539233
2.4931348613026394
2.6910272193007403
2.8894195862266043
3.0873119442247052
3.2846370967734213
3.481328039951965
3.6792984002852807
3.8782381812531677
4.077835868345445
4.2776333005004705
4.477562634307789
4.677555981568291
4.877457285357808
5.076953525543154
5.275732316269464
5.474070726263631
5.671901407542184
5.869157184526508
6.06495223720758
6.258979975321575
6.45093657599553
6.640521459495498
6.8274377598963545
6.645083591158648
6.466120666791508
6.290829220076856
6.119483735227433
5.952352517579282
5.789697273459555
5.6317727003875415
5.478826088250596
5.331096932079488
5.188816557029496
5.052207756154514
4.919568504853358
4.782196052335072
4.639181030452866
4.490747382624556
4.3371275371501685
4.178562043258643
4.015299194438194
3.847594639640145
3.675710982965039
3.4999173724578614
3.3204890786562777
3.1377070635518227
2.951857540638993
2.7632315267411505
2.5721243863150223
2.378835368947354
2.183667140767948
1.9869253105128104
1.7889179509795854
1.589955116624533
1.3909875630488102
1.5899551222467014
1.7895647598093332
1.9895039123159046
2.0000000000000018
