2.5
2.5
2.4920873255977267
2.4762743670395087
2.4525858854164446
2.421058973891671
2.3817429996171637
2.33469952643103
2.2800022184563296
2.217736724752386
2.1480005451992037
2.0817302024948767
2.0189481994614518
1.959675854416963
1.9080071194697854
1.8640229013173149
1.8277920736765465
1.795191702948194
1.766232858945861
1.740925374962792
1.7119665309604588
1.6793661602321064
1.643135332591338
1.6105349618629856
1.5815761178606524
1.5562686338775835
1.5273097898752503
1.494709419146898
1.4584785915061296
1.4300578872661371
1.409491809651551
1.3968125625361427
1.3878133345549282
1.3824971814945164
1.3808659085130128
1.3871483239124553
1.401334590225715
1.4234024935558007
1.4491294273215185
1.4785066556602078
1.5115242032116312
1.5523200037996405
1.6008301763654762
1.656978760120541
1.7206778334913784
1.7918276517937246
1.7097195696260188
1.6204612270734013
1.5241923913997377
1.4210638074135558
1.311236961420761
1.194883828357526
1.072186602499315
0.9433374121677123
0.8085380188817968
0.6679995014251487
0.5219419253231947
0.37225763149233315
0.22691806598317754
0.08712720959653653
-0.046896042884740696
-0.17494182801531077
-0.29680964230692486
-0.41230865619150214
-0.5212580128360778
-0.6234871113417044
-0.7188358738828582
-0.8071549963690516
-0.8883061822361322
-0.9621623590011958
-1.0286078772420064
-1.0875386916893472
-1.1388625241487433
-1.1824990079964282
-1.2183798140233024
-1.2464487574298244
-1.2666618858042964
-1.2868285211638042
-1.2666619547700806
-1.2543830050839861
-1.2500108993861516
-1.2500000000000002
