0.7996868253210428
1.6653345369377348e-15
-0.7996868253210445
-0.7996868253210468
1.1102230246251565e-16
4.440892098500626e-16
0.0
-4.440892098500626e-16
0.00010439700946840436
-0.0002087776694864596
-4.440892098500626e-16
-2.9976021664879227e-15
1.9984014443252818e-15
1.1102230246251565e-16
-1.7763568394002505e-15
3.552713678800501e-15
-4.440892098500626e-16
-1.7763568394002505e-15
1.1102230246251565e-15
6.661338147750939e-16
-2.4424906541753444e-15
-8.881784197001252e-16
3.552713678800501e-15
-2.220446049250313e-16
-6.661338147750939e-16
-2.220446049250313e-16
-4.440892098500626e-16
4.440892098500626e-16
-1.9016268903104816e-05
-5.994584434498851e-05
7.896211324864844e-05
1.1102230246251565e-16
-2.1094237467877974e-15
5.551115123125783e-16
-1.1102230246251565e-16
5.551115123125783e-16
1.9984014443252818e-15
-8.881784197001252e-16
-2.6645352591003757e-15
4.440892098500626e-16
1.9984014443252818e-15
-1.3322676295501878e-15
-3.3306690738754696e-16
1.9984014443252818e-15
-2.1094237467877974e-15
1.7763568394002505e-15
4.440892098500626e-16
-1.4432899320127035e-15
6.661338147750939e-16
-3.698418016728766e-05
0.7998281901612329
0.7997912059810666
5.551115123125783e-16
-0.3247953733037599
-0.4749958326773072
0.0
