0.0
0.03957370045131725
0.0791474009026345
0.11872110135395175
0.158294801805269
0.19786850225658625
0.2374422027079035
0.19786850225658625
0.158294801805269
0.11872110135395175
0.158294801805269
0.19786850225658625
0.2374422027079035
0.27701590315922076
0.316589603610538
0.35616330406185526
0.3957370045131725
0.43531070496448976
0.474884405415807
0.5144581058671243
0.5540318063184415
0.5936055067697588
0.633179207221076
0.6727529076723933
0.7123266081237105
0.7519003085750278
0.791474009026345
0.8310477094776623
0.8706214099289795
0.9101951103802968
0.934406390237803
0.8948326897864858
0.8552589893351685
0.8156852888838513
0.7761115884325336
0.7365378879812163
0.6969641875298991
0.6573904870785818
0.6178167866272646
0.5782430861759473
0.5386693857246301
0.49909568527331283
0.4595219848219956
0.4199482843706783
0.3803745839193611
0.3408008834680438
0.3012271830167266
0.2616534825654093
0.22207978211409207
0.18250608166277482
0.14293238121145757
0.12615115470092686
0.08657745424960961
0.04700375379829236
0.007430053346975107
0.0
