0.0
0.3998434126605214
0.39984341266052226
0.0
-0.3998434126605234
-0.39984341266052337
-0.39984341266052315
-0.39984341266052315
-0.39984341266052337
-0.39979121415578917
-0.3998956029905324
-0.3998956029905326
-0.3998956029905341
-0.3998956029905331
-0.39989560299053306
-0.39989560299053395
-0.3998956029905322
-0.3998956029905324
-0.3998956029905333
-0.39989560299053273
-0.3998956029905324
-0.3998956029905336
-0.39989560299053406
-0.3998956029905323
-0.3998956029905324
-0.39989560299053273
-0.39989560299053284
-0.39989560299053306
-0.39989560299053284
-0.3999051111249844
-0.3999350840471569
-0.39989560299053256
-0.3998956029905325
-0.39989560299053356
-0.3998956029905333
-0.39989560299053334
-0.39989560299053306
-0.39989560299053206
-0.3998956029905325
-0.39989560299053384
-0.3998956029905336
-0.3998956029905326
-0.3998956029905333
-0.39989560299053345
-0.39989560299053245
-0.3998956029905335
-0.3998956029905326
-0.3998956029905324
-0.3998956029905331
-0.3998956029905328
-0.3999140950806164
0.0
0.3998956029905333
0.39989560299053356
0.2374979163386536
0.0
