9.0
9.2
9.399843412660521
9.599217308498558
9.400625123762113
9.203125620345752
9.007028057467355
8.812639499083417
8.61654193620502
8.41904243278866
8.220970738397778
8.024146517743578
7.828877972636628
7.635470868896551
7.444228057561456
7.255449000661553
7.069429302299536
6.886460245771976
6.706828337456555
6.53081485817936
6.358695422764714
6.190739548457257
6.027210232892064
5.868363542273647
5.714448210408694
5.565705249220421
5.422367571354413
5.284659625466912
5.152797044766631
5.026986309360458
4.90718325754078
4.785172805553037
4.656988835627946
4.5228320676336455
4.382912574083871
4.237449451190982
4.08667047578904
3.9308117486641176
3.770117324850366
3.6048388314707225
3.435235073720702
3.2615716296122192
3.0841204341120516
2.9031593533261013
2.7189717493962666
2.531846036791187
2.34207523068571
2.149956488136225
1.955790642770327
1.7598817337194506
1.5625365295320792
1.3641392030556894
1.5629959560886109
1.7625370021273055
1.9624498851566141
2.000000000000001
