3.0
3.0
3.0079126744022733
3.0237256329604913
3.0000371513374273
2.9685102398126535
2.9291942655381464
2.8821507923520127
2.8428348180775056
2.8113079065527318
2.78369660643115
2.748270540079589
2.705085180232829
2.654208149696899
2.5957191154603203
2.52970966394569
2.4562831575969404
2.375554573026834
2.287650320978147
2.1927080483804513
2.0908764228124475
1.9823148997073603
1.8671934726659158
1.745692407267889
1.618001958799024
1.484322074335345
1.3448620796513524
1.1998403514423568
1.0494839753742278
0.8940283904959845
0.733892381300199
0.5754366158038762
0.4219320560425399
0.2736190707222974
0.13072989920096267
-0.0065117121693760716
-0.13789086040081822
-0.2632018223805179
-0.38224837700703684
-0.4948441124477454
-0.6008127180361518
-0.6999882603520815
-0.7922154430524095
-0.8773498500454693
-0.9552581716283708
-1.025818413233115
-1.088920086454642
-1.1444643820616909
-1.192364324719537
-1.2325449091823604
-1.2649432177419655
-1.2901605609918292
-1.2689291741675444
-1.2555818538723544
-1.2501395003200013
-1.2499999999999964
