0.7996868253210446
-1.1102230246251565e-16
-8.881784197001252e-16
-2.220446049250313e-16
-1.1102230246251565e-16
-4.440892098500626e-16
-4.440892098500626e-16
1.1102230246251565e-15
1.4432899320127035e-15
-1.1102230246251565e-16
-1.2212453270876722e-15
-1.1102230246251565e-16
1.4432899320127035e-15
-1.1102230246251565e-16
-1.2212453270876722e-15
-1.1102230246251565e-16
1.1102230246251565e-16
-1.1102230246251565e-15
-1.1102230246251565e-16
1.1102230246251565e-16
2.1094237467877974e-15
1.7763568394002505e-15
0.0
-0.7996868253210464
-0.799686825321047
1.4432899320127035e-15
9.992007221626409e-16
-2.220446049250313e-16
1.1102230246251565e-16
-1.1102230246251565e-16
1.1102230246251565e-16
1.1102230246251565e-16
8.881784197001252e-16
2.220446049250313e-16
0.7996868253210434
0.799686825321043
-3.3306690738754696e-16
-0.7996868253210426
-0.7997912059810663
-2.220446049250313e-16
2.220446049250313e-16
2.220446049250313e-16
2.220446049250313e-16
-8.881784197001252e-16
1.7763568394002505e-15
-8.881784197001252e-16
-6.661338147750939e-16
1.7763568394002505e-15
-1.9984014443252818e-15
4.440892098500626e-16
-5.167326084798418e-07
-1.669387168079517e-05
1.7210604291051368e-05
-2.4424906541753444e-15
0.0
1.6653345369377348e-15
-1.7763568394002505e-15
3.3306690738754696e-16
6.661338147750939e-16
6.661338147750939e-16
7.771561172376096e-16
-1.6653345369377348e-15
2.220446049250313e-16
1.4432899320127035e-15
-7.771561172376096e-16
-1.9984014443252818e-15
1.4432899320127035e-15
2.7755575615628914e-15
-8.881784197001252e-16
-1.9984014443252818e-15
-7.227495789119409e-05
0.7998634809389573
0.7997912059810658
8.881784197001252e-16
-0.15589754043902238
-0.6438936655420443
0.0
