0.0
-0.03957370045131725
-0.0791474009026345
-0.11872110135395175
-0.158294801805269
-0.19786850225658625
-0.2374422027079035
-0.27701590315922076
-0.316589603610538
-0.35616330406185526
-0.316589603610538
-0.27701590315922076
-0.316589603610538
-0.35616330406185526
-0.316589603610538
-0.27701590315922076
-0.316589603610538
-0.27701590315922076
-0.2374422027079035
-0.27701590315922076
-0.2374422027079035
-0.19786850225658625
-0.2374422027079035
-0.19786850225658625
-0.158294801805269
-0.11872110135395175
-0.0791474009026345
-0.03957370045131725
0.0
0.03957370045131725
0.0
0.03957370045131725
0.0791474009026345
0.11872110135395175
0.158294801805269
0.19786850225658625
0.2374422027079035
0.27701590315922076
0.316589603610538
0.35616330406185526
0.3957370045131725
0.43531070496448976
0.474884405415807
0.5144581058671243
0.5540318063184415
0.5936055067697588
0.633179207221076
0.6727529076723933
0.7123266081237105
0.7519003085750278
0.791474009026345
0.8310477094776623
0.8683140738856423
0.828740373434325
0.7891666729830078
0.7495929725316905
0.7100192720803729
0.6704455716290556
0.6308718711777384
0.5912981707264211
0.5517244702751039
0.5121507698237866
0.47257706937246935
0.4330033689211521
0.39342966846983485
0.3538559680185176
0.31428226756720035
0.2747085671158831
0.23513486666456584
0.1955611662132486
0.15598746576193134
0.11641376531061409
0.14286321205160224
0.10328951160028499
0.06371581114896774
0.024142110697650487
0.0
