0.0
0.3998434126605223
0.39984341266052226
0.3998434126605218
0.3998434126605217
0.39984341266052165
0.3998434126605214
0.3998434126605212
0.39984341266052176
0.3998434126605225
0.3998434126605224
0.3998434126605218
0.39984341266052176
0.3998434126605225
0.3998434126605224
0.3998434126605218
0.39984341266052176
0.3998434126605218
0.39984341266052126
0.3998434126605212
0.39984341266052126
0.3998434126605223
0.3998434126605232
0.3998434126605232
0.0
-0.3998434126605235
-0.39984341266052276
-0.39984341266052226
-0.39984341266052237
-0.3998434126605223
-0.39984341266052237
-0.3998434126605223
-0.39984341266052226
-0.3998434126605218
-0.3998434126605217
0.0
0.3998434126605215
0.3998434126605213
0.0
-0.39989560299053317
-0.3998956029905333
-0.39989560299053317
-0.39989560299053306
-0.39989560299053295
-0.3998956029905334
-0.3998956029905325
-0.39989560299053295
-0.3998956029905333
-0.3998956029905324
-0.3998956029905334
-0.39989560299053317
-0.3998958613568374
-0.3999042082926778
-0.3998956029905323
-0.3998956029905335
-0.3998956029905335
-0.3998956029905327
-0.39989560299053356
-0.3998956029905334
-0.39989560299053306
-0.39989560299053273
-0.39989560299053234
-0.39989560299053317
-0.39989560299053306
-0.39989560299053234
-0.39989560299053273
-0.3998956029905337
-0.399895602990533
-0.3998956029905316
-0.39989560299053206
-0.39989560299053306
-0.39993174046947866
0.0
0.3998956029905329
0.39989560299053334
0.32194683277102215
0.0
