4.0
4.2
4.399843412660522
4.599217308498559
4.797809493235002
4.995308996651363
5.191406559529758
5.385795117913696
5.578170283931351
5.768230822428443
5.955679122664338
6.1457396611614294
6.338114827179085
6.5281753656761765
6.715623665912072
6.905684204409163
7.098059370426819
7.28811990892391
7.480495074941566
7.6748836333255035
7.867258799343159
8.061647357727097
8.257744920605493
8.452133478989431
8.648231041867827
8.450731538451466
8.252139353715021
8.052765457876985
7.852922045216463
7.652922045216463
7.453078632555941
7.25307863255594
7.053235219895418
6.853861324057382
6.655269139320938
6.457769635904578
6.653867198782973
6.8482557571669105
7.040630923184566
6.851851866284664
6.665832167922647
6.482863111395086
6.303231203079665
6.12721772380247
5.955098288387824
5.787142414080367
5.623613098515175
5.464766407896757
5.310851076031804
5.162108114843531
5.018770436977523
4.881062491090022
4.749194771489631
4.616985619416151
4.478943426529581
4.335284349427118
4.18623334003552
4.032023793364855
3.872897182041478
3.7091026781924605
3.540896763273593
3.368542826451891
3.192310752171509
3.01247649754887
2.829321660258759
2.6431330375880133
2.454202177347284
2.262824921344075
2.06930094213193
1.873933273761148
1.6770278372658316
1.478892961630276
1.280442639757946
1.4789168201634348
1.6782069508566995
1.8780009687242423
1.9999999999999982
