3.0
3.0
2.9920873255977267
2.9762743670395087
2.9525858854164446
2.921058973891671
2.8817429996171637
2.83469952643103
2.7800022184563296
2.717736724752386
2.6480005451992037
2.58573505149526
2.5310377435205598
2.4687722498166162
2.399036070263434
2.3367705765594904
2.28207326858479
2.2198077748808465
2.165110466906146
2.1180669937200123
2.063369685745312
2.016326212559178
1.977010238284671
1.929966765098537
1.89065079082403
1.9221777023488036
1.9458661839718676
1.9616791425300857
1.9695918169323587
1.9695918169323587
1.9616791425300857
1.9616791425300857
1.9537664681278126
1.9379535095695946
1.9142650279465305
1.882738116421757
1.922054090696264
1.969097563882398
2.0237948718570986
1.9577854203424687
1.8843589139937187
1.803630329423612
1.7157260773749254
1.6207838047772296
1.5189521792092255
1.4103906561041382
1.2952692290626946
1.1737681636646675
1.0460777151958023
0.9123978307321234
0.7729378360481307
0.6279161078391349
0.47756407189114647
0.32751234707170296
0.18280874312091866
0.04367984756234722
-0.08965648136800963
-0.2169914558601218
-0.3381256854652075
-0.45286948931592974
-0.5610431931426239
-0.6624774106204527
-0.757013308606945
-0.8445028558545951
-0.9248090548090437
-0.9978061561299136
-1.0633798555983494
-1.121427473102957
-1.1718581134238542
-1.214592808563081
-1.2495646413984862
-1.2767188504674643
-1.3014867375916022
-1.276935164818195
-1.2602551222061238
-1.2514727285903389
-1.2499999999999982
