0.7996868253210437
-1.1102230246251565e-16
0.0
-2.220446049250313e-16
0.0
3.3306690738754696e-16
0.0
-1.1102230246251565e-16
0.0
1.1102230246251565e-16
-1.1102230246251565e-16
1.1102230246251565e-16
-1.1102230246251565e-16
-2.220446049250313e-16
3.3306690738754696e-16
0.0
-3.3306690738754696e-16
2.220446049250313e-16
2.220446049250313e-16
-1.1102230246251565e-16
-1.1102230246251565e-16
-1.1102230246251565e-16
1.1102230246251565e-16
0.0
-2.220446049250313e-16
-1.1102230246251565e-16
-1.1102230246251565e-16
1.1102230246251565e-16
-1.1102230246251565e-16
0.0
1.1102230246251565e-16
-1.1102230246251565e-16
1.1102230246251565e-16
-1.1102230246251565e-16
1.1102230246251565e-16
-1.1102230246251565e-16
5.551115123125783e-16
5.551115123125783e-16
-4.440892098500626e-16
-5.551115123125783e-16
9.992007221626409e-16
0.0
-8.881784197001252e-16
3.3306690738754696e-16
-0.7996868253210437
-0.7996868253210447
0.7996868253210447
0.7996868253210445
-8.881784197001252e-16
1.1102230246251565e-16
-1.1102230246251565e-16
1.1102230246251565e-16
-1.1102230246251565e-16
1.1102230246251565e-16
-1.1102230246251565e-16
1.1102230246251565e-16
-1.1102230246251565e-16
1.1102230246251565e-16
-1.1102230246251565e-16
1.1102230246251565e-16
-1.1102230246251565e-16
1.1102230246251565e-16
-0.7996868253210437
-0.7997912059810666
1.1102230246251565e-15
-9.992007221626409e-16
3.3306690738754696e-16
1.7763568394002505e-15
-1.9984014443252818e-15
1.1102230246251565e-16
-2.220446049250313e-16
3.3306690738754696e-16
6.661338147750939e-16
-1.1102230246251565e-15
-6.661338147750939e-16
5.551115123125783e-16
2.1094237467877974e-15
-2.220446049250313e-16
-6.661338147750939e-16
-2.220446049250313e-16
-8.347952016329874e-05
6.022852716192073e-05
2.3250993000933917e-05
-1.1102230246251565e-16
-1.1102230246251565e-15
-1.1102230246251565e-16
1.6653345369377348e-15
1.6653345369377348e-15
-1.4432899320127035e-15
0.0
-5.551115123125783e-16
2.220446049250313e-16
-5.551115123125783e-16
-1.1102230246251565e-16
2.1094237467877974e-15
-1.4432899320127035e-15
4.440892098500626e-16
-2.440532410608043e-07
0.7997914500343065
0.7997912059810663
-2.1094237467877974e-15
-0.20966634494381742
-0.5901248610372468
0.0
