0.0
0.39984341266052187
0.3998434126605218
0.3998434126605218
0.3998434126605217
0.3998434126605217
0.39984341266052187
0.39984341266052187
0.3998434126605218
0.3998434126605218
0.39984341266052187
0.3998434126605218
0.39984341266052187
0.3998434126605218
0.3998434126605217
0.39984341266052187
0.39984341266052187
0.3998434126605217
0.3998434126605218
0.3998434126605219
0.39984341266052187
0.3998434126605218
0.39984341266052176
0.3998434126605218
0.3998434126605218
0.3998434126605217
0.39984341266052165
0.3998434126605216
0.39984341266052165
0.3998434126605216
0.3998434126605216
0.39984341266052165
0.3998434126605216
0.39984341266052165
0.3998434126605216
0.39984341266052165
0.3998434126605216
0.39984341266052187
0.39984341266052215
0.3998434126605219
0.39984341266052165
0.39984341266052215
0.39984341266052215
0.3998434126605217
0.39984341266052187
0.0
-0.39984341266052237
0.0
0.39984341266052226
0.3998434126605218
0.39984341266052187
0.3998434126605218
0.39984341266052187
0.3998434126605218
0.39984341266052187
0.3998434126605218
0.39984341266052187
0.3998434126605218
0.39984341266052187
0.3998434126605218
0.39984341266052187
0.3998434126605218
0.39984341266052187
0.0
-0.3998956029905333
-0.39989560299053273
-0.3998956029905332
-0.39989560299053306
-0.3998956029905322
-0.39989560299053317
-0.3998956029905331
-0.3998956029905332
-0.39989560299053306
-0.39989560299053273
-0.3998956029905333
-0.3998956029905336
-0.39989560299053334
-0.3998956029905323
-0.3998956029905324
-0.39989560299053273
-0.39989560299053284
-0.3999373427506145
-0.39990722848703353
-0.39989560299053306
-0.3998956029905331
-0.39989560299053367
-0.3998956029905337
-0.3998956029905329
-0.39989560299053206
-0.3998956029905328
-0.3998956029905328
-0.39989560299053306
-0.39989560299053295
-0.3998956029905332
-0.3998956029905333
-0.39989560299053223
-0.39989560299053295
-0.39989560299053273
-0.39989572501715326
0.0
0.39989560299053317
0.3998956029905321
0.2950624305186234
0.0
