-4.0
-3.8
-3.600156587339478
-3.400782691501442
-3.2021905067649983
-3.0046910033486376
-2.806098818612194
-2.606724922774158
-2.406881510113636
-2.2075076142756
-2.0089154295391562
-1.80954153370112
-1.6109493489646765
-1.4115754531266402
-1.2129832683901967
-1.015483764973836
-0.8193862020954403
-0.6249976437115028
-0.43262247769384665
-0.24256193919675573
-0.055113638960860495
0.13494689953623043
0.32732206555388654
0.5173826040509775
0.7097577700686336
0.8998183085657245
1.0921934745833806
1.286582032967318
1.4789571989849741
1.6733457573689117
1.8657209233865677
2.0557814618836585
2.2432297621195536
2.4332903006166444
2.6207386008525395
2.8107991393496303
2.9982474395855254
3.1883079780826162
3.3806831441002725
3.5750717024842102
3.7711692653626057
3.9686687687789663
4.16726095351541
4.364760456931771
4.563352641668215
4.762726537506251
4.562883124845729
4.3628831248457285
4.562726537506251
4.762100433344287
4.9606926180807305
5.160066513918767
5.35865869865521
5.5580325944932465
5.75662477922969
5.955998675067726
6.15459085980417
6.353964755642206
6.55255694037865
6.751930836216686
6.9505230209531295
7.149896916791166
7.348489101527609
7.5478629973656455
7.349791302974764
7.152967082320563
6.957698537213615
6.764291433473537
6.573048622138442
6.38426956523854
6.198249866876523
6.015280810348962
5.835648902033541
5.659635422756346
5.4875159873417
5.3195601130342425
5.15603079746905
4.997184106850633
4.84326877498568
4.694525813797407
4.551188135931399
4.413480190043898
4.278013565016941
4.137101794687533
3.9906858826704807
3.838995097746983
3.6822669684813856
3.5207469112815195
3.3546878461076792
3.1843498004319812
3.0099995020682675
2.83190996151012
2.650360044430985
2.465634035015845
2.278021190808164
2.0878152897692086
1.8953141702589456
1.7008192646588807
1.5046351273671155
1.307069386934641
1.5056713914885629
1.7050474520588317
1.9048853709766442
2.0000000000000018
