3.5
3.5
3.4920873255977267
3.4762743670395087
3.4525858854164446
3.421058973891671
3.3973704922686068
3.3815575337103887
3.3736448593081154
3.3578319007498973
3.3341434191268333
3.3183304605686152
3.294641978945551
3.278829020387333
3.255140538764269
3.2236136272394953
3.1842976529649882
3.1372541797788545
3.082556871804154
3.0202913781002105
2.950555198547028
2.8882897048430847
2.8335923968683843
2.7713269031644407
2.7166295951897403
2.654364101485797
2.5996667935110964
2.5526233203249626
2.4979260123502622
2.4508825391641285
2.396185231189428
2.3339197374854845
2.264183557932302
2.2019180642283587
2.1321818846751763
2.069916390971233
2.0001802114180505
1.937914717714107
1.8832174097394063
1.8361739365532723
1.7968579622787653
1.7653310507539917
1.7416425691309276
1.710115657606154
1.68642717598309
1.670614217424872
1.678526891827145
1.678526891827145
1.686439566229418
1.7022525247876361
1.7259410064107001
1.7417539649689182
1.7654424465919822
1.7812554051502003
1.8049438867732643
1.8207568453314824
1.8444453269545464
1.8602582855127645
1.8839467671358285
1.8997597256940466
1.9234482073171106
1.9392611658753287
1.9629496474983927
1.9787626060566108
1.9511513059350294
1.9157252395834679
1.8725398797367079
1.821662849200778
1.7631738149641993
1.6971643634495692
1.6237378571008194
1.543009272530713
1.455105020482026
1.3601627478843306
1.2583311223163265
1.1497695992112393
1.0346481721697949
0.913147106771768
0.785456658302903
0.6517767738392239
0.5123167791552314
0.3672950509462358
0.22017131997479766
0.0782605980546025
-0.05796407196332565
-0.18828937949249314
-0.3125112516011721
-0.4304351725647786
-0.5418764884528673
-0.6466606962738095
-0.7446237172243846
-0.8356121536164145
-0.9194835290781191
-0.9961065116540802
-1.0653611194544528
-1.1271389085314154
-1.1813431426886662
-1.227888944958051
-1.2667034305061597
-1.2977289384362152
-1.2742337516856717
-1.2586143251674176
-1.2508951169258782
-1.2500000000000004
