0.7996868253210437
-1.1102230246251565e-16
0.0
1.1102230246251565e-16
-1.1102230246251565e-16
-2.220446049250313e-16
0.0
0.0
3.3306690738754696e-16
0.0
-3.3306690738754696e-16
2.220446049250313e-16
1.1102230246251565e-16
-1.1102230246251565e-16
0.0
0.0
0.0
0.0
1.1102230246251565e-16
-3.3306690738754696e-16
-2.220446049250313e-16
0.0
4.440892098500626e-16
0.0
0.0
2.220446049250313e-16
-2.220446049250313e-16
-1.1102230246251565e-16
1.1102230246251565e-16
0.0
-2.220446049250313e-16
-1.1102230246251565e-16
-0.7996868253210433
-0.7996868253210432
-5.551115123125783e-16
-5.551115123125783e-16
4.440892098500626e-16
0.7996868253210438
0.7996868253210434
3.3306690738754696e-16
-1.1102230246251565e-16
2.220446049250313e-16
-1.1102230246251565e-16
1.1102230246251565e-16
-1.1102230246251565e-16
-1.1102230246251565e-16
8.881784197001252e-16
2.220446049250313e-16
-1.1102230246251565e-16
1.1102230246251565e-16
-1.1102230246251565e-16
1.1102230246251565e-16
-1.1102230246251565e-16
1.1102230246251565e-16
-1.1102230246251565e-16
1.1102230246251565e-16
-1.1102230246251565e-16
-1.1102230246251565e-16
-8.881784197001252e-16
1.1102230246251565e-16
-0.7996868253210437
-0.7997912059810666
1.1102230246251565e-15
-9.992007221626409e-16
3.3306690738754696e-16
2.220446049250313e-16
-1.9984014443252818e-15
3.219646771412954e-15
-2.220446049250313e-16
-1.2212453270876722e-15
8.881784197001252e-16
0.0
-1.9984014443252818e-15
-7.771561172376096e-16
3.4416913763379853e-15
-3.7410953449001916e-05
-5.4161574025601844e-05
9.157252747271638e-05
5.551115123125783e-16
4.440892098500626e-16
0.0
-1.5543122344752192e-15
-6.661338147750939e-16
8.881784197001252e-16
1.3322676295501878e-15
8.881784197001252e-16
-1.7763568394002505e-15
0.0
6.661338147750939e-16
-4.440892098500626e-16
-2.1552700906202205e-06
0.7997933612511567
0.799791205981064
3.6637359812630166e-15
-0.1835382897608907
-0.616252916220177
0.0
