0.0
0.39984341266052187
0.3998434126605218
0.3998434126605218
0.39984341266052187
0.3998434126605218
0.3998434126605217
0.3998434126605217
0.3998434126605217
0.39984341266052187
0.39984341266052187
0.3998434126605217
0.3998434126605218
0.39984341266052187
0.3998434126605218
0.3998434126605218
0.3998434126605218
0.3998434126605218
0.3998434126605218
0.39984341266052187
0.3998434126605217
0.3998434126605216
0.3998434126605216
0.3998434126605218
0.3998434126605218
0.3998434126605218
0.3998434126605219
0.3998434126605218
0.39984341266052176
0.3998434126605218
0.3998434126605218
0.3998434126605217
0.39984341266052165
0.0
-0.3998434126605216
-0.39984341266052187
-0.39984341266052215
-0.3998434126605219
0.0
0.3998434126605217
0.39984341266052187
0.3998434126605218
0.3998434126605219
0.39984341266052187
0.3998434126605219
0.39984341266052187
0.3998434126605218
0.39984341266052226
0.39984341266052237
0.3998434126605223
0.39984341266052237
0.3998434126605223
0.39984341266052237
0.3998434126605223
0.39984341266052237
0.3998434126605223
0.39984341266052237
0.3998434126605223
0.39984341266052226
0.3998434126605218
0.39984341266052187
0.0
-0.3998956029905333
-0.39989560299053273
-0.3998956029905332
-0.39989560299053306
-0.39989560299053295
-0.39989560299053395
-0.39989560299053234
-0.39989560299053245
-0.39989560299053306
-0.3998956029905326
-0.3998956029905326
-0.3998956029905336
-0.399895602990534
-0.3998956029905323
-0.3999143084672568
-0.3999413892542696
-0.3998956029905332
-0.39989560299053295
-0.39989560299053273
-0.39989560299053273
-0.3998956029905335
-0.39989560299053384
-0.3998956029905334
-0.39989560299053273
-0.3998956029905323
-0.39989560299053317
-0.39989560299053317
-0.39989560299053284
-0.39989560299053306
-0.39989668062557837
0.0
0.399895602990532
0.39989560299053384
0.3081264581100885
0.0
