-3.0
-2.8
-2.600156587339478
-2.400782691501442
-2.2021905067649983
-2.002816610926962
-1.8042244261905185
-1.6067249227741578
-1.4081327380377142
-1.2106332346213535
-1.014535671742958
-0.8201471133590204
-0.6277719473413642
-0.4377114088442733
-0.2502631086083781
-0.06020257011128716
0.13217259590636898
0.3222331344034599
0.514608300421116
0.704668838918207
0.8921171391541022
1.0766596808225652
1.258007493667392
1.435876609973247
1.6099885092231534
1.7878576255290084
1.9619695247789148
2.1320515697821225
2.306163469032029
2.484032585337884
2.6581444845877904
2.8360136008936454
3.017361413738472
3.201903955406935
3.01445565517104
2.824395116673949
2.632019950656293
2.437631392272355
2.2415338293939597
2.4390333328103204
2.637625517546764
2.8369994133848
3.036842826045322
3.236842826045322
3.436686238705844
3.636686238705844
3.836529651366366
4.035903547204402
4.235746959864924
4.435746959864924
4.635590372525447
4.835590372525447
5.035433785185969
5.235433785185969
5.435277197846491
5.6352771978464915
5.835120610507014
6.035120610507014
6.234964023167536
6.434337919005572
6.632930103742016
6.832303999580052
6.634232305189171
6.43740808453497
6.242139539428021
6.048732435687944
5.857489624352849
5.668710567452946
5.482690869090929
5.2997218125633685
5.120089904247948
4.944076424970753
4.771956989556107
4.60400111524865
4.440471799683457
4.28162510906504
4.127709777200087
3.978517614793845
3.8267452065103575
3.6699392788784166
3.508345370128245
3.3422165158623134
3.171812852833622
2.9974012116044806
2.819254698723631
2.637652269075966
2.4528782890744996
2.265222091378563
2.0749775218354936
1.882442479355242
1.6879184494383903
1.4917100320880312
1.2941284453872584
1.4926690397968096
1.6920040502592943
1.8918213433851783
2.0
