3.0
3.0
2.9920873255977267
2.9762743670395087
2.9525858854164446
2.9367729268582266
2.9130844452351625
2.8815575337103887
2.8578690520873247
2.826342140562551
2.787026166288044
2.73998269310191
2.6852853851272096
2.623019891423266
2.5532837118700837
2.49101821816614
2.43632091019144
2.3740554164874963
2.319358108512796
2.2570926148088524
2.18735643525567
2.110258767881465
2.0259203378723782
1.9344732085321183
1.8360605744875484
1.7446134451472886
1.6462008111027187
1.5409767740791998
1.44256414003463
1.3511170106943702
1.2527043766498003
1.1612572473095404
1.0769188173004534
0.9998211499262482
1.0695573294794305
1.131822823183374
1.1865201311580746
1.2335636043442086
1.2728795786187157
1.241352667093942
1.217664185470878
1.20185122691266
1.193938552510387
1.193938552510387
1.20185122691266
1.20185122691266
1.209763901314933
1.2255768598731511
1.2334895342754242
1.2334895342754242
1.2255768598731511
1.2255768598731511
1.217664185470878
1.217664185470878
1.209751511068605
1.209751511068605
1.201838836666332
1.201838836666332
1.209751511068605
1.225564469626823
1.2492529512498871
1.2650659098081052
1.2374546096865238
1.2020285433349622
1.1588431834882023
1.1079661529522724
1.0494771187156937
0.9834676672010636
0.9100411608523138
0.8293125762822073
0.7414083242335202
0.6464660516358249
0.5446344260678209
0.4360729029627336
0.32095147592128925
0.1994504105232624
0.07175996205439739
-0.06142838140486684
-0.1916586240411653
-0.31578227639141376
-0.4336049765307328
-0.5449422290276735
-0.6496196938407022
-0.7474734593126362
-0.8383502988355422
-0.9221079107842112
-0.9986151413424804
-1.067752189873512
-1.129410796512416
-1.183494411687498
-1.2299183473046615
-1.2686099093582421
-1.29953722925592
-1.2755286394435181
-1.2593937822331158
-1.2511579227683476
-1.2499999999999978
