1.999229725570908
0.0006871229465119644
6.661338147750939e-16
1.1102230246251565e-15
-1.1102230246251565e-15
2.220446049250313e-16
-0.004806850981475375
2.220446049250313e-16
2.220446049250313e-16
-2.220446049250313e-16
-1.9951099975359456
-1.9967389343570086
-4.440892098500626e-16
2.220446049250313e-16
-8.881784197001252e-16
8.881784197001252e-16
-0.00010593322355445522
0.00010474777845614902
1.185445096973936e-06
1.3322676295501878e-15
2.220446049250313e-15
-2.220446049250313e-15
2.220446049250313e-16
2.220446049250313e-16
-3.3306690738754696e-15
-0.0008109237818760828
1.9975498581388877
1.4737546797203065
-1.4737546797203065
0.0
