0.0
-0.03957370045131725
-0.0791474009026345
-0.11872110135395175
-0.0791474009026345
-0.03957370045131725
0.0
0.03957370045131725
0.0791474009026345
0.11872110135395175
0.13714854235533158
0.1555759833567114
0.17400342435809124
0.2135771248094085
0.25315082526072574
0.292724525712043
0.33229822616336024
0.3718719266146775
0.41144562706599475
0.4298730680673746
0.4483005090687544
0.46672795007013423
0.5063016505214515
0.5458753509727687
0.585449051424086
0.6250227518754032
0.6645964523267205
0.7041701527780377
0.743743853229355
0.7833175536806722
0.8228912541319895
0.8624649545833067
0.902038655034624
0.9416123554859412
0.9811860559372585
1.0207597563885757
1.060333456839893
1.0999071572912102
1.1394808577425275
1.1790545581938447
1.218628258645162
1.2101078035536839
1.1705341031023666
1.1309604026510494
1.0913867021997312
1.051813001748414
1.0122393012970967
0.9726656008457795
0.9330919003944622
0.893518199943145
0.8539444994918282
0.8143707990405109
0.7747970985891937
0.7352233981378764
0.6956496976865592
0.6560759972352419
0.6165022967839247
0.5769285963326074
0.5373548958812902
0.4977811954299729
0.45820749497865565
0.4186337945273384
0.37906009407602115
0.3394863936247039
0.29991269317338665
0.2603389927220694
0.22076529227075214
0.1811915918194349
0.14161789136811764
0.12976081837445985
0.0901871179231426
0.05061341747182535
0.0110397170205081
0.0
