0.0
0.39984341266052187
0.3998434126605218
0.3998434126605218
0.39984341266052187
0.39984341266052187
0.3998434126605219
0.39984341266052187
0.3998434126605218
0.3998434126605218
0.3999660439027044
0.3999660439027045
0.3999660439027046
0.39984341266052215
0.3998434126605218
0.399843412660522
0.39984341266052253
0.39984341266052215
0.3998434126605223
0.3999660439027056
0.3999660439027052
0.39996604390270496
0.399843412660522
0.3998434126605217
0.39984341266052187
0.3998434126605223
0.3998434126605224
0.0
-0.39989560299053295
-0.39989560299053284
-0.39989560299053317
-0.3998956029905334
-0.3998956029905333
-0.39989560299053284
-0.3998956029905326
-0.39989560299053306
-0.39989560299053273
-0.39989560299053256
-0.3998956029905335
-0.3998956029905342
-0.3999409748492106
-0.399924897690752
-0.39989560299053317
-0.3998956029905331
-0.39989560299053284
-0.3998956029905335
-0.39989560299053273
-0.3998956029905327
-0.39989560299053306
-0.3998956029905329
-0.3998956029905331
-0.39989560299053245
-0.3998956029905328
-0.3998956029905337
-0.3998956029905332
-0.39989560299053284
-0.39989560299053173
-0.39989560299053245
-0.39989560299053417
-0.3998956029905336
-0.3998956029905331
-0.3998956029905314
-0.39989560299053273
-0.3998956029905343
-0.39989560299053245
-0.3998956029905323
-0.3998956029905332
-0.3998956029905326
-0.3999205594144589
0.0
0.39989560299053345
0.3998956029905334
0.2557398687069536
0.0
