2.0
2.2
2.399843412660522
2.599217308498558
2.7978094932350017
2.997183389073038
3.1970268017335597
3.39702680173356
3.5968702143940816
3.796244110232118
3.9948362949685614
4.192958269234113
4.3905427585384285
4.5875226709000785
4.782978465277457
4.976604082642293
5.1680963297918066
5.357155354110879
5.543485113103285
5.726793837956764
5.908597569270535
6.088834573592706
6.267443649470728
6.442352446469866
6.613287079558386
6.779979886742089
6.942169848189103
7.099602994953898
6.949774639588009
6.805304243056513
6.666418027709674
6.533333471777004
6.406258968823895
6.285393501433678
6.170926329626084
6.063036694500025
5.961893537564717
5.867655236198669
5.780469355650759
5.700472417971738
5.627789688237981
5.5597766947898295
5.485509163205597
5.403953432940254
5.315237209942015
5.219499412584158
5.1168899541364405
5.0075695080199
4.891709256212614
4.7694906212004025
4.641104981892177
4.506753373944801
4.366646174966708
4.221002775093192
4.0700512334492425
3.914027921037821
3.7531771506127978
3.5877507941161126
3.418007888278197
3.2442142289992573
3.0666419551465403
2.885569122419322
2.70127926794889
2.5140609663152835
2.32420737767605
2.1320157887145434
1.9377871471266186
1.741825590374642
1.5444379694467338
1.3460456108342447
1.5448244303501255
1.7443159971804763
1.9442079327883128
2.0
