3.0
3.0
2.9803788663968724
2.967202189059027
2.9475810554558994
2.934404378118054
2.9147832445149264
2.901606567177081
2.9378636392038917
3.0231998662522575
3.1567806596010985
3.3372995984331633
3.0899234789724215
2.800861681515981
2.4729412318674937
2.109369193640549
1.7137013031607295
1.2898071943468237
0.8653367905085423
0.46900066909132887
0.10467794973866207
-0.22406828955876623
-0.5140229089605297
-0.7623501508599517
-0.9666213736074711
-1.1248388036379469
-1.2354550737059693
-1.3037563029357653
-1.2555926595172702
-1.2500000000000009
