0.7996868253210446
-1.1102230246251565e-16
-8.881784197001252e-16
0.0003131746789560852
0.0
0.0
-0.00031317467895630724
-1.1102230246251565e-16
-4.440892098500626e-16
0.00024526248436629317
9.992007221626409e-16
-4.440892098500626e-16
-1.1102230246251565e-16
5.551115123125783e-16
0.0
6.791219459056919e-05
0.0
0.0
-0.0003131746789566403
-4.440892098500626e-16
0.0
0.0002452624843658491
-1.1102230246251565e-16
0.0
-0.000245262484365516
-2.220446049250313e-16
0.0
0.0
0.0
0.0
1.1102230246251565e-16
-1.1102230246251565e-16
2.220446049250313e-16
0.00024526248436573805
-1.1102230246251565e-16
-1.1102230246251565e-16
-0.000245262484365516
-2.220446049250313e-16
-1.1102230246251565e-16
5.551115123125783e-16
1.1102230246251565e-16
1.1102230246251565e-16
-5.551115123125783e-16
-4.440892098500626e-16
1.1102230246251565e-16
3.3306690738754696e-16
0.0
1.1102230246251565e-16
0.00024526248436618214
-1.1102230246251565e-16
4.440892098500626e-16
6.791219459034714e-05
-8.881784197001252e-16
0.0
-0.0003131746789560852
3.3306690738754696e-16
-2.220446049250313e-16
4.440892098500626e-16
-6.661338147750939e-16
3.3306690738754696e-16
1.1102230246251565e-15
-7.771561172376096e-16
-0.7996868253210443
-0.7997912059810663
2.220446049250313e-16
4.440892098500626e-16
-1.1102230246251565e-15
0.0
3.3306690738754696e-16
4.440892098500626e-16
5.551115123125783e-16
-2.405920671932904e-05
-6.014701713952242e-05
8.420622385796328e-05
-2.220446049250313e-16
-1.1102230246251565e-16
8.881784197001252e-16
-4.440892098500626e-16
-2.220446049250313e-16
1.1102230246251565e-15
-9.992007221626409e-16
3.3306690738754696e-16
9.992007221626409e-16
3.3306690738754696e-16
-1.4432899320127035e-15
-9.992007221626409e-16
1.2212453270876722e-15
7.771561172376096e-16
-2.1094237467877974e-15
-5.738838878543984e-05
0.7998485943698527
0.7997912059810668
-0.1098045240455705
-0.6899866819354963
0.0
