0.0
-0.03957370045131725
-0.0791474009026345
-0.11872110135395175
-0.11872110135395175
-0.11872110135395175
-0.11872110135395175
-0.158294801805269
-0.19786850225658625
-0.2374422027079035
-0.25586964370928333
-0.27429708471066316
-0.292724525712043
-0.27429708471066316
-0.25586964370928333
-0.2374422027079035
-0.2374422027079035
-0.2374422027079035
-0.2374422027079035
-0.27701590315922076
-0.316589603610538
-0.35616330406185526
-0.3377358630604754
-0.3193084220590956
-0.30088098105771577
-0.2613072806063985
-0.22173358015508127
-0.18215987970376402
-0.22173358015508127
-0.2613072806063985
-0.30088098105771577
-0.2613072806063985
-0.22173358015508127
-0.18215987970376402
-0.20058732070514385
-0.21901476170652368
-0.2374422027079035
-0.27701590315922076
-0.316589603610538
-0.35616330406185526
-0.316589603610538
-0.27701590315922076
-0.2374422027079035
-0.19786850225658625
-0.158294801805269
-0.11872110135395175
-0.0791474009026345
-0.03957370045131725
0.0
0.01842744100137983
0.03685488200275966
0.05528232300413949
0.05528232300413949
0.05528232300413949
0.05528232300413949
0.09485602345545674
0.134429723906774
0.17400342435809124
0.2135771248094085
0.25315082526072574
0.292724525712043
0.33229822616336024
0.3718719266146775
0.41144562706599475
0.451019327517312
0.49059302796862925
0.5301667284199465
0.5697404288712637
0.609314129322581
0.6488878297738983
0.688461530225216
0.7280352306765332
0.7676089311278504
0.7895931659995945
0.7500194655482773
0.71044576509696
0.6708720646456428
0.6312983641943255
0.5917246637430083
0.552150963291691
0.5125772628403737
0.4730035623890565
0.43342986193773925
0.393856161486422
0.35428246103510475
0.3147087605837875
0.27513506013247024
0.235561359681153
0.19598765922983574
0.1564139587785185
0.11684025832720124
0.10785128597877902
0.06827758552746177
0.02870388507614452
0.0
