0.0
0.3998434126605223
0.39984341266052226
0.3998434126605218
0.39999999999999986
0.39999999999999986
0.39999999999999986
0.3998434126605217
0.39984341266052165
0.3998434126605214
0.39996604390270457
0.39996604390270507
0.39996604390270485
0.3999660439027048
0.39996604390270507
0.39996604390270507
0.40000000000000036
0.40000000000000036
0.40000000000000036
0.39984341266052204
0.3998434126605218
0.3998434126605218
0.39996604390270474
0.3999660439027047
0.3999660439027047
0.3998434126605219
0.3998434126605218
0.3998434126605218
0.3998434126605218
0.3998434126605218
0.3998434126605218
0.39984341266052187
0.3998434126605218
0.3998434126605219
0.3999660439027048
0.39996604390270474
0.3999660439027047
0.3998434126605219
0.3998434126605218
0.39984341266052176
0.39984341266052204
0.3998434126605221
0.39984341266052215
0.39984341266052187
0.39984341266052165
0.3998434126605217
0.39984341266052187
0.39984341266052187
0.3998434126605219
0.399966043902705
0.39996604390270496
0.3999660439027052
0.40000000000000036
0.3999999999999999
0.3999999999999999
0.39984341266052187
0.39984341266052204
0.3998434126605219
0.39984341266052215
0.3998434126605218
0.399843412660522
0.39984341266052253
0.39984341266052215
0.0
-0.39989560299053317
-0.39989560299053306
-0.39989560299053284
-0.3998956029905334
-0.3998956029905334
-0.3998956029905332
-0.399895602990533
-0.39989560299053273
-0.3999076325938924
-0.39993770610246215
-0.39989560299053317
-0.3998956029905333
-0.39989560299053334
-0.3998956029905329
-0.3998956029905331
-0.3998956029905332
-0.3998956029905327
-0.39989560299053317
-0.399895602990533
-0.3998956029905325
-0.39989560299053234
-0.39989560299053306
-0.39989560299053356
-0.39989560299053295
-0.39989560299053256
-0.3998956029905336
-0.39992429718492634
0.0
0.3998956029905334
0.34499334096774814
0.0
