-6.0
-5.8
-5.600156587339478
-5.400782691501441
-5.202190506764998
-5.003598322028554
-4.805006137292111
-4.606413952555667
-4.408914449139306
-4.212816886260911
-4.018428327876974
-3.824939614642744
-3.6324164477739433
-3.4409242006244303
-3.2484010337556297
-3.0549123205214
-2.860523762137462
-2.6661352037535244
-2.4717466453695867
-2.277358086985649
-2.0849829209679926
-1.8949223824709018
-1.7074740822350065
-1.5187726204551595
-1.3288820727833204
-1.137866918638611
-0.9446563034308582
-0.7495527705220052
-0.5528618273434619
-0.35775829443460894
-0.16454767922685615
0.026467474917853173
0.21967809012560596
0.414781623034459
0.6114725662130023
0.8074625114533363
1.002684908218966
1.1970734666029035
1.3894486326205597
1.5795091711176505
1.7669574713535459
1.957018009850637
2.149393175868293
2.343781734252231
2.5398792971306263
2.737378800546987
2.9359709852834306
3.135344881121467
3.3351882937819886
3.5351882937819887
3.7351543376846936
3.935018524825678
4.134712989127098
4.3344074534285175
4.534101917729937
4.733796382031357
4.932897289960292
5.13109287470214
5.32807278706379
5.523528581441169
5.717154198806004
5.908646445955518
6.09770547027459
6.284035229266997
6.102356829783211
5.924127881997549
5.749627469877529
5.579128838975867
5.41289896856254
5.251198153569045
5.094279596999495
4.942389013446771
4.795764244334576
4.654354910295943
4.510755183759571
4.3617610549353065
4.207605829765456
4.048530895815778
3.884785344293124
3.7166255800001333
3.544314919837788
3.368123180484472
3.1883262558972194
3.0052056852967053
2.8190482123124703
2.6301453359786997
2.4387928542836423
2.24529040098741
2.0499409764334455
1.8530504730883424
1.6549271965529737
1.4559906178736126
1.6552025846509233
1.8549544605275186
2.0
