3.0
3.0
2.950613532207671
2.8523235965214035
2.7348710886568086
2.6236957184805783
2.5062432106159833
2.395067840439753
2.277615332575158
2.1664399623989277
2.0489874545343327
1.9378120843581021
1.8203595764935072
1.7091842063172766
1.5917316984526817
1.4805563282764511
1.3631038204118562
1.2519284502356256
1.1344759423710307
1.0656023295005241
1.0459811958973964
1.0600555756138985
1.0676835486856577
1.0688638465581342
1.0764918196298934
1.0776721175023698
1.1125265384859184
1.0043505483070456
0.848507396119047
0.6465212287183327
0.40036747181749177
0.11245351037208695
-0.2063658629756706
-0.49716350672146126
-0.7463890892880718
-0.9516051832497907
-1.1108047741963447
-1.2224308893437237
-1.2880446016535876
-1.251436625663613
-1.2500000000000013
