1.999229725570908
0.0006871229465119644
2.220446049250313e-16
2.220446049250313e-16
-2.220446049250313e-16
2.220446049250313e-16
-2.220446049250313e-16
0.0
0.0
2.220446049250313e-16
2.220446049250313e-16
2.220446049250313e-16
-2.220446049250313e-16
1.1102230246251565e-15
-1.1102230246251565e-15
2.220446049250313e-16
-2.220446049250313e-16
2.220446049250313e-16
-2.220446049250313e-16
2.220446049250313e-16
-0.004806850981475375
-1.9951099975359454
-1.9967389343570079
-1.3322676295501878e-15
-1.3322676295501878e-15
1.7763568394002505e-15
0.0
0.0
-0.0005270297259039047
-0.000883322019338717
0.0014103517452432879
-1.1102230246251565e-15
-1.9984014443252818e-15
6.661338147750939e-16
4.440892098500626e-15
-1.3322676295501878e-15
-8.385147970479956e-05
1.9968227858367122
1.3826484344613763
-1.3826484344613763
0.0
