0.0
-0.03957370045131725
-0.0791474009026345
-0.11872110135395175
-0.158294801805269
-0.19786850225658625
-0.2374422027079035
-0.27701590315922076
-0.316589603610538
-0.35616330406185526
-0.3957370045131725
-0.43531070496448976
-0.474884405415807
-0.4564569644144272
-0.43802952341304735
-0.4196020824116675
-0.38002838196035027
-0.340454681509033
-0.30088098105771577
-0.30088098105771577
-0.30088098105771577
-0.30088098105771577
-0.30088098105771577
-0.30088098105771577
-0.30088098105771577
-0.2613072806063985
-0.22173358015508127
-0.18215987970376402
-0.1637324387023842
-0.14530499770100436
-0.12687755669962453
-0.08730385624830728
-0.047730155796990026
-0.008156455345672775
-0.008156455345672775
-0.008156455345672775
-0.008156455345672775
-0.008156455345672775
-0.008156455345672775
-0.008156455345672775
0.031417245105644476
0.07099094555696173
0.11056464600827898
0.11056464600827898
0.11056464600827898
0.11056464600827898
0.1289920870096588
0.14741952801103864
0.16584696901241847
0.20542066946373572
0.24499436991505297
0.2845680703663702
0.32414177081768747
0.3637154712690047
0.40328917172032197
0.4428628721716392
0.48243657262295647
0.5220102730742737
0.5615839735255914
0.6011576739769087
0.6407313744282259
0.6803050748795432
0.7198787753308604
0.7594524757821777
0.7990261762334949
0.7745922495112785
0.7350185490599612
0.695444848608644
0.6558711481573267
0.6162974477060095
0.5767237472546922
0.537150046803375
0.4975763463520577
0.45800264590074047
0.4184289454494232
0.37885524499810597
0.3392815445467887
0.29970784409547147
0.2601341436441542
0.22056044319283696
0.1809867427415197
0.14141304229020246
0.10183934183888521
0.12973713214001847
0.09016343168870122
0.05058973123738353
0.011016030786066278
0.0
