0.0
0.39984341266052187
0.3998434126605218
0.3998434126605218
0.3998434126605217
0.39984341266052187
0.39984341266052187
0.3998434126605218
0.3998434126605218
0.3998434126605218
0.3998434126605218
0.39984341266052165
0.3998434126605217
0.39996604390270474
0.39996604390270485
0.3999660439027048
0.3998434126605217
0.39984341266052187
0.3998434126605218
0.39999999999999997
0.4000000000000001
0.4000000000000001
0.4000000000000001
0.4000000000000001
0.4000000000000001
0.3998434126605219
0.39984341266052176
0.3998434126605215
0.39996604390270474
0.3999660439027049
0.39996604390270457
0.39984341266052187
0.39984341266052204
0.3998434126605219
0.4
0.4
0.4
0.4
0.4
0.4
0.39984341266052137
0.3998434126605215
0.39984341266052154
0.3999999999999992
0.3999999999999992
0.3999999999999992
0.39996604390270424
0.39996604390270474
0.3999660439027046
0.3998434126605221
0.39984341266052176
0.0
-0.39989560299053345
-0.39989560299053306
-0.39989560299053306
-0.39989560299053317
-0.3998956029905328
-0.39989560299053295
-0.39989560299053284
-0.3998956029905333
-0.39989560299053345
-0.3998956029905325
-0.39989560299053284
-0.3998956029905337
-0.39993478394125315
-0.3999048697444356
-0.39989560299053295
-0.39989560299053295
-0.3998956029905333
-0.39989560299053406
-0.3998956029905336
-0.39989560299053295
-0.3998956029905329
-0.3998956029905319
-0.39989560299053195
-0.39989560299053367
-0.39989560299053384
-0.39989560299053356
-0.39989560299053334
-0.3998956029905327
-0.39989560299053273
-0.39989560299053295
-0.3999291783789841
0.0
0.39989560299053384
0.3998956029905336
0.2556201690382513
0.0
