-3.0
-2.8
-2.600156587339478
-2.400782691501442
-2.2021905067649983
-2.0046910033486376
-1.808593440470242
-1.6142048820863044
-1.4218297160686482
-1.2317691775715573
-1.044320877335662
-0.859778335667199
-0.6784305228223722
-0.5005614065165171
-0.3210374477039435
-0.13991960571477394
0.04273061890034646
0.22846144045083036
0.4169820279846209
0.6079971821293302
0.7990123362740396
0.9900274904187489
1.1810426445634583
1.3720577987081677
1.563072952852877
1.7540881069975864
1.9472987222053393
2.142402255114192
2.339093198292735
2.5364183508414513
2.734310708839552
2.9327030757654162
3.1319413634302258
3.3317135899001045
3.5317069371606067
3.731700284421109
3.931693631681611
4.131686978942113
4.331680326202616
4.531673673463118
4.73166702072362
4.931568324513137
5.131064564698483
5.329843355424792
5.528622146151101
5.727400936877411
5.92617972760372
6.124518137597887
6.32234881887644
6.5196045958607645
6.715399648541836
6.90942738665583
6.71863174385106
6.53035658013028
6.34489671056326
6.162542541825553
5.983579617458414
5.8082881707437615
5.636942685894339
5.469811468246188
5.3071562241264605
5.149231651054446
4.996285038917502
4.848555882746393
4.706275507696402
4.565930005274475
4.420258533832871
4.269280123082738
4.113231186100657
3.952356075765332
3.7869067021319194
3.6171421379727757
3.443328213102294
3.265737098121072
3.084646878231209
2.9003411177900835
2.7131084162844763
2.523241956420309
2.3310390450356433
2.136800647555817
1.9408309167196887
1.7434367163149567
1.5449271406683192
1.3461643115736326
1.544943650924167
1.7444355509048446
1.9443276324570133
1.9999999999999973
