3.0
3.0
2.9920873255977267
2.9762743670395087
2.9525858854164446
2.921058973891671
2.8817429996171637
2.83469952643103
2.7800022184563296
2.717736724752386
2.6480005451992037
2.5709028778249987
2.486564447815912
2.395117318475652
2.30696320222314
2.222132032755861
2.1406526154282557
2.066463250110966
1.9996801079573172
1.9404077629128285
1.8811354178683397
1.821863072823851
1.7625907277793622
1.7033183827348735
1.6440460376903847
1.584773692645896
1.5331049576987184
1.4891207395462478
1.4528899119054794
1.420289541177127
1.3913306971747939
1.366023213191725
1.348584614383488
1.3390422073879997
1.3374109344064962
1.3357796614249926
1.334148388443489
1.3325171154619855
1.330885842480482
1.3292545694989784
1.3276232965174748
1.3339057119169173
1.348091978230177
1.3701598815602627
1.3922277848903484
1.414295688220434
1.4363635915505197
1.4620905253162375
1.4914677536549268
1.5244853012063502
1.5652811017943593
1.613791274360195
1.5538596241243359
1.4864263775823487
1.4115971266609177
1.3294890444932124
1.240230701940595
1.1439618662669309
1.040833282280749
0.9310064362879545
0.8146533032247196
0.6919560773665088
0.5631068870349054
0.4283074937489906
0.28776897629234144
0.14529294700229878
0.008272501734752469
-0.12287741058181334
-0.24795142578897522
-0.3667536938139411
-0.47909818534597104
-0.5848089831347245
-0.6837205574544032
-0.7756780253023434
-0.8605373929261915
-0.9381657812998867
-1.0084416341953952
-1.0712549085243719
-1.1265072466517063
-1.1741121304111246
-1.2139950165816868
-1.2460934536130317
-1.2703571794165973
-1.292472974719728
-1.2705286301033074
-1.2564658474704862
-1.2503066473584452
-1.2499999999999996
