0.7996868253210446
-1.1102230246251565e-16
-8.881784197001252e-16
-2.220446049250313e-16
0.0
3.3306690738754696e-16
8.881784197001252e-16
-1.1102230246251565e-16
-8.881784197001252e-16
-2.220446049250313e-16
0.0
3.3306690738754696e-16
0.0
-1.1102230246251565e-16
0.0
1.1102230246251565e-16
0.0
-1.1102230246251565e-16
0.0
1.1102230246251565e-16
0.0
-1.1102230246251565e-16
0.0
1.1102230246251565e-16
-1.1102230246251565e-16
0.0
2.220446049250313e-16
-2.220446049250313e-16
-1.1102230246251565e-16
1.1102230246251565e-16
-1.1102230246251565e-16
0.0
-1.1102230246251565e-16
2.220446049250313e-16
0.0
2.220446049250313e-16
2.220446049250313e-16
-3.3306690738754696e-16
-5.551115123125783e-16
0.0
4.440892098500626e-16
0.0
0.0
0.0
1.1102230246251565e-16
5.551115123125783e-16
0.0
0.0
-4.440892098500626e-16
-5.551115123125783e-16
1.1102230246251565e-16
0.0
0.0
0.0
0.0
3.3306690738754696e-16
-1.1102230246251565e-16
1.1102230246251565e-16
7.771561172376096e-16
2.220446049250313e-16
-1.1102230246251565e-16
-1.1102230246251565e-16
0.0
0.0
-8.881784197001252e-16
1.1102230246251565e-16
-0.7996868253210437
-0.7996868253210447
0.7996868253210447
0.7996868253210445
-0.7996868253210445
-0.7997912059810666
1.1102230246251565e-15
-9.992007221626409e-16
3.3306690738754696e-16
1.7763568394002505e-15
-1.9984014443252818e-15
1.1102230246251565e-16
-3.3306690738754696e-16
4.440892098500626e-16
8.881784197001252e-16
-1.5543122344752192e-15
-4.440892098500626e-16
6.661338147750939e-16
1.9984014443252818e-15
-2.220446049250313e-16
-6.65410133747768e-05
-2.0678520246009136e-05
8.721953361878754e-05
2.220446049250313e-16
3.3306690738754696e-16
0.0
7.771561172376096e-16
-1.5543122344752192e-15
3.3306690738754696e-16
1.887379141862766e-15
5.551115123125783e-16
-3.219646771412954e-15
1.7763568394002505e-15
4.551914400963142e-15
-7.438494264988549e-15
1.3322676295501878e-15
-3.447590161353986e-06
0.7997946535712286
0.7997912059810662
1.1102230246251565e-16
-0.28431801481992824
-0.5154731911611381
0.0
