0.0
-0.03957370045131725
-0.0791474009026345
-0.11872110135395175
-0.158294801805269
-0.11872110135395175
-0.0791474009026345
-0.03957370045131725
-0.0791474009026345
-0.11872110135395175
-0.158294801805269
-0.11872110135395175
-0.0791474009026345
-0.03957370045131725
-0.0791474009026345
-0.11872110135395175
-0.0791474009026345
-0.03957370045131725
-0.0791474009026345
-0.11872110135395175
-0.0791474009026345
-0.03957370045131725
-0.0791474009026345
-0.11872110135395175
-0.0791474009026345
-0.11872110135395175
-0.158294801805269
-0.19786850225658625
-0.2374422027079035
-0.27701590315922076
-0.2374422027079035
-0.27701590315922076
-0.2374422027079035
-0.27701590315922076
-0.316589603610538
-0.27701590315922076
-0.316589603610538
-0.27701590315922076
-0.2374422027079035
-0.27701590315922076
-0.316589603610538
-0.27701590315922076
-0.316589603610538
-0.27701590315922076
-0.316589603610538
-0.27701590315922076
-0.2374422027079035
-0.27701590315922076
-0.2374422027079035
-0.19786850225658625
-0.158294801805269
-0.11872110135395175
-0.158294801805269
-0.11872110135395175
-0.158294801805269
-0.11872110135395175
-0.0791474009026345
-0.11872110135395175
-0.0791474009026345
-0.03957370045131725
0.0
-0.03957370045131725
-0.0791474009026345
-0.03957370045131725
-0.0791474009026345
-0.11872110135395175
-0.0791474009026345
-0.03957370045131725
0.0
0.03957370045131725
0.0791474009026345
0.11872110135395175
0.158294801805269
0.19786850225658625
0.2374422027079035
0.27701590315922076
0.316589603610538
0.35616330406185526
0.3957370045131725
0.43531070496448976
0.474884405415807
0.5144581058671243
0.5540318063184415
0.5936055067697588
0.633179207221076
0.6727529076723933
0.7123266081237105
0.7519003085750278
0.75722204519899
0.7176483447476727
0.6780746442963554
0.6385009438450382
0.5989272433937205
0.5593535429424032
0.519779842491086
0.48020614203976875
0.4406324415884515
0.40105874113713424
0.361485040685817
0.32191134023449974
0.2823376397831825
0.24276393933186524
0.203190238880548
0.16361653842923074
0.13015593267945746
0.09058223222814021
0.05100853177682296
0.011434831325505712
0.0
