0.0
0.3998434126605223
0.39984341266052226
0.3998434126605218
0.3998434126605217
0.3998434126605217
0.39984341266052187
0.3998434126605223
0.39984341266052226
0.3998434126605218
0.3998434126605217
0.3998434126605217
0.39984341266052187
0.39984341266052187
0.3998434126605218
0.3998434126605218
0.39984341266052187
0.39984341266052187
0.3998434126605218
0.3998434126605218
0.39984341266052187
0.39984341266052187
0.3998434126605218
0.3998434126605218
0.39984341266052187
0.3998434126605218
0.3998434126605218
0.3998434126605219
0.3998434126605218
0.39984341266052176
0.3998434126605218
0.39984341266052176
0.39984341266052176
0.3998434126605217
0.3998434126605218
0.3998434126605218
0.3998434126605219
0.39984341266052204
0.39984341266052187
0.3998434126605216
0.3998434126605216
0.3998434126605218
0.3998434126605218
0.3998434126605218
0.3998434126605218
0.39984341266052187
0.39984341266052215
0.39984341266052215
0.39984341266052215
0.3998434126605219
0.39984341266052165
0.3998434126605217
0.3998434126605217
0.3998434126605217
0.3998434126605217
0.3998434126605217
0.39984341266052187
0.3998434126605218
0.39984341266052187
0.39984341266052226
0.39984341266052237
0.3998434126605223
0.39984341266052226
0.39984341266052226
0.39984341266052226
0.3998434126605218
0.39984341266052187
0.0
-0.39984341266052237
0.0
0.39984341266052226
0.0
-0.3998956029905333
-0.39989560299053273
-0.3998956029905332
-0.39989560299053306
-0.3998956029905322
-0.39989560299053317
-0.3998956029905331
-0.3998956029905333
-0.39989560299053306
-0.3998956029905326
-0.3998956029905334
-0.3998956029905336
-0.3998956029905333
-0.3998956029905323
-0.3998956029905324
-0.3999288734972198
-0.3999392127573428
-0.3998956029905334
-0.3998956029905333
-0.3998956029905331
-0.3998956029905331
-0.39989560299053273
-0.3998956029905335
-0.39989560299053334
-0.3998956029905324
-0.3998956029905321
-0.3998956029905337
-0.39989560299053284
-0.39989560299053056
-0.3998956029905343
-0.3998956029905336
-0.3998973267856143
0.0
0.3998956029905331
0.39989560299053317
0.25773659558056905
0.0
