-6.0
-5.8
-5.600156587339478
-5.400782691501441
-5.202190506764998
-5.004691003348637
-4.806098818612194
-4.606724922774157
-4.406881510113635
-4.207507614275599
-4.008915429539155
-3.8114159261227947
-3.612823741386351
-3.413449845548315
-3.213606432887793
-3.014232537049757
-2.8156403523133133
-2.616266456475277
-2.4164230438147554
-2.217049147976719
-2.0184569632402756
-1.8190830674022394
-1.6192396547417176
-1.4198657589036814
-1.2212735741672378
-1.0218996783292016
-0.823307493592758
-0.6258079901763972
-0.42971042729800163
-0.23532186891406406
-0.04294670289640792
0.15144185548752964
0.3438170215051858
0.5382055798891233
0.7305807459067795
0.9206412844038704
1.1130164504215265
1.3030769889186176
1.4954521549362738
1.6898407133202114
1.8822158793378674
2.072276417834958
2.2646515838526144
2.4547121223497053
2.6470872883673615
2.8371478268644523
3.0295229928821086
3.2239115512660463
3.4162867172837026
3.6106752756676403
3.8067728385460358
4.0042723419623965
4.20286452669884
4.400364030115201
4.598956214851644
4.796455718268005
4.995047903004449
5.194421798842485
5.393013983578928
5.592387879416965
5.792231292077487
5.992231292077487
6.192074704738009
6.391448600576045
6.5912920132365675
6.790665909074604
6.989258093811047
7.188631989649084
6.988788576988561
6.788788576988561
6.988631989649083
7.18800588548712
6.989934191096238
6.793109970442037
6.597841425335089
6.404434321595011
6.213191510259916
6.024412453360014
5.838392754997997
5.655423698470436
5.475791790155015
5.29977831087782
5.127658875463174
4.959703001155717
4.796173685590524
4.637326994972107
4.483411663107154
4.334668701918881
4.190294555225343
4.042265106077014
3.8890314854444386
3.7308336377773523
3.567919280876527
3.400543517999064
3.2289684383989825
3.053462706928636
2.8743011433435672
2.6917642919695606
2.5061379824057495
2.3177128819516506
2.1267840404589773
1.9336504283209175
1.7386144683223526
1.5419815620840778
1.3440655967685418
1.5428357283836398
1.7423217213687074
1.9422112059146963
1.9999999999999991
