3.5
3.5
3.4920873255977267
3.4762743670395087
3.4525858854164446
3.421058973891671
3.3973704922686068
3.3815575337103887
3.3736448593081154
3.3578319007498973
3.3341434191268333
3.3026165076020595
3.2789280259789955
3.2631150674207774
3.255202393018504
3.239389434460286
3.215700952837222
3.199887994279004
3.1919753198767307
3.1761623613185126
3.1524738796954486
3.1366609211372305
3.128748246734957
3.112935288176739
3.089246806553675
3.073433847995457
3.049745366372393
3.018218454847619
2.978902480573112
2.9318590073869784
2.877161699412278
2.830118226226144
2.7754209182514438
2.72837744506531
2.6736801370906096
2.611414643386666
2.5567173354119657
2.494451841708022
2.4397545337333217
2.392711060547188
2.3380137525724876
2.275748258868544
2.2210509508938436
2.1587854571899
2.1040881492151997
2.041822655511256
1.9871253475365556
1.9400818743504216
1.885384566375721
1.838341093189587
1.7990251189150799
1.7674982073903063
1.7438097257672422
1.7122828142424686
1.6885943326194046
1.657067421094631
1.633378939471567
1.617565980913349
1.5938774992902849
1.5780645407320668
1.5701518663297938
1.5701518663297938
1.5622391919275207
1.5464262333693026
1.5385135589670296
1.5227006004088115
1.4990121187857475
1.4831991602275294
1.4911118346298025
1.4911118346298025
1.4990245090320755
1.5148374675902936
1.4872261674687122
1.4518001011171506
1.4086147412703907
1.3577377107344608
1.2992486764978821
1.233239224983252
1.1598127186345022
1.0790841340643957
0.9911798820157086
0.8962376094180133
0.7944059838500093
0.685844460744922
0.5707230337034777
0.4492219683054508
0.3215315198365858
0.18785163537290672
0.049451272658711964
-0.08501828597119165
-0.2135260192836692
-0.3358707004381025
-0.45186075315327945
-0.5613145516915932
-0.6640607052619556
-0.7599383263960742
-0.8487972828778605
-0.9304984328314707
-1.00491384259987
-1.0719269870727413
-1.1314329321500516
-1.1833384990555746
-1.2275624102430522
-1.2640354166665406
-1.2927472409342
-1.270719649350116
-1.2565733206376737
-1.2503304061566398
-1.2499999999999987
