0.7996868253210435
0.0
-1.1102230246251565e-16
2.220446049250313e-16
1.1102230246251565e-16
-2.220446049250313e-16
-3.3306690738754696e-16
0.0
4.440892098500626e-16
4.440892098500626e-16
0.0
2.220446049250313e-16
-4.440892098500626e-16
0.0
0.0
0.0
0.0
-5.551115123125783e-16
1.1102230246251565e-16
0.0
0.0
3.3306690738754696e-16
7.771561172376096e-16
2.220446049250313e-16
-1.1102230246251565e-16
1.1102230246251565e-16
-1.1102230246251565e-16
1.1102230246251565e-16
-1.1102230246251565e-16
1.1102230246251565e-16
-1.1102230246251565e-16
1.1102230246251565e-16
-1.1102230246251565e-16
-0.7996868253210446
0.0
0.7996868253210445
-8.881784197001252e-16
1.1102230246251565e-16
-0.7996868253210437
-0.7997912059810666
1.1102230246251565e-15
-9.992007221626409e-16
3.3306690738754696e-16
2.220446049250313e-16
-1.9984014443252818e-15
3.219646771412954e-15
-1.1102230246251565e-16
-1.3322676295501878e-15
6.661338147750939e-16
2.220446049250313e-16
-1.9984014443252818e-15
-7.771561172376096e-16
3.4416913763379853e-15
-2.220446049250313e-16
-6.661338147750939e-16
-5.291887732572498e-05
4.667030772453895e-05
6.248569601186027e-06
0.0
-1.7763568394002505e-15
1.3322676295501878e-15
2.220446049250313e-16
-9.992007221626409e-16
2.220446049250313e-16
1.887379141862766e-15
0.0
-2.9976021664879227e-15
1.7763568394002505e-15
1.6653345369377348e-15
-2.9976021664879227e-15
1.3322676295501878e-15
-6.606693886523907e-06
0.7997978126749523
0.7997912059810665
2.1094237467877974e-15
-0.22837281943990828
-0.5714183865411603
0.0
