0.0
-0.03957370045131725
-0.0791474009026345
-0.11872110135395175
-0.158294801805269
-0.19786850225658625
-0.2374422027079035
-0.27701590315922076
-0.316589603610538
-0.35616330406185526
-0.316589603610538
-0.27701590315922076
-0.2374422027079035
-0.19786850225658625
-0.2374422027079035
-0.19786850225658625
-0.2374422027079035
-0.19786850225658625
-0.158294801805269
-0.11872110135395175
-0.158294801805269
-0.11872110135395175
-0.0791474009026345
-0.03957370045131725
0.0
-0.03957370045131725
0.0
-0.03957370045131725
0.0
-0.03957370045131725
0.0
-0.03957370045131725
0.0
-0.03957370045131725
0.0
0.03957370045131725
0.0791474009026345
0.11872110135395175
0.0791474009026345
0.11872110135395175
0.158294801805269
0.19786850225658625
0.2374422027079035
0.27701590315922076
0.316589603610538
0.35616330406185526
0.3957370045131725
0.43531070496448976
0.474884405415807
0.5144581058671243
0.5540318063184415
0.5936055067697588
0.633179207221076
0.6727529076723933
0.7123266081237105
0.7519003085750278
0.791474009026345
0.7602596954823166
0.7206859950309994
0.6811122945796821
0.6415385941283644
0.6019648936770472
0.56239119322573
0.5228174927744127
0.48324379232309544
0.4436700918717782
0.40409639142046094
0.3645226909691437
0.32494899051782644
0.2853752900665092
0.24580158961519194
0.2062278891638747
0.16665418871255744
0.13569139403236719
0.09611769358104949
0.05654399312973224
0.01697029267841499
0.0
