0.0
0.39984341266052176
0.39984341266052176
0.3998434126605217
0.3998434126605218
0.39984341266052187
0.39984341266052176
0.3998434126605216
0.3998434126605216
0.3998434126605218
0.39984341266052204
0.39984341266052204
0.39984341266052215
0.3998434126605219
0.3998434126605219
0.3998434126605219
0.3998434126605219
0.3998434126605219
0.39984341266052165
0.3998434126605217
0.3998434126605217
0.3998434126605217
0.39984341266052187
0.39984341266052226
0.39984341266052237
0.3998434126605223
0.39984341266052237
0.3998434126605223
0.39984341266052237
0.3998434126605223
0.39984341266052237
0.3998434126605223
0.39984341266052237
0.3998434126605223
0.0
0.0
0.39984341266052226
0.3998434126605218
0.39984341266052187
0.0
-0.3998956029905333
-0.39989560299053273
-0.3998956029905332
-0.39989560299053306
-0.39989560299053295
-0.39989560299053395
-0.39989560299053234
-0.3998956029905324
-0.39989560299053306
-0.39989560299053273
-0.3998956029905326
-0.3998956029905336
-0.399895602990534
-0.3998956029905323
-0.3998956029905324
-0.39989560299053273
-0.3999220624291956
-0.3998987272753333
-0.39989560299053273
-0.39989560299053273
-0.3998956029905336
-0.39989560299053295
-0.39989560299053284
-0.39989560299053334
-0.3998956029905332
-0.3998956029905323
-0.3998956029905323
-0.3998956029905338
-0.3998956029905329
-0.39989560299053206
-0.39989560299053356
-0.3998956029905329
-0.39989890633747616
0.0
0.3998956029905332
0.3998956029905343
0.28570919327058014
0.0
