0.0
0.2
0.3998434126605218
0.5992173084985579
0.7978094932350015
0.9953089966513623
1.1914065595297578
1.3857951179136954
1.5781702839313514
1.7682308224284422
1.9556791226643375
2.1457396611614286
2.338114827179085
2.5325033855630226
2.728600948441418
2.9229895068253557
3.119087069703751
3.313475628087689
3.5095731909660843
3.707072694382445
3.9056648791188886
4.103164382535249
4.301756567271693
4.501130463109729
4.700973875770251
4.9009738757702515
5.100817288430774
5.300817288430774
5.500660701091296
5.700660701091296
5.900504113751818
6.100504113751819
6.300347526412341
6.500347526412341
6.700190939072863
6.500190939072863
6.700034351733385
6.899408247571421
7.098000432307865
7.297374328145901
7.09930263375502
6.902478413100819
6.70720986799387
6.513802764253793
6.322559952918698
6.133780896018795
5.947761197656778
5.764792141129218
5.585160232813797
5.409146753536602
5.237027318121956
5.069071443814499
4.905542128249306
4.746695437630889
4.592780105765936
4.4440371445776625
4.300699466711655
4.158469516036297
4.010849220709624
3.858006667996449
3.7001811899836548
3.537619921388281
3.370577412575844
3.1993152309666897
3.0241015514545326
2.8452107364785224
2.6629229064064024
2.477523500901472
2.2893028319602218
2.0985556293204954
1.9055805789520344
1.7106798553520663
1.5141586483783032
1.3163369585948903
1.5149821126677132
1.7143867433463047
1.9142386082246867
2.0
