2.5
2.5
2.4920873255977267
2.4762743670395087
2.4525858854164446
2.421058973891671
2.3817429996171637
2.33469952643103
2.2800022184563296
2.217736724752386
2.1480005451992037
2.08573505149526
2.0310377435205598
1.9839942703344258
1.9446782960599187
1.8976348228737847
1.8583188485992777
1.8112753754131437
1.7719594011386366
1.740432489613863
1.716744007990799
1.6852170964660254
1.6615286148429613
1.6457156562847433
1.6378029818824702
1.6378029818824702
1.6298903074801971
1.6298903074801971
1.621977633077924
1.621977633077924
1.614064958675651
1.614064958675651
1.606152284273378
1.606152284273378
1.598239609871105
1.598239609871105
1.606152284273378
1.621965242831596
1.64565372445466
1.6614666830128781
1.6338553828912967
1.5984293165397352
1.5552439566929752
1.5043669261570454
1.4458778919204667
1.3798684404058366
1.3064419340570868
1.2257133494869803
1.1378090974382933
1.042866824840598
0.9410351992725938
0.8324736761675066
0.7173522491260622
0.5958511837280354
0.46816073525917035
0.3344808507954913
0.19502085611149877
0.054429319867821846
-0.08048927937240369
-0.209461889229686
-0.3322865549255951
-0.44877094858389466
-0.5587326703916466
-0.6619995342142295
-0.75840983721702
-0.8478126130715631
-0.9300678683497292
-1.0050468017356957
-1.0726320057125074
-1.1327176504073733
-1.185209649307858
-1.2300258065894454
-1.2670959458237898
-1.2964548953431168
-1.2733273624729016
-1.2580770091257283
-1.250727715424166
-1.25
