0.7996868253210446
-1.1102230246251565e-16
-8.881784197001252e-16
-2.220446049250313e-16
-1.1102230246251565e-16
-4.440892098500626e-16
-4.440892098500626e-16
1.1102230246251565e-15
1.4432899320127035e-15
-1.1102230246251565e-15
-8.881784197001252e-16
2.220446049250313e-16
0.0002452624843658491
2.220446049250313e-16
2.220446049250313e-16
6.791219459068021e-05
0.0
0.0
-0.00031317467895630724
0.0
0.0
0.0003131746789565293
0.0
0.0
-0.00031317467895630724
-2.220446049250313e-16
-2.220446049250313e-16
-1.1102230246251565e-16
1.1102230246251565e-16
1.1102230246251565e-16
-1.1102230246251565e-16
-2.220446049250313e-16
1.1102230246251565e-16
3.3306690738754696e-16
1.1102230246251565e-16
-1.1102230246251565e-16
0.0
0.0
0.0
0.00024526248436562703
-1.1102230246251565e-16
2.220446049250313e-16
-0.000245262484365405
-1.1102230246251565e-16
-2.220446049250313e-16
0.0002452624843660711
-4.440892098500626e-16
-6.661338147750939e-16
-0.00024526248436562703
1.1102230246251565e-16
-2.220446049250313e-16
2.220446049250313e-16
9.992007221626409e-16
-6.661338147750939e-16
0.00031317467895486395
0.0
0.0
-0.00031317467895641826
1.1102230246251565e-15
5.551115123125783e-16
0.00024526248436573805
-3.3306690738754696e-16
-0.7999320878054091
-0.7997912059810655
-6.661338147750939e-16
-4.440892098500626e-16
6.661338147750939e-16
-7.771561172376096e-16
-2.220446049250313e-16
1.4432899320127035e-15
-8.881784197001252e-16
-1.9597121625469782e-06
-3.009333895809263e-05
3.2053051120972675e-05
1.2212453270876722e-15
-6.661338147750939e-16
-1.1102230246251565e-15
1.1102230246251565e-16
-1.1102230246251565e-16
8.881784197001252e-16
4.440892098500626e-16
-1.3322676295501878e-15
-9.992007221626409e-16
1.887379141862766e-15
1.5543122344752192e-15
-9.992007221626409e-16
-9.992007221626409e-16
-1.4432899320127035e-15
8.881784197001252e-16
-1.0186067833650725e-06
0.79979222458785
0.7997912059810653
-4.440892098500626e-16
-0.17794945788841787
-0.621841748092647
0.0
