0.0
-0.03925234608338046
-0.1381865972116736
-0.23712084833996672
-0.2242249082837371
-0.23712084833996672
-0.2242249082837371
-0.23712084833996672
-0.2242249082837371
-0.23712084833996672
-0.2242249082837371
-0.23712084833996672
-0.2242249082837371
-0.23712084833996672
-0.2242249082837371
-0.23712084833996672
-0.2242249082837371
-0.23712084833996672
-0.2242249082837371
-0.23712084833996672
-0.1381865972116736
-0.07078177307850675
-0.05788583302227712
-0.07078177307850675
-0.05788583302227712
-0.044989892966047496
-0.03209395290981787
0.06684029821847526
0.16577454934676839
0.2647088004750615
0.36364305160335464
0.46257730273164777
0.5615115538599413
0.6604458049882345
0.6936663916097245
0.5947321404814314
0.4957978893531383
0.39686363822484516
0.29792938709655203
0.1989951359682589
0.12154320491123727
0.02260895378294414
0.0
