0.0
0.999614862785454
0.9975549987679725
0.9975549987679727
0.9999584242587101
0.9999584242587101
0.9999584242587101
0.9999584242587101
0.9999584242587098
0.9999584242587098
0.9999584242587098
0.9999584242587098
0.9999584242587101
0.9999584242587098
0.9999584242587098
0.9999584242587098
0.9999584242587102
0.9999584242587102
0.9999584242587102
0.9999584242587102
0.9975549987679727
0.9988645774094634
0.9999584242587104
0.9999584242587104
0.9999584242587104
0.9999584242587096
0.9999584242587094
0.0
-0.9983694671785048
-0.9983694671785043
-0.9983694671785046
-0.9983694671785048
-0.9983694671785038
-0.9987296911661496
-0.9990941016582904
-0.9983694671785048
-0.9983694671785044
-0.9983694671785048
-0.9983694671785046
-0.9984208233876969
0.0
0.6134375197788761
0.0
