-6.0
-5.5
-5.000385137214546
-4.505151429304671
-4.019142264374299
-3.531658893307984
-3.0456497283776125
-2.558166357311298
-2.072157192380926
-1.5846738213146117
-1.09866465638424
-0.6111812853179255
-0.12517212038755376
0.36231125067876074
0.8483204156091324
1.3358037866754469
1.8218129516058186
2.3092963226721333
2.795305487602505
3.2827888586688196
3.7687980235991914
4.264031731509067
4.76277973950286
5.261942280970093
5.760690288963886
6.259852830431119
6.759346893161049
7.259089409809965
6.762669967342698
6.274406751458697
5.799074978815522
5.341323396492109
4.905628817219434
4.496252336129931
4.113573696988475
3.713946269325768
3.2866256583191222
2.8357910616500632
2.3658516438957777
1.8814034148778154
1.387248754022603
1.8857472138103777
2.000000000000001
