3.5
3.5
3.4920873255977267
3.4762743670395087
3.4525858854164446
3.421058973891671
3.3817429996171637
3.33469952643103
3.2800022184563296
3.217736724752386
3.1480005451992037
3.0709028778249987
2.986564447815912
2.895117318475652
2.80696320222314
2.722132032755861
2.6406526154282557
2.5591731981006505
2.4776937807730453
2.39621436344544
2.32202499812815
2.2552418559745018
2.195969510930013
2.136697165885524
2.077424820841035
2.018152475796546
1.9513693336428972
1.8771799683256072
1.795700550998002
1.7070586681118969
1.611393121633367
1.50885371169644
1.4131881652179101
1.3245462823318053
1.2430668650042
1.16887749968691
1.1020943575332613
1.0428220124887726
0.991153277541595
0.9471690593891244
0.9109382317483561
0.8783378610200038
0.8493790170176706
0.8240715330346016
0.8066329342263648
0.7970905272308765
0.7954592542493729
0.7975134152634185
0.8032523127601005
0.8126739980338014
0.8299921963314145
0.8551797895469802
0.8881973370984034
0.9289931376864127
0.9775033102522482
1.033651894007313
1.0898004777623778
1.1459490615174426
1.2020976452725074
1.2657967186433448
1.336946536945691
1.4154356885720227
1.497301142891015
1.5825151015893477
1.4904566261282064
1.3914461939704985
1.2856388429177463
1.1732002538859352
1.0543064914701767
0.9291437282498433
0.7979079532658795
0.6608046651267762
0.5180485502237666
0.3698804510917064
0.22230908179203612
0.08019320340501701
-0.056244648596408764
-0.1867908298097516
-0.31124092144305826
-0.4294000504088624
-0.5410831944707659
-0.6461154719648363
-0.7443324156421529
-0.8355802302036948
-0.9197160331243068
-0.9966080783886475
-1.066135962788768
-1.1281908144602901
-1.1826754633619638
-1.2295045934316506
-1.2686048761804727
-1.2999283817196254
-1.2758099913365026
-1.2595648929939356
-1.251218524459215
-1.250000000000001
