1.999229725570908
0.0006871229465128526
-2.220446049250313e-16
2.220446049250313e-16
-2.220446049250313e-16
2.220446049250313e-16
-2.220446049250313e-16
-6.661338147750939e-16
6.661338147750939e-16
2.220446049250313e-16
-2.220446049250313e-16
2.220446049250313e-16
-6.661338147750939e-16
2.220446049250313e-16
-2.220446049250313e-16
2.220446049250313e-16
-2.220446049250313e-16
0.0
0.0
2.220446049250313e-16
2.220446049250313e-16
2.220446049250313e-16
-2.220446049250313e-16
1.1102230246251565e-15
-1.1102230246251565e-15
2.220446049250313e-16
-2.220446049250313e-16
2.220446049250313e-16
-0.004806850981475375
-1.9951099975359454
-1.9967389343570079
-1.1102230246251565e-15
-1.5543122344752192e-15
1.5543122344752192e-15
2.220446049250313e-16
-0.0013637586328907325
0.0009243331262742682
0.00043942550661624225
-1.1102230246251565e-15
2.220446049250313e-15
-6.661338147750939e-16
-9.446693064907308e-05
1.9968334012876576
1.4270714144842658
-1.4270714144842658
0.0
