0.21972448618848195
0.07324149539616016
-0.07324149539616016
0.07324149539616016
-0.07324149539616016
0.07324149539616016
-0.07324149539616016
0.07324149539616016
-0.07324149539616016
0.07324149539616016
-0.07324149539616016
0.07324149539616016
-0.07324149539616016
0.07324149539616016
-0.07324149539616016
0.07324149539616016
-0.07324149539616016
0.07324149539616016
-0.07324149539616016
0.07324149539616016
-0.07324149539616016
0.07324149539616016
-0.07324149539616016
0.07324149539616016
-0.07324149539616016
0.07324149539616016
-0.07324149539616016
0.07324149539616016
0.5126904677731248
0.5126904677731248
-0.5126904677731248
-0.5126904677731248
-0.5126904677731248
-0.5126904677731267
-0.5126904677731248
-0.5126904677731248
0.2808366883411959
0.5126904677731248
0.5126904677731248
0.5126904677731248
0.5126904677731248
0.5126904677731248
0.4195122490305006
0.5126904677731248
-0.23685617351967145
0.0
