0.0
-0.03925234608338046
-0.026356406027150836
-0.03925234608338046
-0.026356406027150836
-0.03925234608338046
-0.026356406027150836
-0.03925234608338046
-0.026356406027150836
-0.03925234608338046
-0.026356406027150836
-0.03925234608338046
-0.026356406027150836
-0.03925234608338046
-0.026356406027150836
-0.03925234608338046
-0.026356406027150836
-0.03925234608338046
-0.026356406027150836
-0.03925234608338046
-0.026356406027150836
-0.03925234608338046
-0.026356406027150836
-0.03925234608338046
-0.026356406027150836
-0.03925234608338046
-0.026356406027150836
-0.03925234608338046
-0.026356406027150836
0.07257784510114229
0.17151209622943542
0.27044634735772854
0.36938059848602167
0.4683148496143148
0.5672491007426084
0.6661833518709015
0.7651176029991946
0.7144180079568461
0.6154837568285529
0.5165495057002598
0.4176152545719667
0.31868100344367356
0.21974675231538043
0.14136028368199494
0.04242603255370181
0.0
