0.0
0.3998434126605223
0.39984341266052226
0.3998434126605218
0.39984341266052187
0.39984341266052226
0.39984341266052237
0.3998434126605223
0.39984341266052226
0.3998434126605218
0.39984341266052187
0.39984341266052226
0.39984341266052237
0.40000000000000036
0.40000000000000036
0.40000000000000036
0.3998434126605223
0.39984341266052226
0.3998434126605218
0.39996604390270485
0.39996604390270496
0.3999660439027046
0.3999660439027047
0.39996604390270446
0.3999660439027044
0.3999660439027044
0.3999660439027045
0.3999660439027046
0.3999660439027047
0.39996604390270446
0.3999660439027044
0.39984341266052187
0.3998434126605218
0.3998434126605217
0.39984341266052165
0.3998434126605217
0.3998434126605218
0.3998434126605219
0.39984341266052187
0.39984341266052187
0.39984341266052187
0.3998434126605219
0.3998434126605219
0.3998434126605218
0.39984341266052187
0.3998434126605218
0.39999999999999997
0.39999999999999997
0.39999999999999997
0.39984341266052187
0.3998434126605221
0.3998434126605219
0.39984341266052187
0.39984341266052187
0.3998434126605219
0.39984341266052187
0.3998434126605218
0.3998434126605218
0.3999660439027044
0.3999660439027045
0.39996604390270507
0.3999660439027051
0.3999660439027049
0.39996604390270485
0.39996604390270485
0.39996604390270496
0.3999660439027046
0.3998434126605221
0.39984341266052187
0.39984341266052204
0.39984341266052253
0.39984341266052215
0.0
-0.39989560299053317
-0.3998956029905331
-0.39989560299053284
-0.3998956029905333
-0.3998956029905334
-0.3998956029905332
-0.399895602990533
-0.39989560299053273
-0.39993317102033316
-0.399936212675726
-0.3998956029905329
-0.3998956029905332
-0.3998956029905334
-0.39989560299053345
-0.39989560299053345
-0.39989560299053195
-0.3998956029905325
-0.3998956029905336
-0.3998956029905324
-0.39989560299053295
-0.39989560299053306
-0.399895602990534
-0.3998956029905338
-0.3998956029905325
-0.39989560299053295
-0.3998956029905312
-0.39991722948578257
0.0
0.3998956029905338
0.3998956029905329
0.25434512669728637
0.0
