-8.0
-7.5
-7.000385137214546
-6.500558792196264
-6.00094392941081
-5.501117584392528
-5.001502721607074
-4.501676376588792
-4.002061513803338
-3.5022351687850564
-3.002620305999602
-2.5027939609813203
-2.003179098195866
-1.5033527531775843
-1.0037378903921301
-0.5039115453738485
-0.004296682588394329
0.49552966242988733
0.9951445252153415
1.494970870233623
1.9945857330190773
2.494412078037359
2.9940269408228133
3.493853285841095
3.9934681486265493
4.493294493644831
4.992909356430285
5.492735701448567
5.992350564234021
6.492176909252303
6.990860601313757
6.5032178916326115
6.028780121619513
5.572187295003269
5.137904891878327
4.730180196287442
4.353000757762802
3.9899845627019506
3.596671468144983
3.1748216396490623
2.7285607706158004
2.2622532945435667
1.7804597008463592
1.287961660496424
1.7856490263471194
2.0
