2.0
2.0
1.9803788663968722
1.9672021890590268
1.947581055455899
1.9344043781180535
1.9147832445149258
1.9016065671770803
1.8819854335739525
1.868808756236107
1.8491876226329793
1.8360109452951339
1.816389811692006
1.8032131343541606
1.7835920007510329
1.7704153234131874
1.7507941898100596
1.7376175124722142
1.7179963788690864
1.704819701531241
1.6851985679281132
1.6720218905902677
1.65240075698714
1.6392240796492945
1.6196029460461667
1.6064262687083213
1.5868051351051935
1.573628457767348
1.5540073241642203
1.5408306468263748
1.5770877188531853
1.467539839648431
1.3103617478912561
1.1070906460936363
0.8597145266328947
0.5706527291764536
0.24273227952796605
-0.10092235464582533
-0.4093067897158382
-0.6773345351852045
-0.9023842783823641
-1.0822550317097777
-1.2151876583134824
-1.300410944493626
-1.2545477128584135
-1.2499999999999993
