1.9951099975359448
-2.220446049250313e-16
0.004119728034963854
0.0006871229465117423
0.0
0.0
0.0
0.0
0.0
2.220446049250313e-16
-0.0006871229465117423
0.0006871229465119644
-2.220446049250313e-16
2.220446049250313e-16
-2.220446049250313e-16
0.0
0.0
0.0
0.0
-2.220446049250313e-16
2.220446049250313e-16
-4.440892098500626e-16
-0.0048068509814749305
6.661338147750939e-16
-2.220446049250313e-16
0.0026191572829803444
0.002187693698493698
2.220446049250313e-16
-0.0048068509814749305
-1.9951099975359448
-1.9967389343570094
1.5543122344752192e-15
-0.0006943790654561077
-0.0007540647209141049
0.0014484437863686583
6.661338147750939e-16
-2.220446049250313e-15
2.220446049250313e-16
-0.00033710667416153584
1.9970760410311723
1.4487877105228775
-1.4487877105228775
0.0
