0.5126904677731248
-0.5126904677731248
-0.5126904677731248
0.0
0.0
0.0
0.5126904677731248
0.5126904677731248
0.5126904677731248
0.5126904677731248
0.5126904677731248
0.5126904677731248
0.2563452338865647
0.2563452338865647
0.2563452338865647
-0.5126904677731248
-0.5126904677731248
-0.5126904677731248
-0.5126904677731248
-0.5126904677731248
-0.5126904677731248
-0.5126904677731248
-0.5126904677731248
-0.5126904677731248
-0.2563452338865647
-0.2563452338865647
-0.2563452338865647
-0.5126904677731248
-0.5126904677731248
-0.5126904677731248
-0.2563452338865647
-0.2563452338865647
-0.2563452338865647
-0.2563452338865647
-0.2563452338865647
-0.2563452338865647
0.0
0.0
0.0
0.0
0.0
0.0
0.2563452338865647
0.2563452338865647
0.2563452338865647
0.5126904677731248
0.5126904677731248
0.5126904677731248
0.2563452338865647
0.2563452338865647
0.2563452338865647
0.5126904677731248
0.5126904677731248
0.5126904677731248
0.5126904677731248
0.5126904677731248
0.5126904677731248
0.0
0.0
0.0
0.5126904677731248
0.5126904677731248
0.5126904677731248
0.2563452338865647
0.2563452338865647
0.2563452338865647
0.5126904677731248
0.5126904677731248
0.5126904677731248
0.5126904677731248
0.5126904677731248
0.5126904677731248
0.2563452338865647
0.2563452338865647
0.2563452338865647
0.5126904677731248
0.5126904677731248
0.5126904677731248
-0.5126904677731248
-0.5126904677731248
-0.5126904677731248
-0.5126904677731248
-0.5126904677731248
-0.5126904677731248
-0.5126904677731248
-0.5126904677731248
-0.13318962512036173
0.5126904677731248
0.5126904677731248
0.5126904677731248
0.5126904677731248
0.5126904677731248
0.5126904677731248
0.5126904677731248
0.5126904677731248
0.5126904677731248
0.5126904677731248
0.5126904677731295
0.5126904677731248
0.5126904677731248
0.5126904677731248
0.5126904677731248
0.5126904677731248
0.5126904677731248
0.5126904677731248
0.5126904677731248
0.3154718294969136
0.5126904677731248
-0.5126904677731248
-0.5126904677731248
-0.2492003126034245
0.0
