0.0
-0.09893425112829313
-0.19786850225658625
-0.23712084833996672
-0.2242249082837371
-0.23712084833996672
-0.2242249082837371
-0.23712084833996672
-0.2242249082837371
-0.23712084833996672
-0.25001678839619634
-0.21076444231281588
-0.2236603823690455
-0.21076444231281588
-0.2236603823690455
-0.23655632242527513
-0.2236603823690455
-0.23655632242527513
-0.2236603823690455
-0.23655632242527513
-0.2236603823690455
-0.23655632242527513
-0.2236603823690455
-0.12472613124075238
-0.025791880112459253
0.07314237101583387
0.14054719514900071
0.15344313520523034
0.16633907526145997
0.2652733263897531
0.3642075775180462
0.46314182864633935
0.5620760797746325
0.6610103309029256
0.695813100671482
0.5968788495431889
0.49794459841489536
0.39901034728660223
0.3000760961583091
0.20114184503001598
0.1435108040430153
0.044576552914721734
0.0
