0.0
0.9975549987679724
0.9975549987679723
0.9996148627854542
0.9999584242587101
0.9999584242587101
0.9999584242587101
0.9999584242587101
0.9999584242587101
0.9999584242587101
0.9999584242587102
0.9996148627854543
0.9999584242587103
0.9999584242587102
0.9999584242587103
0.9999584242587102
0.9999584242587102
0.9999584242587102
0.9999584242587102
0.9999584242587102
0.9999584242587101
0.9999584242587102
0.99995842425871
0.9975549987679725
0.9975549987679728
0.9975549987679727
0.9988645774094629
0.9999584242587097
0.9999584242587098
0.9975549987679724
0.0
-0.9983694671785047
-0.9983694671785039
-0.998716656711232
-0.999093689071689
-0.9983694671785047
-0.9983694671785044
-0.9983694671785055
-0.9983694671785054
-0.9985380205155862
0.0
0.7243938552614387
0.0
