-9.0
-8.5
-8.002445001232028
-7.512201094036039
-7.026191929105667
-6.538708558039352
-6.0526993931089805
-5.565216022042666
-5.079206857112294
-4.5917234860459795
-4.105714321115608
-3.6212601870864014
-3.1323245503840265
-2.6447784956214213
-2.1558428589190464
-1.6682968041564412
-1.182221411688165
-0.69467535692556
-0.20859996445728385
0.2789460903053212
0.7650214827735974
1.2525675375362024
1.7386429300044786
2.2261889847670835
2.722304872034083
3.2221385759830925
3.720801720526255
4.215871465853531
4.709996806970524
5.203095569367846
5.685606008426736
5.227967770060246
4.792411501507047
4.383196945220058
4.000869391447077
3.6018872332985827
3.175124069111226
2.724753644733894
2.2551805851364715
1.77099731715593
1.2772032930508965
1.7747908783278121
1.9999999999999987
