3.0
3.0
2.9920873255977267
2.9762743670395087
2.9525858854164446
2.9288974037933806
2.9052089221703166
2.8815204405472525
2.8657074819890345
2.857794807586761
2.857794807586761
2.8657074819890345
2.8815204405472525
2.9052089221703166
2.9325527206101816
2.963542550980045
2.998167890342955
3.024972930705488
3.0439156987680938
3.0549665325542406
3.0581081278573117
3.0533355653368055
3.0406563182213975
3.0200902406068115
2.9916695363668193
2.955438708726051
2.9155897267479514
2.872136121591612
2.8250926484054784
2.770395340430778
2.7081298467268344
2.638393667173652
2.5652153304565934
2.488619685082873
2.408632739944358
2.3252816554859637
2.238594734483025
2.14860141243078
2.058608090378535
1.9686147683262898
1.8786214462740447
1.7886281242217996
1.6986348021695545
1.6086414801173095
1.5219545591143706
1.4386034746559762
1.3586165295174615
1.2859445203679152
1.2207012423730097
1.1629888582459458
1.1088147849376921
1.05819741784929
1.011153944663156
0.9718379703886489
0.9403110588638752
0.9166225772408112
0.900809618682593
0.8928969442803198
0.8928969442803198
0.8928969442803198
0.8928969442803198
0.8928969442803198
0.900809618682593
0.9166225772408112
0.9403110588638752
0.9676548573037402
0.9986446876736037
1.0332700270365136
1.0756614465021068
1.1257525664744752
1.1834649506015391
1.2487082285964446
1.321380237745991
1.4013671828845056
1.4847182673429
1.5714051883458389
1.661398510398084
1.7583877506895425
1.8622210363492622
1.748437243442968
1.6282358311926606
1.5018050197917976
1.3693427838842323
1.2310565425609856
1.0871628345682098
0.9378869792349281
0.78346272365149
0.6248218653979536
0.46920750124240085
0.31868469814155587
0.17348915574810242
0.03384823189891484
-0.10001941339852838
-0.2279041603600338
-0.3496057576627356
-0.46493363601331605
-0.5737072065553881
-0.675756143648786
-0.7709206515779479
-0.8590517147717813
-0.9400113311431757
-1.0136727281828048
-1.0799205614688212
-1.1386510952816211
-1.1897723650408443
-1.233204321310268
-1.2688789551450874
-1.2970868914355673
-1.273776353078195
-1.258342291181421
-1.250808873532144
-1.2500000000000009
