0.7996868253210446
-1.1102230246251565e-16
-8.881784197001252e-16
0.0002452624843660711
2.220446049250313e-16
-0.7999320878054099
-0.799791205981066
-1.2212453270876722e-15
1.3322676295501878e-15
3.3306690738754696e-16
-3.3306690738754696e-16
-1.3322676295501878e-15
1.2212453270876722e-15
1.4432899320127035e-15
-1.2212453270876722e-15
-6.661338147750939e-16
1.1102230246251565e-16
-5.551115123125783e-16
-2.220446049250313e-16
2.55351295663786e-15
-2.220446049250313e-16
-8.881784197001252e-16
2.220446049250313e-16
-1.454016531599045e-05
-5.802644921892863e-05
7.256661453458602e-05
7.771561172376096e-16
-1.5543122344752192e-15
-5.551115123125783e-16
1.5543122344752192e-15
-7.771561172376096e-16
1.1102230246251565e-16
1.2212453270876722e-15
-5.551115123125783e-16
-3.3306690738754696e-16
-4.440892098500626e-16
-1.1102230246251565e-15
2.1094237467877974e-15
8.881784197001252e-16
-5.551115123125783e-16
-7.771561172376096e-16
-1.6653345369377348e-15
2.7755575615628914e-15
7.771561172376096e-16
-5.257563186622516e-05
0.7998437816129301
0.7997912059810655
-0.08431134028510168
-0.7154798656959638
0.0
