0.0
0.03957370045131725
0.0791474009026345
0.11872110135395175
0.13714854235533158
0.1555759833567114
0.17400342435809124
0.2135771248094085
0.25315082526072574
0.292724525712043
0.33229822616336024
0.3718719266146775
0.41144562706599475
0.451019327517312
0.49059302796862925
0.5301667284199469
0.5697404288712642
0.6093141293225814
0.6488878297738987
0.688461530225216
0.7280352306765332
0.7676089311278504
0.8071826315791677
0.846756332030485
0.8863300324818022
0.9126912178039923
0.8731175173526751
0.8335438169013578
0.7939701164500406
0.7543964159987233
0.7148227155474061
0.6752490150960888
0.6356753146447716
0.5961016141934543
0.5565279137421371
0.5169542132908198
0.47738051283950256
0.4378068123881853
0.39823311193686806
0.3586594114855508
0.31908571103423355
0.2795120105829163
0.23993831013159905
0.2003646096802818
0.16079090922896455
0.1212172087776473
0.11037456847634841
0.07080086802503116
0.03122716757371391
0.0
