0.0
0.3998434126605223
0.39984341266052226
0.3998434126605218
0.39996604390270485
0.39996604390270496
0.0
-0.399895602990533
-0.3998956029905336
-0.39989560299053295
-0.3998956029905328
-0.39989560299053295
-0.3998956029905336
-0.399895602990533
-0.3998956029905323
-0.3998956029905329
-0.3998956029905332
-0.39989560299053317
-0.39989560299053345
-0.39989560299053356
-0.3998956029905323
-0.3998956029905324
-0.39989560299053284
-0.39989560299053273
-0.3999028730731907
-0.3999318862978002
-0.3998956029905329
-0.3998956029905325
-0.3998956029905333
-0.39989560299053356
-0.3998956029905328
-0.39989560299053317
-0.3998956029905331
-0.3998956029905325
-0.3998956029905328
-0.39989560299053295
-0.39989560299053317
-0.3998956029905337
-0.3998956029905327
-0.39989560299053223
-0.3998956029905325
-0.3998956029905329
-0.3998956029905337
-0.39989560299053234
-0.39989560299053195
-0.39992189080646506
0.0
0.39989560299053273
0.3577399328479819
0.0
