7.0
7.2
7.399843412660522
7.599217308498559
7.797809493235002
7.995931467500554
8.19351595680487
7.997272491722877
7.802706393052192
7.6101223266702505
7.4198218548428585
7.232102964015865
7.0472595982061135
6.865581198722327
6.687352250936666
6.512851838816646
6.342353207914984
6.176123337501656
6.014422522508162
5.857503965938612
5.705613382385888
5.5589886132736925
5.417859254426994
5.282446296554033
5.152961779202853
5.02943307233031
4.90401076229564
4.772523897660275
4.635178370207308
4.492189245644071
4.343780426836462
4.190184303205402
4.031641386834425
3.8683999358582106
3.700715565721766
3.5288508489190082
3.3530749038374816
3.1736629733530304
2.9908959938343083
2.8050601552319883
2.616446452941534
2.425350232141253
2.23207072531914
2.036910583712684
1.8401754033953512
1.6421732467518142
1.4433141379633687
1.642481088629605
1.8422078686472885
2.0000000000000036
