2.5
2.5
2.5079126744022733
2.5237256329604913
2.5474141145835554
2.5747579130234204
2.605747743393284
2.567234337598789
2.520987032149194
2.467078244469682
2.405592388896627
2.336625744495424
2.2602863042996697
2.1766936062077384
2.085978545801572
1.9882831713807636
1.8837604615329149
1.772574085588525
1.6548981473355489
1.5309169123949014
1.40082451968383
1.264824677418944
1.1231303441349394
0.9759633952184985
0.8235542754795189
0.666275383091272
0.5105062457153271
0.3598211952237813
0.21445618532819122
0.07463883923008341
-0.05941190680815733
-0.18748614628975924
-0.3093833311705616
-0.4249125858918603
-0.5338930062673684
-0.6361539427562675
-0.7315352676787845
-0.8198876259558636
-0.9010726689803139
-0.9749632712532077
-1.0414437294463226
-1.100409943578899
-1.151769580025039
-1.1954422160964633
-1.2313594659742684
-1.2594650877924574
-1.280753208270192
-1.2626616142113063
-1.2524639008869012
-1.2499999999999947
