0.7996868253210437
-1.1102230246251565e-16
0.0
1.1102230246251565e-16
-1.1102230246251565e-16
1.1102230246251565e-16
-1.1102230246251565e-16
1.1102230246251565e-16
-1.1102230246251565e-16
-7.771561172376096e-16
-1.1102230246251565e-16
9.992007221626409e-16
8.881784197001252e-16
-1.1102230246251565e-16
-8.881784197001252e-16
-2.220446049250313e-16
0.0
0.0
0.0
0.0
0.0
3.3306690738754696e-16
-1.1102230246251565e-16
-2.220446049250313e-16
0.0
0.0
0.0
3.3306690738754696e-16
8.881784197001252e-16
-1.887379141862766e-15
9.992007221626409e-16
3.1086244689504383e-15
1.1102230246251565e-16
-1.4432899320127035e-15
-0.7996868253210455
-0.799686825321043
0.00010439700946707209
-0.0002087776694900123
6.661338147750939e-16
-1.2212453270876722e-15
-5.551115123125783e-16
3.3306690738754696e-16
2.220446049250313e-16
7.771561172376096e-16
-6.661338147750939e-16
1.3322676295501878e-15
2.220446049250313e-16
-1.3322676295501878e-15
-8.881784197001252e-16
-1.7763568394002505e-15
5.10702591327572e-15
-6.661338147750939e-16
-2.220446049250313e-15
1.7763568394002505e-15
-2.220446049250313e-15
9.992007221626409e-16
1.4432899320127035e-15
0.0
-3.205181003718138e-05
-5.748767645408215e-05
8.953948648793286e-05
1.2212453270876722e-15
2.1094237467877974e-15
-1.5543122344752192e-15
1.1102230246251565e-16
5.551115123125783e-16
-3.552713678800501e-15
1.9984014443252818e-15
2.6645352591003757e-15
-7.771561172376096e-16
-1.1102230246251565e-16
-4.440892098500626e-16
-1.3322676295501878e-15
-2.220446049250313e-16
2.220446049250313e-15
3.3306690738754696e-16
-5.551115123125783e-16
7.771561172376096e-16
-9.613560535415289e-07
0.799792167337118
0.7997912059810666
-1.3322676295501878e-15
-0.17881545316575342
-0.6209757528153118
0.0
