0.0
-0.03957370045131725
-0.0791474009026345
-0.11872110135395175
-0.0791474009026345
-0.11872110135395175
-0.0791474009026345
-0.11872110135395175
-0.0791474009026345
-0.11872110135395175
-0.0791474009026345
-0.11872110135395175
-0.0791474009026345
-0.03957370045131725
-0.0791474009026345
-0.11872110135395175
-0.158294801805269
-0.11872110135395175
-0.158294801805269
-0.11872110135395175
-0.158294801805269
-0.11872110135395175
-0.0791474009026345
-0.11872110135395175
-0.158294801805269
-0.11872110135395175
-0.158294801805269
-0.11872110135395175
-0.0791474009026345
-0.03957370045131725
-0.0791474009026345
-0.11872110135395175
-0.158294801805269
-0.11872110135395175
-0.0791474009026345
-0.03957370045131725
0.0
0.03957370045131725
0.0791474009026345
0.11872110135395175
0.158294801805269
0.19786850225658625
0.2374422027079035
0.27701590315922076
0.316589603610538
0.35616330406185526
0.3957370045131725
0.43531070496448976
0.474884405415807
0.5144581058671243
0.5540318063184415
0.5936055067697588
0.633179207221076
0.6727529076723933
0.7123266081237105
0.7519003085750278
0.791474009026345
0.8310477094776623
0.8706214099289795
0.9101951103802968
0.9289043838489484
0.8893306833976311
0.8497569829463139
0.8101832824949966
0.7706095820436789
0.7310358815923617
0.6914621811410444
0.6518884806897272
0.6123147802384099
0.5727410797870927
0.5331673793357754
0.49359367888445815
0.4540199784331409
0.41444627798182365
0.3748725775305064
0.33529887707918915
0.2957251766278719
0.25615147617655465
0.2165777757252374
0.17700407527392015
0.14059524475774232
0.10102154430642507
0.06144784385510782
0.02187414340379057
0.0
