0.0
0.39984341266052187
0.3998434126605218
0.3998434126605218
0.39984341266052187
0.3998434126605218
0.39984341266052187
0.3998434126605218
0.39984341266052187
0.3998434126605218
0.3998434126605214
0.39984341266052137
0.39984341266052187
0.3998434126605223
0.39984341266052226
0.3998434126605218
0.3998434126605217
0.3998434126605217
0.3998434126605217
0.3998434126605217
0.3998434126605217
0.3998434126605217
0.39984341266052187
0.3998434126605218
0.3998434126605217
0.3998434126605217
0.3998434126605217
0.3998434126605217
0.39984341266052187
0.3998434126605223
0.39984341266052137
0.39984341266052187
0.3998434126605234
0.3998434126605235
0.39984341266052276
0.0
-0.3998434126605215
-0.39979121415578794
-0.39989560299053295
-0.3998956029905326
-0.3998956029905332
-0.3998956029905335
-0.39989560299053334
-0.3998956029905332
-0.39989560299053284
-0.39989560299053317
-0.3998956029905325
-0.3998956029905324
-0.39989560299053306
-0.3998956029905335
-0.3998956029905344
-0.39989560299053184
-0.3998956029905322
-0.3998956029905333
-0.3998956029905324
-0.3998956029905335
-0.399895602990533
-0.3998956029905323
-0.3998956029905323
-0.3999116288955509
-0.3999403727337779
-0.39989560299053395
-0.39989560299053334
-0.3998956029905323
-0.39989560299053306
-0.399895602990533
-0.39989560299053273
-0.3998956029905345
-0.3998956029905335
-0.3998956029905322
-0.39989560299053256
-0.3998956029905326
-0.39989560299053284
-0.3998956029905335
-0.3998956029905336
-0.3998956029905325
-0.39989560299053234
-0.3998956029905326
-0.39989560299053223
-0.399896083668559
0.0
0.3998956029905333
0.3998956029905326
0.3104878764076559
0.0
