2.0
2.2
2.399843412660522
2.599217308498558
2.7978094932350017
2.997183389073038
3.1957755738094815
3.3951494696475177
3.5937416543839613
3.7931155502219975
3.991707734958441
4.191081630796477
4.3896738155329205
4.589047711370957
4.788891124031479
4.988265019869515
5.186857204605959
5.384356708022319
5.582948892758763
5.780448396175124
5.979040580911567
6.176540084327928
6.3751322690643715
6.574506164902408
6.773098349638851
6.970597853055212
7.1691900377916555
7.366689541208016
7.56528172594446
7.764655621782496
7.964499034443018
8.163872930281054
8.362465115017498
8.55996461843386
8.758556803170304
8.95793069900834
8.758087286347818
8.558087286347819
8.358452577795259
8.159443564864203
7.961371870473322
7.764547649819121
7.569279104712171
7.375872000972095
7.184629189636999
6.995850132737097
6.80983043437508
6.626861377847519
6.447229469532099
6.271215990254904
6.099096554840257
5.931140680532799
5.767611364967609
5.608764674349191
5.454849342484238
5.306106381295964
5.162768703429956
5.025060757542455
4.893198176842175
4.767387441436002
4.647381603494772
4.524501178021643
4.395474569481668
4.26050381720838
4.119800268311837
3.973584246735806
3.822084708258366
3.665538881976138
3.504191898833562
3.3382964077788717
3.168112180147822
2.993905702894672
2.815949761307351
2.6345230118602343
2.449909545873382
2.2623984446615024
2.0722833268692096
1.8798618887013996
1.6854354377686853
1.4893084212778245
1.2917897029043584
1.490319054982991
1.6896465028932521
1.8894599250876105
2.0
