3.5
3.5
3.4920873255977267
3.4762743670395087
3.4525858854164446
3.4367729268582266
3.4130844452351625
3.3972714866769445
3.3735830050538804
3.3577700464956624
3.3340815648725983
3.3182686063143803
3.2945801246913162
3.278767166133098
3.270854491730825
3.255041533172607
3.2313530515495428
3.199826140024769
3.176137658401705
3.144610746876931
3.120922265253867
3.0893953537290932
3.065706872106029
3.049893913547811
3.026205431924747
2.9946785203999733
2.9709900387769093
2.9394631272521354
2.9157746456290714
2.8999616870708533
2.89204901266858
2.876236054110362
2.852547572487298
2.821020660962524
2.79733217933946
2.781519220781242
2.7894318951835153
2.7894318951835153
2.777567530286346
2.7578142321950003
2.730202932073419
2.694776865721858
2.651591505875098
2.6007144753391676
2.542225441102589
2.4762159895879594
2.402789483239209
2.3220608986691027
2.2341566466204155
2.1392143740227203
2.037382748454716
1.9288212253496284
1.813699798308185
1.6921987329101578
1.5645082844412928
1.4308283999776137
1.291368405293621
1.1463466770846253
0.9959903010164965
0.8405347161382537
0.6805480314167642
0.5227659632061412
0.36996899235281866
0.22239637956825975
0.08027920488062135
-0.056159994207311215
-0.18670757118368098
-0.31115910507094746
-0.4293197205232562
-0.5410043929765598
-0.6460382383736585
-0.7442567870104941
-0.8355062410748815
-0.9196437154744128
-0.996537461576422
-1.0660670735096627
-1.128123676704658
-1.1826100983774968
-1.2294410196901024
-1.26854310934874
-1.2998676717225726
-1.2757662946557478
-1.2595382780529478
-1.2512090329336223
-1.2500000000000018
