0.7996868253210446
-1.1102230246251565e-16
-8.881784197001252e-16
-2.220446049250313e-16
-1.1102230246251565e-16
-4.440892098500626e-16
0.000245262484365516
2.220446049250313e-16
1.1102230246251565e-15
-0.00024526248436462783
-7.771561172376096e-16
3.3306690738754696e-16
0.0
-2.220446049250313e-16
5.551115123125783e-16
0.00024526248436473885
-1.2212453270876722e-15
-1.1102230246251565e-16
-0.000245262484365516
5.551115123125783e-16
0.0
0.00031317467895630724
0.0
0.0
-0.00031317467895630724
-2.220446049250313e-16
6.661338147750939e-16
0.0
-5.551115123125783e-16
1.1102230246251565e-16
0.00031317467895630724
0.0
0.0
-0.00031317467895630724
2.220446049250313e-16
2.220446049250313e-16
0.000245262484365516
0.0
0.0
1.1102230246251565e-16
-1.1102230246251565e-16
1.1102230246251565e-16
-0.00024526248436562703
-1.1102230246251565e-16
-1.1102230246251565e-16
2.220446049250313e-16
2.220446049250313e-16
-2.220446049250313e-16
-1.1102230246251565e-16
0.0
-3.3306690738754696e-16
3.3306690738754696e-16
0.0
1.1102230246251565e-16
-1.1102230246251565e-16
-1.1102230246251565e-16
0.0
0.00024526248436518294
2.220446049250313e-16
2.220446049250313e-16
-0.0002452624843650719
-5.551115123125783e-16
3.3306690738754696e-16
1.1102230246251565e-15
-7.771561172376096e-16
-1.4432899320127035e-15
0.0002452624843665152
1.2212453270876722e-15
-4.440892098500626e-16
-0.00024526248436618214
-5.551115123125783e-16
3.3306690738754696e-16
0.0003131746789565293
0.0
-0.8000000000000003
-0.7997912059810661
8.881784197001252e-16
-8.881784197001252e-16
-9.992007221626409e-16
1.1102230246251565e-16
1.1102230246251565e-15
8.881784197001252e-16
-4.440892098500626e-16
-5.555867098028244e-05
4.8506067611753245e-05
7.052603368307153e-06
-2.220446049250313e-16
-7.771561172376096e-16
7.771561172376096e-16
-1.6653345369377348e-15
-6.661338147750939e-16
2.6645352591003757e-15
8.881784197001252e-16
-5.551115123125783e-16
-4.440892098500626e-16
-2.220446049250313e-16
-4.440892098500626e-16
-4.440892098500626e-16
9.992007221626409e-16
6.661338147750939e-16
-6.661338147750939e-16
7.771561172376096e-16
1.2212453270876722e-15
-1.887379141862766e-15
-6.323905135940944e-05
0.7998544450324251
0.7997912059810661
-0.059743097986079574
-0.7400481079949865
0.0
