0.0
-0.09893425112829313
-0.19786850225658625
-0.23712084833996672
-0.2242249082837371
-0.23712084833996672
-0.2242249082837371
-0.23712084833996672
-0.2242249082837371
-0.23712084833996672
-0.2242249082837371
-0.23712084833996672
-0.2242249082837371
-0.23712084833996672
-0.2242249082837371
-0.23712084833996672
-0.2242249082837371
-0.23712084833996672
-0.2242249082837371
-0.12529065715544396
-0.026356406027150836
-0.03925234608338046
-0.026356406027150836
0.07257784510114229
0.059681905044912664
0.07257784510114229
0.059681905044912664
0.07257784510114229
0.059681905044912664
0.1586161561732058
0.17151209622943542
0.27044634735772854
0.36938059848602167
0.4683148496143148
0.5672491007426084
0.6661833518709015
0.6958060660663437
0.5968718149380505
0.4979375638097574
0.3990033126814643
0.30006906155317115
0.20113481042487802
0.12051826375424302
0.02158401262594989
0.0
