0.0
0.9975549987679724
0.9975549987679723
0.9996148627854542
0.9999584242587101
0.9999584242587101
0.9999584242587101
0.9999584242587101
0.9999584242587101
0.9999584242587101
0.9999584242587102
0.9999584242587102
0.99995842425871
0.99995842425871
0.99995842425871
0.99995842425871
0.9999584242587101
0.99995842425871
0.9999584242587098
0.9975549987679726
0.9975549987679727
0.9999584242587103
0.9999584242587104
0.9975549987679727
0.9999584242587101
0.9999584242587096
0.9999584242587096
0.9999584242587096
0.9999584242587096
0.9975549987679722
0.0
-0.9983694671785039
-0.9983694671785045
-0.9983694671785053
-0.9983694671785045
-0.9987593170942248
-0.9990927258115335
-0.998369467178505
-0.9983694671785044
-0.9983694671785048
-0.9983694671785045
-0.9984074752831897
0.0
0.6082588738876148
0.0
