-8.0
-7.8
-7.600156587339478
-7.400782691501441
-7.202190506764998
-7.004691003348637
-6.808593440470242
-6.614204882086304
-6.420716168852075
-6.228193001983275
-6.0367007548337615
-5.847641730514689
-5.661311971522283
-5.478003246668804
-5.291673487676397
-5.102614463357325
-4.911122216207811
-4.718599049339011
-4.525110336104782
-4.330721777720845
-4.134624214842449
-3.9371247114260886
-3.738532526689645
-3.5399403419532014
-3.341348157216758
-3.1427559724803142
-2.9452564690639536
-2.749158906185558
-2.5547703478016204
-2.358672784923225
-2.1611732815068643
-1.9625810967704207
-1.7639889120339771
-1.5653967272975335
-1.36680454256109
-1.1693050391447293
-0.9732074762663336
-0.7788189178823961
-0.5853302046481665
-0.39280703777936615
-0.20131479062985297
-0.00879162376105258
0.184697089473177
0.37908564785711457
0.5714608138747708
0.7615213523718617
0.9489696526077569
1.139030191104848
1.3314053571225042
1.5257939155064417
1.7218914783848374
1.919390981801198
2.1179831665376416
2.317357062375678
2.5172004750361996
2.7172004750361998
2.9170438876967215
3.1164177835347577
3.3150099682712013
3.513131942536753
3.7107164318410684
3.9076963442027184
4.103152138580097
4.296777755944933
4.4882700030944465
4.677329027413519
4.863658786405925
5.046967511259403
5.228771242573174
5.409008246895345
5.587617322773367
5.762526119772505
5.933460752861025
6.100153560044728
6.26684636722843
6.433539174412132
6.2690763260689994
6.109243912252808
5.954292210287976
5.804463854922086
5.65999345839059
5.521107243043751
5.388022687111082
5.260948184157973
5.140082716767756
5.020561167201264
4.89486855145302
4.763120218820526
4.6255224705126565
4.48229076718267
4.3336493915441
4.179831097172421
4.021076744042423
3.8576349213719774
3.689761558362798
3.5177195234477128
3.34177821267198
3.162213127853187
2.9793054451802825
2.793341574927265
2.6046127129709555
2.413414384815118
2.2200459828349386
2.0248102974664697
1.828013043075142
1.6299623792457716
1.431099993682948
1.6302223581046444
1.8299237474977694
1.9999999999999964
