3.0
3.0
2.950613532207671
2.8523235965214035
2.7348710886568086
2.6236957184805783
2.5062432106159833
2.395067840439753
2.277615332575158
2.1664399623989277
2.0489874545343327
1.9378120843581021
1.8203595764935072
1.7091842063172766
1.5917316984526817
1.4805563282764511
1.3631038204118562
1.2519284502356256
1.1344759423710307
1.0233005721948
0.9608190134615987
0.9476423361237531
0.9280212025206255
0.9148445251827799
0.9511015972095904
0.9809248376571752
1.0171819096839858
1.0470051501315705
1.083262222158381
1.1130854626059656
1.1920614056657133
1.0825135264609589
0.9253354347037841
0.7220643329061642
0.47468821344542267
0.18562641598898155
-0.13777329623876922
-0.43878442215483293
-0.698914754765116
-0.9156202181347384
-1.0867814317639972
-1.210724438140097
-1.2866583862084058
-1.2511771745118567
-1.2500000000000013
