0.7996868253210437
-1.1102230246251565e-16
0.0
1.1102230246251565e-16
7.771561172376096e-16
1.1102230246251565e-16
0.0
-1.1102230246251565e-16
1.1102230246251565e-16
-1.1102230246251565e-16
-8.881784197001252e-16
-2.220446049250313e-16
0.0
3.3306690738754696e-16
-1.1102230246251565e-16
-2.220446049250313e-16
0.0
3.3306690738754696e-16
-1.1102230246251565e-16
1.1102230246251565e-16
-1.1102230246251565e-16
1.1102230246251565e-16
8.881784197001252e-16
-1.1102230246251565e-16
-8.881784197001252e-16
1.1102230246251565e-16
1.6653345369377348e-15
1.1102230246251565e-16
-1.1102230246251565e-16
1.4432899320127035e-15
1.1102230246251565e-16
-1.4432899320127035e-15
-0.7996868253210455
-0.799686825321043
1.1102230246251565e-16
-1.1102230246251565e-16
0.00010439700946707209
-0.0002087776694900123
6.661338147750939e-16
-1.2212453270876722e-15
-5.551115123125783e-16
3.3306690738754696e-16
2.220446049250313e-16
7.771561172376096e-16
-3.3306690738754696e-16
9.992007221626409e-16
-2.220446049250313e-16
-8.881784197001252e-16
-8.881784197001252e-16
-1.7763568394002505e-15
5.10702591327572e-15
-6.661338147750939e-16
-2.220446049250313e-15
1.7763568394002505e-15
-2.220446049250313e-15
9.992007221626409e-16
1.4432899320127035e-15
0.0
-7.497024594460555e-07
-1.978650645995117e-05
2.0536208918398025e-05
-1.1102230246251565e-16
-1.7763568394002505e-15
-2.220446049250313e-16
2.4424906541753444e-15
-1.7763568394002505e-15
2.1094237467877974e-15
-5.551115123125783e-16
-1.1102230246251565e-15
2.6645352591003757e-15
-4.107825191113079e-15
-3.3306690738754696e-16
4.218847493575595e-15
-1.5543122344752192e-15
0.0
-5.551115123125783e-16
-1.1102230246251565e-15
1.4432899320127035e-15
1.887379141862766e-15
-1.8511599642168086e-05
0.7998097175807062
0.7997912059810625
6.328271240363392e-15
-0.2751524996701743
-0.5246387063108945
0.0
