0.0
0.39984341266052187
0.3998434126605218
0.3998434126605218
0.39984341266052187
0.39984341266052226
0.3998434126605223
0.3998434126605223
0.39984341266052226
0.3998434126605223
0.39984341266052226
0.3998434126605218
0.3998434126605217
0.3998434126605217
0.39984341266052187
0.3998434126605218
0.3998434126605217
0.3998434126605217
0.39984341266052187
0.3998434126605218
0.39984341266052187
0.3998434126605218
0.39984341266052187
0.3998434126605223
0.39984341266052226
0.3998434126605218
0.39984341266052187
0.3998434126605227
0.39984341266052276
0.3998434126605227
0.3998434126605234
0.3998434126605235
0.39984341266052276
0.0
-0.3998434126605215
-0.3998434126605214
-0.3998434126605215
-0.39979121415578794
-0.39989560299053295
-0.3998956029905326
-0.3998956029905332
-0.3998956029905335
-0.39989560299053334
-0.3998956029905332
-0.39989560299053284
-0.399895602990533
-0.3998956029905325
-0.3998956029905326
-0.39989560299053306
-0.3998956029905335
-0.3998956029905344
-0.39989560299053184
-0.3998956029905322
-0.3998956029905333
-0.3998956029905324
-0.3998956029905335
-0.399895602990533
-0.3998956029905323
-0.3998956029905323
-0.399895977841762
-0.399905871094992
-0.3998956029905328
-0.39989560299053284
-0.3998956029905337
-0.39989560299053384
-0.3998956029905326
-0.3998956029905335
-0.39989560299053245
-0.39989560299053273
-0.3998956029905333
-0.39989560299053195
-0.399895602990534
-0.39989560299053417
-0.39989560299053206
-0.39989560299053284
-0.39989560299053284
-0.3998956029905331
-0.39989560299053367
-0.39989560299053295
-0.399895602990532
-0.3999048587903531
0.0
0.39989560299053123
0.3998956029905344
0.26231935315544724
0.0
