3.0
3.2
3.399843412660522
3.599217308498558
3.7978094932350017
3.997183389073038
4.195775573809482
4.395149469647518
4.59499288230804
4.794366778146077
4.994210190806599
5.193584086644635
5.392176271381079
5.589675774797439
5.788267959533883
5.987641855371919
6.186234040108363
6.383733543524723
6.582325728261167
6.781699624099203
6.980291808835647
7.179665704673683
7.3782578894101265
7.577631785248163
7.777475197908685
7.976849093746721
8.175441278483165
8.374815174321201
8.573407359057645
8.772781254895682
8.971373439632126
9.168872943048488
9.367465127784932
9.566839023622968
9.366995610962446
9.166995610962447
8.967152198301925
8.767152198301925
8.567517489749365
8.36850847681831
8.170436782427428
7.973612561773227
7.778344016666278
7.584936912926201
7.393694101591105
7.204915044691203
7.018895346329186
6.835926289801626
6.656294381486205
6.48028090220901
6.308161466794363
6.140205592486906
5.976676276921715
5.817829586303297
5.663914254438344
5.515171293250071
5.3718336153840625
5.234125669496562
5.102263088796281
4.976452353390108
4.85688248814487
4.736874127694467
4.61063048019491
4.478349227215081
4.340237504449646
4.196511577370795
4.0473965025838785
3.8931257754172677
3.7339409642982266
3.570091332487338
3.401833447763801
3.2294307806727662
3.0531532919638185
2.87327700986663
2.690083597865688
2.503859913650942
2.314897559934985
2.1234924278401124
1.9299442335702999
1.7345560490935608
1.537633827569624
1.3395215507377634
1.538271624957921
1.7377447073561747
1.9376284483398214
2.000000000000001
