3.5
3.5
3.4920873255977267
3.4762743670395087
3.4525858854164446
3.4367729268582266
3.4130844452351625
3.3972714866769445
3.389358812274671
3.373545853716453
3.36563317931418
3.3498202207559618
3.3261317391328977
3.294604827608124
3.27091634598506
3.255103387426842
3.2314149058037778
3.199887994279004
3.17619951265594
3.160386554097722
3.136698072474658
3.1208851139164397
3.0971966322933757
3.0813836737351576
3.0734709993328844
3.0576580407746663
3.0339695591516023
3.018156600593384
2.99446811897032
2.978655160412102
2.954966678789038
2.9234397672642642
2.8997512856412
2.883938327082982
2.8918510014852554
2.8918510014852554
2.883938327082982
2.883938327082982
2.8720739621858127
2.852320664094467
2.824709363972886
2.7892832976213247
2.746097937774565
2.6952209072386344
2.6367318730020557
2.5707224214874262
2.497295915138676
2.4165673305685695
2.3286630785198823
2.233720805922187
2.131889180354183
2.0233276572490952
1.908206230207652
1.7867051648096246
1.6590147163407596
1.5253348318770805
1.3858748371930878
1.2408531089840922
1.0904967329159634
0.9350411480377205
0.7747355034810113
0.6147580880896983
0.45965386029662225
0.30966569368550223
0.1650284507359676
0.025968615058646893
-0.10729606324948948
-0.2345569085742163
-0.3556146465436396
-0.470279716066643
-0.5783725661615478
-0.6797239371102246
-0.7741751254973814
-0.8615782327200154
-0.9417963965779075
-1.0147040055824923
-1.0801868956485543
-1.1381425288607239
-1.188480154034877
-1.2311209488229973
-1.2659981431389942
-1.2933441338209861
-1.2711362971240034
-1.2568090708809998
-1.2503848897143697
-1.2499999999999951
