0.7996868253210433
-1.1102230246251565e-16
0.0
5.551115123125783e-16
-1.1102230246251565e-16
1.1102230246251565e-16
-1.1102230246251565e-16
0.0
0.0
1.1102230246251565e-16
-1.1102230246251565e-16
1.1102230246251565e-16
-1.1102230246251565e-16
-2.220446049250313e-16
8.881784197001252e-16
0.0
-8.881784197001252e-16
0.0
0.0
3.3306690738754696e-16
-0.7996868253210437
-0.7996868253210447
0.7996868253210447
0.7996868253210445
-8.881784197001252e-16
1.1102230246251565e-16
-1.1102230246251565e-16
1.1102230246251565e-16
-1.1102230246251565e-16
1.1102230246251565e-16
-1.1102230246251565e-16
1.1102230246251565e-16
-1.1102230246251565e-16
1.1102230246251565e-16
-1.1102230246251565e-16
1.1102230246251565e-16
-0.7996868253210437
-0.7997912059810666
1.1102230246251565e-15
-8.881784197001252e-16
2.220446049250313e-16
0.0
-1.7763568394002505e-15
3.219646771412954e-15
-3.3306690738754696e-16
-1.1102230246251565e-15
8.881784197001252e-16
0.0
-1.9984014443252818e-15
-6.661338147750939e-16
3.3306690738754696e-15
-2.220446049250313e-16
-6.661338147750939e-16
-3.0191816248414938e-05
-5.8375953646438994e-05
8.856776989440984e-05
0.0
-8.881784197001252e-16
0.0
5.551115123125783e-16
1.1102230246251565e-16
8.881784197001252e-16
8.881784197001252e-16
-1.3322676295501878e-15
-1.9984014443252818e-15
8.881784197001252e-16
2.220446049250313e-15
2.220446049250313e-16
-1.4432899320127035e-15
-7.771561172376096e-16
2.220446049250313e-15
-9.041891571204275e-05
0.7998816248967764
0.799791205981066
1.9984014443252818e-15
-0.12092340703474214
-0.6788677989463259
0.0
