0.0
0.39984341266052165
0.3998434126605216
0.3998434126605216
0.39984341266052187
0.3998434126605218
0.39984341266052187
0.3998434126605218
0.3998434126605218
0.3998434126605218
0.39984341266052187
0.3998434126605218
0.39984341266052187
0.3998434126605218
0.3998434126605217
0.39984341266052215
0.39984341266052215
0.3998434126605217
0.3998434126605217
0.3998434126605217
0.39984341266052187
0.0
-0.39984341266052237
0.0
0.39984341266052226
0.3998434126605218
0.39984341266052187
0.3998434126605218
0.39984341266052187
0.3998434126605218
0.39984341266052187
0.3998434126605218
0.39984341266052187
0.3998434126605218
0.39984341266052187
0.3998434126605218
0.39984341266052187
0.0
-0.3998956029905333
-0.39989560299053273
-0.39989560299053317
-0.39989560299053306
-0.39989560299053306
-0.39989560299053395
-0.39989560299053234
-0.3998956029905325
-0.39989560299053306
-0.3998956029905326
-0.3998956029905326
-0.3998956029905336
-0.39989560299053395
-0.3998956029905323
-0.3998956029905324
-0.39989560299053273
-0.39991069889865694
-0.39993988687548016
-0.39989560299053295
-0.39989560299053295
-0.3998956029905334
-0.3998956029905334
-0.3998956029905331
-0.39989560299053306
-0.3998956029905326
-0.3998956029905322
-0.39989560299053284
-0.39989560299053384
-0.3998956029905334
-0.3998956029905323
-0.3998956029905322
-0.3998956029905329
-0.3998956029905333
-0.3998956029905322
-0.3999408124483882
0.0
0.399895602990533
0.399895602990534
0.33943389947316294
0.0
