1.0
1.2
1.3998434126605217
1.5992173084985577
1.7978094932350013
1.9971833890730375
2.195775573809481
2.3951494696475173
2.594992882308039
2.7943667781460753
2.992958962882519
3.192332858720555
3.3909250434569986
3.590298939295035
3.7888911240314784
3.986390627447839
4.184982812184283
4.382482315600644
4.581074500337087
4.778574003753448
4.977166188489892
5.176540084327928
4.976696671667406
4.7766966716674055
4.976540084327928
5.175913980165964
5.3745061649024075
5.573880060740444
5.772472245476887
5.9718461413149235
6.170438326051367
6.369812221889403
6.568404406625847
6.767778302463883
6.966370487200327
7.165744383038363
7.3643365677748065
7.563710463612843
7.365638769221961
7.16881454856776
6.973546003460812
6.780138899720734
6.588896088385639
6.4001170314857365
6.2140973331237195
6.031128276596159
5.851496368280738
5.675482889003543
5.503363453588897
5.335407579281441
5.1718782637162475
5.01303157309783
4.859116241232877
4.710373280044604
4.5670356021785965
4.428953270745692
4.28835522707407
4.142240498562264
3.9908378823762334
3.834384455844566
3.6731252052253898
3.5073126420889125
3.337206407916269
3.163072867533838
2.9851846920196428
2.803820431734967
2.6192640801497538
2.431804629144791
2.2417356164870066
2.0493546661864936
1.8549630224549896
1.658865077995583
1.4613678973622743
1.2631322657414161
1.461520277042906
1.6607514794162048
1.860513902022105
2.000000000000001
