2.0
2.0
1.992087325597727
1.9762743670395089
1.9525858854164448
1.9367729268582268
1.9130844452351627
1.8972714866769447
1.8893588122746716
1.8735458537164535
1.8498573720933895
1.8340444135351714
1.8103559319121074
1.7945429733538893
1.7708544917308253
1.7393275802060517
1.7156390985829877
1.684112187058214
1.66042370543515
1.6288967939103765
1.6052083122873124
1.5893953537290944
1.5973080281313674
1.5973080281313674
1.6052207025336405
1.6210336610918585
1.6447221427149226
1.6605351012731406
1.6842235828962047
1.7000365414544227
1.7237250230774868
1.7395379816357048
1.7632264632587689
1.779039421816987
1.802727903440051
1.818540861998269
1.842229343621333
1.8580423021795511
1.8304310020579697
1.7950049357064082
1.7518195758596482
1.7009425453237186
1.6424535110871397
1.5764440595725095
1.5030175532237597
1.4222889686536533
1.334384716604966
1.2394424440072709
1.1376108184392668
1.0290492953341794
0.9139278682927352
0.7924268028947083
0.6647363544258433
0.5310564699621643
0.39159647527817176
0.24692339031712063
0.1047018373478481
-0.031845832442594535
-0.1625058026909627
-0.2870734764260814
-0.4053537964417988
-0.5171615507318765
-0.622321662508541
-0.7206694643505693
-0.8120509560516214
-0.8963230457650673
-0.9733537740677016
-1.0430225205914947
-1.1052201928998182
-1.1598493973123858
-1.2068245914114304
-1.2460722179902965
-1.2775308202347186
-1.304007302093378
-1.2787688991106518
-1.2613991548935208
-1.2519252682623272
-1.2500000000000002
