0.7996868253210446
-1.1102230246251565e-16
-8.881784197001252e-16
-2.220446049250313e-16
0.0
1.6653345369377348e-15
1.887379141862766e-15
-1.1102230246251565e-16
1.1102230246251565e-16
-1.1102230246251565e-16
-1.1102230246251565e-16
-4.440892098500626e-16
-4.440892098500626e-16
-5.551115123125783e-16
-1.9984014443252818e-15
-2.220446049250313e-16
6.661338147750939e-16
-5.551115123125783e-16
1.1102230246251565e-16
4.440892098500626e-16
-0.7996868253210437
-0.7996868253210432
-2.1094237467877974e-15
-6.661338147750939e-16
-3.3306690738754696e-16
-4.440892098500626e-16
-2.220446049250313e-16
1.4432899320127035e-15
8.881784197001252e-16
1.1102230246251565e-16
-1.1102230246251565e-16
1.6653345369377348e-15
0.00010439700946707209
-0.0002087776694900123
6.661338147750939e-16
-1.2212453270876722e-15
-5.551115123125783e-16
3.3306690738754696e-16
2.220446049250313e-16
7.771561172376096e-16
-6.661338147750939e-16
1.3322676295501878e-15
2.220446049250313e-16
-1.3322676295501878e-15
-8.881784197001252e-16
-1.7763568394002505e-15
5.10702591327572e-15
-6.661338147750939e-16
-2.220446049250313e-15
1.7763568394002505e-15
-2.220446049250313e-15
9.992007221626409e-16
1.4432899320127035e-15
0.0
-1.7763568394002505e-15
-7.959187464035011e-05
6.0051846258346586e-05
1.954002838311375e-05
-4.440892098500626e-16
1.1102230246251565e-16
-2.1094237467877974e-15
1.1102230246251565e-15
2.1094237467877974e-15
-2.1094237467877974e-15
-9.992007221626409e-16
1.5543122344752192e-15
8.881784197001252e-16
-2.220446049250313e-16
-2.4424906541753444e-15
3.3306690738754696e-16
1.7763568394002505e-15
8.881784197001252e-16
-8.881784197001252e-16
9.992007221626409e-16
-6.661338147750939e-16
-7.2997034061828e-07
0.799791935951406
0.7997912059810662
-4.440892098500626e-16
-0.21440727019896877
-0.585383935782097
0.0
