0.0
0.3998434126605223
0.39984341266052226
0.3998434126605218
0.3998434126605217
0.3998434126605217
0.39984341266052253
0.3998434126605235
0.3998434126605234
0.3998434126605235
0.3998434126605234
0.39984341266052337
0.39984341266052315
0.3998434126605229
0.39984341266052265
0.39984341266052165
0.39984341266052154
0.39984341266052187
0.3998434126605216
0.39984341266052165
0.39984341266052187
0.0
-0.3998434126605216
-0.39984341266052265
-0.399843412660523
-0.39984341266052315
-0.39984341266052337
-0.3998434126605235
-0.39984341266052276
-0.3998434126605223
-0.39984341266052226
-0.3998434126605223
-0.3998434126605215
-0.39979121415578794
-0.39989560299053295
-0.3998956029905326
-0.3998956029905332
-0.3998956029905335
-0.39989560299053334
-0.3998956029905332
-0.39989560299053284
-0.39989560299053317
-0.3998956029905325
-0.3998956029905324
-0.39989560299053306
-0.3998956029905335
-0.3998956029905344
-0.39989560299053184
-0.3998956029905322
-0.3998956029905333
-0.3998956029905324
-0.3998956029905335
-0.399895602990533
-0.3998956029905323
-0.3998956029905323
-0.39989560299053317
-0.39993539892785335
-0.3999053730047242
-0.3998956029905326
-0.39989560299053284
-0.3998956029905328
-0.39989560299053384
-0.3998956029905333
-0.39989560299053223
-0.3998956029905333
-0.3998956029905338
-0.399895602990533
-0.39989560299053256
-0.3998956029905327
-0.3998956029905339
-0.3998956029905337
-0.39989560299053284
-0.3998956029905324
-0.39989560299053284
-0.39989560299053234
-0.3998956029905327
-0.399895967975703
0.0
0.3998956029905331
0.3998956029905329
0.2926919678910485
0.0
