7.0
7.2
7.399843412660522
7.599217308498559
7.797809493235002
7.995308996651363
8.193901181387806
8.391400684804168
8.589992869540612
8.787492372956974
8.986084557693419
9.18358406110978
9.379681623988176
9.574070182372115
9.766445348389771
9.956505886886863
10.143954187122757
10.32849672879122
10.509844541636047
10.687713657941902
10.869061470786729
11.053604012455192
10.866155712219298
10.676095173722207
10.48372000770455
10.289331449320612
10.093233886442215
9.895734383025854
9.69714219828941
9.497768302451373
9.29792488979085
9.098550993952815
8.898707581292292
8.698707581292293
8.499072872739733
8.300063859808677
8.101992165417796
7.905167944763595
7.709899399656646
7.516492295916569
7.325249484581473
7.136470427681571
6.950450729319554
6.767481672791994
6.587849764476573
6.411836285199378
6.239716849784731
6.0717609754772734
5.908231659912083
5.749384969293665
5.595469637428712
5.446726676240439
5.30338899837443
5.16568105248693
5.033818471786649
4.908007736380476
4.78844584995176
4.6711480552850055
4.5477779274553525
4.4182771370391745
4.2828484658787875
4.141703978127253
3.995064688182759
3.843160214608063
3.6862284205768816
3.5245150414102833
3.358273299786286
3.187763509225202
3.013252666471619
2.8350140334113068
2.653326709177695
2.468475193117973
2.2807489393031224
2.090441903279494
1.897852081771636
1.703281046057156
1.5070334697442709
1.3094179446193799
1.5080309494030173
1.7074143154340407
1.9072558336042196
2.0000000000000018
