3.5
3.5
3.4920873255977267
3.4762743670395087
3.4525858854164446
3.421058973891671
3.3973704922686068
3.365843580743833
3.342155099120769
3.310628187595995
3.286939705972931
3.2554127944481572
3.21609682017365
3.1690533469875164
3.114356039012816
3.0520905453088725
2.98235436575569
2.905256698381485
2.8209182683723983
2.7294711390321384
2.6451327090230516
2.5680350416488467
2.637771221202029
2.7000367149059725
2.754734022880673
2.8017774960668067
2.8410934703413138
2.8726203818660876
2.8963088634891516
2.9121218220473697
2.920034496449643
2.935847455007861
2.9437601294101343
2.9437601294101343
2.931895764512965
2.9121424664216193
2.884531166300038
2.849105099948477
2.805919740101717
2.7550427095657866
2.696553675329208
2.6305442238145784
2.557117717465828
2.4763891328957217
2.3884848808470345
2.2935426082493393
2.191710982681335
2.0831494595762474
1.968028032534804
1.8465269671367768
1.7188365186679118
1.5851566342042327
1.44569663952024
1.3006749113112444
1.1503185352431156
0.9948629503648727
0.8345515804409471
0.6725714077847331
0.5151719428155865
0.3627766499261278
0.21562416085098368
0.07394489775777169
-0.062039287564837675
-0.19211546109893662
-0.3160799400250931
-0.4337386116638591
-0.5449072374316493
-0.6494117413350402
-0.7470884825517334
-0.8377845116713707
-0.92135781019494
-0.9976775129177682
-1.066624112847867
-1.128089648338741
-1.1819778721436718
-1.2282044021267104
-1.2666968533944258
-1.2974044210591424
-1.2740024052465344
-1.2584765119254486
-1.2508510526791676
-1.25
