0.7996868253210437
-1.1102230246251565e-16
0.0
1.1102230246251565e-16
-1.1102230246251565e-16
1.1102230246251565e-16
-1.1102230246251565e-16
2.220446049250313e-16
-1.1102230246251565e-16
-7.771561172376096e-16
7.771561172376096e-16
7.771561172376096e-16
-8.881784197001252e-16
1.1102230246251565e-16
-1.1102230246251565e-16
1.1102230246251565e-16
-0.7996868253210437
-0.7996868253210447
0.7996868253210447
0.7996868253210445
-8.881784197001252e-16
1.1102230246251565e-16
-1.1102230246251565e-16
1.1102230246251565e-16
-1.1102230246251565e-16
1.1102230246251565e-16
-1.1102230246251565e-16
1.1102230246251565e-16
-1.1102230246251565e-16
1.1102230246251565e-16
-1.1102230246251565e-16
1.1102230246251565e-16
-0.7996868253210437
-0.7997912059810666
1.2212453270876722e-15
-1.1102230246251565e-15
3.3306690738754696e-16
2.220446049250313e-16
-1.9984014443252818e-15
3.219646771412954e-15
-1.1102230246251565e-16
-1.3322676295501878e-15
6.661338147750939e-16
4.440892098500626e-16
-2.220446049250313e-15
-8.881784197001252e-16
3.552713678800501e-15
-2.220446049250313e-16
-6.661338147750939e-16
-2.220446049250313e-16
-9.213860574508459e-05
3.888366718363123e-05
5.3254938560343135e-05
-1.1102230246251565e-15
2.6645352591003757e-15
-1.1102230246251565e-16
-1.4432899320127035e-15
2.4424906541753444e-15
-1.887379141862766e-15
8.881784197001252e-16
1.1102230246251565e-16
-4.440892098500626e-16
-7.771561172376096e-16
-3.4416913763379853e-15
3.219646771412954e-15
2.9976021664879227e-15
4.440892098500626e-16
-4.218847493575595e-15
-2.8337095583141902e-05
0.7998195430766506
0.7997912059810647
-4.440892098500626e-16
-0.3110614636659673
-0.4887297423150969
0.0
