0.0
-0.03957370045131725
-0.0791474009026345
-0.11872110135395175
-0.0791474009026345
-0.11872110135395175
-0.0791474009026345
-0.03957370045131725
0.0
-0.03957370045131725
0.0
-0.03957370045131725
-0.0791474009026345
-0.11872110135395175
-0.0791474009026345
-0.11872110135395175
-0.0791474009026345
-0.03957370045131725
0.0
0.03957370045131725
0.0791474009026345
0.11872110135395175
0.0791474009026345
0.11872110135395175
0.0791474009026345
0.11872110135395175
0.0791474009026345
0.11872110135395175
0.0791474009026345
0.11872110135395175
0.0791474009026345
0.11872110135395175
0.0791474009026345
0.11872110135395175
0.158294801805269
0.19786850225658625
0.2374422027079035
0.27701590315922076
0.316589603610538
0.35616330406185526
0.3957370045131725
0.43531070496448976
0.474884405415807
0.5144581058671243
0.5540318063184415
0.5936055067697588
0.633179207221076
0.6727529076723933
0.7123266081237105
0.7519003085750278
0.791474009026345
0.8310477094776623
0.8204648642944958
0.7808911638431786
0.7413174633918613
0.7017437629405436
0.6621700624892264
0.6225963620379091
0.5830226615865919
0.5434489611352746
0.5038752606839574
0.46430156023264013
0.4247278597813229
0.38515415933000563
0.3455804588786884
0.30600675842737113
0.2664330579760539
0.22685935752473663
0.18728565707341938
0.14771195662210213
0.127509953549787
0.08793625309846975
0.0483625526471525
0.00878885219583525
0.0
