0.0
0.39984341266052187
0.3998434126605218
0.3998434126605218
0.39984341266052187
0.3998434126605218
0.39984341266052187
0.3998434126605218
0.3998434126605219
0.39984341266052187
0.3998434126605215
0.39984341266052187
0.39984341266052226
0.3998434126605218
0.39984341266052187
0.3998434126605218
0.39984341266052187
0.0
-0.39984341266052237
0.0
0.39984341266052226
0.3998434126605218
0.39984341266052187
0.3998434126605218
0.39984341266052187
0.3998434126605218
0.39984341266052187
0.3998434126605218
0.39984341266052187
0.3998434126605218
0.39984341266052187
0.3998434126605218
0.39984341266052187
0.0
-0.3998956029905333
-0.3998956029905327
-0.3998956029905332
-0.39989560299053306
-0.39989560299053295
-0.39989560299053395
-0.39989560299053234
-0.3998956029905324
-0.39989560299053306
-0.39989560299053273
-0.3998956029905325
-0.3998956029905336
-0.39989560299053406
-0.3998956029905323
-0.3998956029905324
-0.39989560299053273
-0.39989560299053284
-0.3999416722934054
-0.39992223045981357
-0.3998956029905334
-0.39989560299053395
-0.3998956029905326
-0.3998956029905327
-0.3998956029905334
-0.3998956029905322
-0.3998956029905331
-0.3998956029905327
-0.3998956029905326
-0.39989560299053284
-0.3998956029905332
-0.39989560299053495
-0.39989560299053334
-0.39989560299053184
-0.3998956029905316
-0.3998956029905337
-0.3999097715383253
0.0
0.39989560299053234
0.3998956029905321
0.24436487115754846
0.0
