2.0
2.2
2.399843412660522
2.599217308498558
2.7978094932350017
2.997183389073038
3.1957755738094815
3.3951494696475177
3.5949928823080395
3.7949928823080397
3.9948362949685614
4.194836294968561
4.394679707629083
4.5940536034671196
4.792645788203563
4.992019684041599
5.190611868778043
5.389985764616079
5.190142351955557
4.990142351955557
5.189985764616079
5.389359660454115
5.587951845190559
5.787325741028595
5.985917925765039
6.185291821603075
6.383884006339518
6.583257902177555
6.781850086913998
6.981223982752034
7.179816167488478
7.379190063326514
7.577782248062958
7.777156143900994
7.579084449510113
7.382260228855912
7.186991683748963
6.993584580008886
6.802341768673791
6.613562711773888
6.427543013411871
6.24457395688431
6.06494204856889
5.888928569291695
5.716809133877049
5.548853259569592
5.385323944004399
5.226477253385982
5.072561921521029
4.923818960332755
4.780481282466748
4.642773336579246
4.508532328786199
4.369297380388099
4.224491873130189
4.074342554103702
3.919084538132548
3.7589609396132593
3.5942224918286367
3.4251271543311637
3.2519397090110065
3.0749313454811062
2.8943792364285645
2.710566103597322
2.523779775081686
2.3343127346239916
2.14246166362208
1.9485269765637927
1.752812350615919
1.5556242501041986
1.357327181131918
1.5561549014117455
1.7556776269228562
1.9555829303377186
2.000000000000001
