2.0
2.0
1.992087325597727
1.9762743670395089
1.9525858854164448
1.9367729268582268
1.9130844452351627
1.8972714866769447
1.8893588122746716
1.8893588122746716
1.8814461378723986
1.8814461378723986
1.8735334634701255
1.8577205049119074
1.8340320232888434
1.8182190647306253
1.7945305831075613
1.7787176245493432
1.7866302989516163
1.7866302989516163
1.7945429733538893
1.8103559319121074
1.8340444135351714
1.8498573720933895
1.8735458537164535
1.8893588122746716
1.9130472938977356
1.9288602524559537
1.9525487340790177
1.9683616926372358
1.9920501742602998
2.007863132818518
2.031551614441582
2.0473645729998
2.0197532728782184
1.984327206526657
1.941141846679897
1.8902648161439672
1.8317757819073885
1.7657663303927584
1.6923398240440086
1.6116112394739022
1.5237069874252152
1.4287647148275198
1.3269330892595157
1.2183715661544285
1.103250139112984
0.9817490737149572
0.8540586252460922
0.7203787407824132
0.5809187460984206
0.43589701788942503
0.2876488919697635
0.14409259932518004
0.006157306230706983
-0.12594099810799841
-0.2519954644706752
-0.37180870752215345
-0.48519311489279593
-0.5919711409557187
-0.6919755848407609
-0.7850498522498843
-0.8710482006640143
-0.9498359675573735
-1.0212897812619492
-1.0852977541519055
-1.1417596578454403
-1.1905870801497422
-1.2317035635032876
-1.2650447246987069
-1.29102919612818
-1.2695276226600503
-1.255909178626443
-1.2501951887865483
-1.2500000000000009
