1.9992297255709084
0.0006871229465119644
-2.220446049250313e-16
0.0
0.0
6.661338147750939e-16
2.220446049250313e-16
-2.220446049250313e-16
-2.220446049250313e-16
1.1102230246251565e-15
-1.1102230246251565e-15
2.220446049250313e-16
-2.220446049250313e-16
2.220446049250313e-16
-2.220446049250313e-16
-0.004806850981475819
-1.9951099975359448
-1.9967389343570079
4.440892098500626e-16
-1.9984014443252818e-15
-8.881784197001252e-16
6.661338147750939e-16
-0.0009507706730518262
-0.0004533708276719395
0.0014041415007244318
-6.661338147750939e-16
-4.440892098500626e-16
3.1086244689504383e-15
-1.1102230246251565e-15
-0.00043516495836048996
1.9971740993153686
1.2787496182489477
-1.2787496182489477
0.0
