0.0
-0.03925234608338046
-0.026356406027150836
-0.03925234608338046
-0.026356406027150836
-0.03925234608338046
-0.026356406027150836
-0.03925234608338046
-0.026356406027150836
-0.03925234608338046
-0.026356406027150836
-0.03925234608338046
-0.026356406027150836
-0.03925234608338046
-0.026356406027150836
-0.03925234608338046
0.059681905044912664
0.1586161561732058
0.2575504073014989
0.35648465842979205
0.45541890955808517
0.5543531606863787
0.6532874118146719
0.752221662942965
0.7712611372724698
0.6723268861441767
0.5733926350158836
0.47445838388759043
0.3755241327592973
0.2765898816310042
0.17765563050271105
0.12667701002047327
0.027742758892179697
0.0
