0.0
0.9996148627854542
0.9999584242587102
0.9999584242587101
0.9999584242587101
0.9999584242587101
0.9999584242587104
0.9999584242587105
0.9999584242587104
0.9999584242587103
0.9999584242587108
0.9999584242587103
0.9999584242587104
0.9999584242587103
0.9999584242587104
0.9999584242587103
0.9975549987679724
0.0
-0.9983694671785039
-0.9983694671785037
-0.9983694671785047
-0.9983694671785052
-0.9983694671785048
-0.9988448525150307
-0.9990715379288667
-0.9983694671785045
-0.9983694671785048
-0.998369467178505
-0.9983694671785035
-0.998369467178504
-0.9985870496576843
0.0
0.6393748091244739
0.0
