-1.0
-0.8
-0.6001565873394782
-0.4007826915014421
-0.20219050676499845
-0.0035983220285548123
0.19499386270788882
0.39358604744433245
0.5910855508606933
0.7871831137390888
0.9815716721230263
1.177669235001422
1.3751687384177826
1.5737609231542262
1.7731348189922622
1.972978231652784
2.172978231652784
2.3729782316527843
2.5729782316527845
2.7729782316527847
2.9728216443133064
3.1721955401513426
3.370787724887786
3.568909699153338
3.7664941884576533
3.9634741008193033
4.158929895196682
4.352555512561517
4.544047759711031
4.733106784030103
4.91943654302251
5.102745267875989
5.284548999189759
5.4647860035119304
5.643395079389952
5.81830387638909
5.989238509477611
6.155931316661313
6.318121278108327
6.475554424873122
6.325726069507233
6.1812556729757375
6.042369457628898
5.909284901696228
5.7822103987431195
5.661344931352902
5.546877759545309
5.438988124419249
5.337844967483941
5.243565349041527
5.148259440822105
5.046072243751421
4.937163770042655
4.821704556577254
4.699875397865765
4.571867062946523
4.43787999666549
4.298124005804998
4.1528179305528985
4.002189301826529
3.846473984988103
3.6859158105094205
3.520766192164209
3.351283733345997
3.1777338221279274
3.000388215698645
2.819524614824938
2.6354262290074995
2.448381333010703
2.25868281546082
2.066627720219512
1.8725167812507477
1.6766539517094952
1.4793459279895602
1.28112927139901
1.4796068198783612
1.6788992381932912
1.8786944596481785
1.9999999999999991
