2.0
2.0
1.9803788663968722
1.9672021890590268
1.947581055455899
1.9344043781180535
1.9147832445149258
1.9016065671770803
1.8819854335739525
1.868808756236107
1.8491876226329793
1.8360109452951339
1.816389811692006
1.8032131343541606
1.7835920007510329
1.7704153234131874
1.7507941898100596
1.7806174302576443
1.6773670969709515
1.526320226264207
1.3289540572772975
1.0871988321155575
0.8034189180724645
0.48038968410585947
0.12682330616161575
-0.20340815538471246
-0.4949693527112269
-0.7450088158712294
-0.9510811576827918
-1.1111709896274513
-1.2237126323598486
-1.2904956249628243
-1.2519447544673417
-1.2499999999999976
