1.9977291548189253
-0.0026191572829807885
2.220446049250313e-16
4.440892098500626e-16
-1.9951099975359452
-1.9967389343570097
1.3322676295501878e-15
0.0
-1.3322676295501878e-15
4.440892098500626e-16
-0.0011016643122299108
0.0008929151514132094
0.00020874916081603523
1.9984014443252818e-15
-8.881784197001252e-16
-1.5543122344752192e-15
3.552713678800501e-15
1.1102230246251565e-15
-3.774758283725532e-15
-0.00026429982192177626
1.9970032341789312
1.3618755354542043
-1.3618755354542043
0.0
