0.0
-0.03957370045131725
-0.0791474009026345
-0.11872110135395175
-0.0791474009026345
-0.03957370045131725
0.0
0.03957370045131725
0.0791474009026345
0.11872110135395175
0.13714854235533158
0.1555759833567114
0.17400342435809124
0.2135771248094085
0.25315082526072574
0.292724525712043
0.33229822616336024
0.3718719266146775
0.41144562706599475
0.451019327517312
0.49059302796862925
0.5301667284199465
0.5697404288712642
0.6093141293225814
0.6488878297738987
0.688461530225216
0.7280352306765332
0.7676089311278504
0.8071826315791677
0.846756332030485
0.8863300324818022
0.9259037329331194
0.9654774333844367
1.0042889390701522
0.9647152386188349
0.9251415381675177
0.8855678377162004
0.8459941372648832
0.8064204368135659
0.7668467363622486
0.7272730359109314
0.6876993354596141
0.6481256350082969
0.6085519345569796
0.5689782341056624
0.5294045336543451
0.4898308332030279
0.45025713275171064
0.4106834323003934
0.37110973184907614
0.3315360313977589
0.29196233094644164
0.2523886304951244
0.21281493004380714
0.1732412295924899
0.13366752914117264
0.12315961925815788
0.08358591880684063
0.04401221835552338
0.00443851790420613
0.0
