0.0
0.3998434126605223
0.39984341266052226
0.3998434126605218
0.39984341266052187
0.3998434126605223
0.39984341266052237
0.3998434126605223
0.39984341266052226
0.3998434126605218
0.39996604390270485
0.39996604390270496
0.3999660439027046
0.39984341266052215
0.3998434126605218
0.0
-0.39989560299053295
-0.39989560299053295
-0.3998956029905333
-0.399895602990533
-0.3998956029905334
-0.39989560299053384
-0.39989560299053295
-0.399895602990533
-0.39989560299053256
-0.3998956029905325
-0.39989560299053256
-0.3998956029905335
-0.3998956029905336
-0.3998956029905324
-0.3998956029905324
-0.399895602990533
-0.39989563175048665
-0.399898561084154
-0.3998956029905326
-0.39989560299053356
-0.3998956029905334
-0.39989560299053223
-0.3998956029905334
-0.3998956029905335
-0.39989560299053273
-0.399895602990533
-0.39989560299053295
-0.39989560299053184
-0.3998956029905329
-0.39989560299053384
-0.3998956029905337
-0.39989560299053195
-0.3998956029905316
-0.39989560299053395
-0.3998956029905334
-0.399895602990532
-0.39989560299053184
-0.3998956029905337
-0.39989560299053417
-0.39992232830842306
0.0
0.3998956029905328
0.39989560299053367
0.22237938247021505
0.0
