5.0
5.2
5.399843412660522
5.599217308498559
5.797809493235002
5.997183389073038
6.197026801733561
6.397026801733561
6.596870214394083
6.796244110232119
6.994836294968563
7.192958269234115
7.39054275853843
7.58752267090008
7.782978465277459
7.976604082642295
7.786303610814903
7.598584719987909
7.413741354178158
7.2320629546943715
7.05383400690871
6.879333594788689
6.7088349638870275
6.5426050934737
6.380904278480205
6.2239857219106565
6.072095138357932
5.925470369245737
5.784341010399038
5.648928052526077
5.519443535174896
5.396090214706252
5.279061246802822
5.168539264527996
5.057890896748536
4.940738357979696
4.817265094265062
4.687664449103257
4.552139360696481
4.410902044174998
4.2641736592951
4.112183964130928
3.955170955302422
3.793380495302741
3.6270659275087285
3.456487679477256
3.2819128551486454
3.1036148165957114
2.921872755973369
2.7369712583390537
2.5491998560285696
2.3588525752850966
2.1662274758513185
1.971626184245606
1.7753534214530733
1.5777165257711
1.379140689905447
1.5780600674776704
1.7776401495644292
1.9775684190250509
2.0
