3.0
3.0
2.9920873255977267
2.9762743670395087
2.9525858854164446
2.9367729268582266
2.9288602524559533
2.9288602524559533
2.9367729268582266
2.9525858854164446
2.9762743670395087
3.0036181654793737
3.034607995849237
3.069233335212147
3.1116247546777402
3.1617158746501084
3.1002300190770526
3.03126337467585
2.9549239344800955
2.871331236388165
2.7806161759819976
2.6829208015611896
2.5783980917133404
2.4672117157689515
2.3495357775159746
2.225554542575328
2.0954621498642565
1.9594623075993702
1.8177679743153652
1.6706010253989236
1.518191905659945
1.36077926848415
1.1986096021320949
1.0319372374622144
0.8653487663094359
0.7032683459209941
0.5459497737149905
0.39363939065814746
0.2465756955270435
0.10498897144922115
-0.03089907469103048
-0.16087565941759108
-0.2847372558544943
-0.40228991242324375
-0.5133495565464314
-0.617742282882094
-0.7153046256374496
-0.805883814535648
-0.8893380140346712
-0.9655365454238409
-1.0343600914501336
-1.0957008831538944
-1.1494628686213741
-1.1955618633898832
-1.233925682269987
-1.2644942523783773
-1.2882807982190285
-1.267644392534962
-1.2548940651853662
-1.2500497815686136
-1.2499999999999987
