0.7996868253210428
1.6653345369377348e-15
-0.7996868253210445
-0.7997912059810648
-2.220446049250313e-15
-1.2212453270876722e-15
3.774758283725532e-15
-1.3322676295501878e-15
-2.1094237467877974e-15
3.219646771412954e-15
-1.1102230246251565e-16
-1.5543122344752192e-15
8.881784197001252e-16
4.440892098500626e-16
-2.220446049250313e-15
-8.881784197001252e-16
3.552713678800501e-15
-2.220446049250313e-16
-6.661338147750939e-16
-2.220446049250313e-16
-4.440892098500626e-16
-2.4158847377386827e-05
-6.013425959616736e-05
8.429310697355419e-05
-3.3306690738754696e-16
1.1102230246251565e-16
2.220446049250313e-16
3.3306690738754696e-16
-1.1102230246251565e-15
-9.992007221626409e-16
2.1094237467877974e-15
3.3306690738754696e-16
4.440892098500626e-16
1.1102230246251565e-16
9.992007221626409e-16
-8.881784197001252e-16
-3.885780586188048e-15
2.7755575615628914e-15
-4.440892098500626e-16
-1.6653345369377348e-15
6.661338147750939e-15
-1.9984014443252818e-15
-3.30056834123571e-05
0.7998242116644757
0.7997912059810667
-0.36341209261616697
-0.4363791133648997
0.0
