0.0
0.03957370045131725
0.0791474009026345
0.11872110135395175
0.158294801805269
0.19786850225658625
0.2374422027079035
0.27701590315922076
0.316589603610538
0.35616330406185526
0.3957370045131725
0.43531070496448976
0.474884405415807
0.5144581058671243
0.5540318063184415
0.5936055067697588
0.633179207221076
0.6727529076723933
0.7123266081237105
0.7519003085750278
0.791474009026345
0.8310477094776623
0.8706214099289795
0.892563177996494
0.8529894775451767
0.8134157770938595
0.7738420766425422
0.7342683761912245
0.6946946757399073
0.65512097528859
0.6155472748372728
0.5759735743859555
0.5363998739346383
0.49682617348332103
0.4572524730320038
0.41767877258068653
0.3781050721293693
0.33853137167805203
0.2989576712267348
0.2593839707754175
0.21981027032410028
0.18023656987278303
0.14066286942146577
0.10108916897014852
0.08275687751761884
0.04318317706630159
0.0036094766149843416
0.0
