0.0
0.3998434126605214
0.39984341266052226
0.0
-0.3998956029905324
-0.3998956029905335
-0.3998956029905341
-0.39989560299053223
-0.3998956029905329
-0.39989560299053395
-0.39989560299053234
-0.3998956029905324
-0.39989560299053317
-0.39989560299053273
-0.3998956029905325
-0.3998956029905336
-0.39989560299053406
-0.3998956029905323
-0.3998956029905324
-0.39989560299053273
-0.39989560299053284
-0.39989560299053306
-0.39990768241422175
-0.39993774954401984
-0.39989560299053306
-0.3998956029905332
-0.39989560299053317
-0.39989560299053306
-0.3998956029905329
-0.39989560299053345
-0.39989560299053395
-0.3998956029905329
-0.39989560299053273
-0.3998956029905325
-0.39989560299053245
-0.39989560299053195
-0.3998956029905324
-0.39989560299053434
-0.39989560299053295
-0.39989560299053317
-0.399895602990534
-0.3998956029905307
-0.3998956029905317
-0.39991210583223785
0.0
0.39989560299053334
0.21818955668244985
0.0
