8.0
8.2
8.399843412660521
8.599217308498558
8.401145614107676
8.204321393453476
8.009052848346526
7.815645744606449
7.624402933271354
7.4356238763714515
7.2496041780094345
7.066635121481874
6.887003213166453
6.710989733889258
6.538870298474612
6.370914424167156
6.2073851086019625
6.048538417983545
5.894623086118592
5.745880124930319
5.6025424470643115
5.46483450117681
5.332971920476529
5.206853165700877
5.078321145784059
4.943828125509313
4.803584703918871
4.657810484455394
4.506733731090784
4.350591010893708
4.189626823595507
4.0240932187345875
3.854249400978743
3.6803613242434636
3.5027012752417814
3.3215474471177417
3.137183503831169
2.9498981359758094
2.7599846087264215
2.567740302622636
2.3734662479086754
2.177466653158116
1.9800484289217666
1.7815207071445984
1.5822354439010784
1.7818260279478135
1.98175824481282
2.0000000000000027
