2.5
2.5
2.5079126744022733
2.5237256329604913
2.4961143328389097
2.4606882664873484
2.4175029066405886
2.3666258761046586
2.30813684186808
2.24212739035345
2.1687008840047
2.0879722994345937
2.0000680473859065
1.905125774788211
1.803294149220207
1.6947326261151199
1.5796111990736754
1.4581101336756486
1.3304196852067836
1.1967398007431045
1.057279806059112
0.9122580778501164
0.7619017017819874
0.6066898544727664
0.45347660481927976
0.30546847156081514
0.16289721669545232
0.02598608875804631
-0.10505052675871562
-0.23000744310485555
-0.3486889935695707
-0.46090933787053867
-0.5664927531562647
-0.6652739091658213
-0.7570981271151096
-0.8418216219042449
-0.9193117272668245
-0.9894471035085015
-1.0521179275095869
-1.107226064694148
-1.1546852226963313
-1.1944210864832834
-1.2263714347230796
-1.2504862372154588
-1.2672963176691199
-1.2547114548108373
-1.2500329216301238
-1.2499999999999987
