0.7996868253210437
-1.1102230246251565e-16
0.0
0.0003131746789560852
8.881784197001252e-16
0.0
-0.00031317467895686235
8.881784197001252e-16
1.1102230246251565e-16
-1.1102230246251565e-16
-1.1102230246251565e-16
-8.881784197001252e-16
0.0002452624843660711
2.220446049250313e-16
-6.661338147750939e-16
-0.0002452624843649609
-6.661338147750939e-16
3.3306690738754696e-16
1.1102230246251565e-15
-7.771561172376096e-16
-1.2212453270876722e-15
0.0002452624843664042
8.881784197001252e-16
-0.7999320878054104
-0.7997912059810659
0.0
-2.220446049250313e-16
0.0
-5.551115123125783e-16
5.551115123125783e-16
8.881784197001252e-16
-1.1102230246251565e-15
-6.661338147750939e-16
1.3322676295501878e-15
5.551115123125783e-16
-1.6653345369377348e-15
-6.661338147750939e-16
2.220446049250313e-15
1.4432899320127035e-15
-1.3322676295501878e-15
-3.111334223959705e-05
2.927807033248353e-05
1.835271906891478e-06
-1.5543122344752192e-15
0.0
-6.661338147750939e-16
-1.1102230246251565e-16
1.6653345369377348e-15
1.2212453270876722e-15
4.440892098500626e-16
-8.881784197001252e-16
-1.5543122344752192e-15
-1.1102230246251565e-16
7.771561172376096e-16
1.1102230246251565e-15
2.220446049250313e-16
-1.2212453270876722e-15
1.2212453270876722e-15
-2.220446049250313e-16
-1.3322676295501878e-15
-4.440892098500626e-16
-6.661338147750939e-16
4.884981308350689e-15
-9.992007221626409e-16
-5.218048215738236e-15
-1.729877582123951e-05
0.79980850475689
0.7997912059810671
3.3306690738754696e-16
-0.29059552657953525
-0.5091956794015322
0.0
