0.0
-0.03957370045131725
-0.0791474009026345
-0.11872110135395175
-0.11872110135395175
-0.11872110135395175
-0.11872110135395175
-0.0791474009026345
-0.03957370045131725
0.0
0.03957370045131725
0.0791474009026345
0.11872110135395175
0.13714854235533158
0.1555759833567114
0.17400342435809124
0.2135771248094085
0.25315082526072574
0.292724525712043
0.33229822616336024
0.3718719266146775
0.41144562706599475
0.4298730680673746
0.4483005090687544
0.46672795007013423
0.5063016505214515
0.5458753509727687
0.585449051424086
0.6250227518754032
0.6645964523267205
0.7041701527780377
0.743743853229355
0.7833175536806722
0.8228912541319895
0.8624649545833067
0.902038655034624
0.9416123554859412
0.9811860559372585
1.0207597563885757
1.060333456839893
1.0999071572912102
1.1394808577425275
1.10431623226705
1.0647425318157326
1.0251688313644154
0.9855951309130981
0.9460214304617809
0.9064477300104636
0.8668740295591455
0.8273003291078287
0.7877266286565114
0.7481529282051942
0.7085792277538769
0.6690055273025597
0.6294318268512424
0.5898581263999252
0.5502844259486079
0.5107107254972907
0.47113702504597343
0.4315633245946562
0.39198962414333893
0.3524159236920217
0.31284222324070443
0.2732685227893872
0.23369482233806993
0.19412112188675268
0.15454742143543543
0.12953483331457338
0.08996113286325613
0.05038743241193888
0.010813731960621631
0.0
