0.0
0.999614862785454
0.9999584242587104
0.9999584242587103
0.9999584242587104
0.9999584242587103
0.9999584242587104
0.9975549987679727
0.9975549987679728
0.9975549987679729
0.0
-0.9983694671785046
-0.9983694671785032
-0.9983694671785042
-0.9983694671785049
-0.9983694671785044
-0.9983694671785046
-0.9988802446392142
-0.998453810103413
-0.9983694671785046
-0.9983694671785042
-0.9983694671785044
-0.998369467178505
-0.9983694671785043
-0.9983694671785037
-0.9983694671785021
-0.9984011048724368
0.0
0.5918425860493922
0.0
