3.0
3.2
3.399843412660522
3.599217308498558
3.7978094932350017
3.9964016779714453
4.194993862707889
4.393586047444333
4.592959943282369
4.792803355942891
4.9928033559428915
5.192646768603414
5.39202066444145
5.5906128491778935
5.788734823443446
5.986319312747761
6.183299225109411
6.37875501948679
6.5723806368516255
6.763872884001139
6.9529319083202115
7.139261667312618
7.322570392166096
7.504374123479867
7.684611127802038
7.507829119563516
7.334884833580443
7.166049078709019
7.001586230365886
6.841753816549694
6.686802114584862
6.536973759218973
6.392503362687477
6.253617147340638
6.120532591407968
5.99345808845486
5.8725926210646415
5.758125449257048
5.650235814130989
5.549092657195681
5.454854355829633
5.367668475281723
5.281254657467953
5.187794992439059
5.087413491374363
4.980267338995711
4.866524312612466
4.746362519403482
4.619970117523817
4.487545021472876
4.349294592185365
4.205435312330325
4.05619244732667
3.9017996926060734
3.7424988076754975
3.5785392375524214
3.4101777221655203
3.2376778943324442
3.0613098669441996
2.8813498100025665
2.6980795181728308
2.511785969529024
2.3227608761825858
2.1313002274981345
1.9377038266115942
1.7422748209764354
1.5453192276731516
1.347178122952542
1.5459618975506828
1.7454566383336658
1.9453499617945011
2.0
