3.5
3.5
3.4920873255977267
3.4762743670395087
3.4525858854164446
3.4288974037933806
3.4052089221703166
3.3815204405472525
3.3657074819890345
3.357794807586761
3.357794807586761
3.3657074819890345
3.3815204405472525
3.4052089221703166
3.4325527206101816
3.463542550980045
3.498167890342955
3.540559309808548
3.5906504297809163
3.6483628139079802
3.7136060919028857
3.786278101052432
3.866265046190947
3.9496161306493414
4.03630305165228
3.9427995673512455
3.842375198002547
3.735187195454336
3.621403402548042
3.5012019902977345
3.3747711788968715
3.242308942989306
3.10402270166606
2.960128993673284
2.8108531383400024
2.656428882756564
2.497098035756296
2.3331100892734833
2.1647218276705895
1.9921969256464522
1.8158055353550875
1.6358238633816216
1.4554697521789262
1.278664574013903
1.1056954026067496
0.9368330857810898
0.7723420405462225
0.6124798390535604
0.4574968052712527
0.3076356230085411
0.16313095590364224
0.024209079970196612
-0.10891247072231813
-0.2360252446794009
-0.3569301993901748
-0.47143801300276067
-0.5793693807783287
-0.6805552958596168
-0.7748373139142721
-0.8620678012386156
-0.9421101659333351
-1.0148390717890958
-1.080140634547191
-1.137912600227855
-1.188064505247067
-1.2305178180710614
-1.2652060621867642
-1.2923408070739013
-1.2704366757331131
-1.256414250364828
-1.2502954883118562
-1.25
