0.7996868253210446
-1.1102230246251565e-16
-8.881784197001252e-16
1.1102230246251565e-16
7.771561172376096e-16
2.220446049250313e-16
-1.1102230246251565e-16
-1.1102230246251565e-16
-0.7996868253210445
-0.7997912059810666
1.1102230246251565e-15
-8.881784197001252e-16
2.220446049250313e-16
1.5543122344752192e-15
-1.7763568394002505e-15
1.1102230246251565e-16
-4.440892098500626e-16
5.551115123125783e-16
8.881784197001252e-16
-1.5543122344752192e-15
-4.440892098500626e-16
8.881784197001252e-16
1.7763568394002505e-15
-2.220446049250313e-16
-6.661338147750939e-16
-2.220446049250313e-16
-2.305908897382025e-06
2.297325635725045e-06
8.583262212091824e-09
-1.6653345369377348e-15
-1.5543122344752192e-15
3.774758283725532e-15
-6.661338147750939e-16
-2.220446049250313e-15
1.9984014443252818e-15
0.0
-4.440892098500626e-16
6.661338147750939e-16
-1.4432899320127035e-15
-1.1102230246251565e-16
3.9968028886505635e-15
-1.4432899320127035e-15
-4.773959005888173e-15
3.3306690738754696e-16
-9.271637079433237e-05
0.799883922351863
0.7997912059810659
-1.1102230246251565e-15
-0.2546005876164297
-0.5451906183646351
0.0
