0.0
-0.03957370045131725
-0.0791474009026345
-0.11872110135395175
-0.0791474009026345
-0.03957370045131725
0.0
0.03957370045131725
0.0791474009026345
0.11872110135395175
0.158294801805269
0.19786850225658625
0.2374422027079035
0.27701590315922076
0.316589603610538
0.35616330406185526
0.3957370045131725
0.43531070496448976
0.474884405415807
0.5144581058671243
0.5540318063184415
0.5936055067697588
0.633179207221076
0.6727529076723933
0.7123266081237105
0.7519003085750278
0.791474009026345
0.8310477094776623
0.7917675639050117
0.7521938634536944
0.7126201630023772
0.6730464625510595
0.6334727620997422
0.593899061648425
0.5543253611971077
0.5147516607457905
0.47517796029447323
0.435604259843156
0.39603055939183873
0.3564568589405215
0.31688315848920423
0.277309458037887
0.23773575758656973
0.19816205713525248
0.15858835668393523
0.11901465623261798
0.13309624997940084
0.09352254952808314
0.05394884907676589
0.014375148625448642
0.0
