0.0
0.3998434126605223
0.39984341266052226
0.3998434126605218
0.39984341266052187
0.39984341266052226
0.39984341266052237
0.3998434126605223
0.39984341266052226
0.0
-0.3998956029905333
-0.39989560299053273
-0.39989560299053317
-0.39989560299053306
-0.3998956029905323
-0.39989560299053317
-0.3998956029905331
-0.39989560299053334
-0.39989560299053306
-0.3998956029905326
-0.3998956029905334
-0.3998956029905336
-0.39989560299053317
-0.3998956029905323
-0.3998956029905324
-0.39989560299053273
-0.39989560299053284
-0.39989675594498153
-0.39989560728216367
-0.39989560299053256
-0.3998956029905334
-0.39989560299053417
-0.3998956029905323
-0.3998956029905326
-0.3998956029905337
-0.39989560299053273
-0.39989560299053273
-0.39989560299053295
-0.3998956029905326
-0.39989560299053334
-0.3998956029905334
-0.3998956029905314
-0.3998956029905321
-0.3998956029905345
-0.39989560299053434
-0.3999419611759315
0.0
0.39989560299053295
0.3998956029905324
0.27259530918231756
0.0
