6.0
6.2
6.399843412660522
6.599217308498559
6.797809493235002
6.997183389073038
7.197026801733561
7.397026801733561
7.596870214394083
7.796244110232119
7.598172415841238
7.401348195187037
7.206079650080088
7.012672546340011
6.821429735004916
6.632650678105014
6.446630979742997
6.263661923215436
6.084030014900015
5.90801653562282
5.735897100208174
5.567941225900716
5.404411910335524
5.245565219717107
5.091649887852154
4.9429069266638805
4.799569248797873
4.6618613029103715
4.524195854359
4.380899121830247
4.232195409432597
4.078317568352997
3.9195065518088423
3.756011037745739
3.58808703943932
3.415997504610883
3.2400119036845343
3.0604058078306293
2.8774604574562064
2.6914623218181166
2.502702650448433
2.311477017094563
2.118084856888176
1.922828997467696
1.7260151847885652
1.5279516043637855
1.3293341875620408
1.5280386919322826
1.7274822279581938
1.9273524923129504
2.0000000000000018
