2.0
2.0
1.992087325597727
1.9762743670395089
1.9525858854164448
1.9367729268582268
1.9288602524559537
1.9288602524559537
1.9367729268582268
1.9525858854164448
1.9249745852948634
1.889548518943302
1.846363159096542
1.7954861285606123
1.7369970943240334
1.6709876428094033
1.5975611364606535
1.516832551890547
1.4289282998418598
1.3339860272441646
1.2321544016761605
1.1235928785710732
1.008471451529629
0.8869703861316021
0.759279937662737
0.625600053199058
0.4861400585150655
0.34111833030606986
0.19605625689030082
0.056554190741223254
-0.07716935218385657
-0.20490497774681526
-0.32645266813001883
-0.44162209503889893
-0.550232917731966
-0.6521150654115806
-0.7471090035332872
-0.8350659836167156
-0.9158482761668678
-0.9893293863410706
-1.0553942520238835
-1.113939423999802
-1.1648732279416378
-1.2081159079609034
-1.2435997514954364
-1.271269195338702
-1.2946975551214381
-1.272085612342116
-1.2573527935093296
-1.2505221683521193
-1.2500000000000007
