0.7996868253210428
1.6653345369377348e-15
8.881784197001252e-16
1.4432899320127035e-15
-1.1102230246251565e-16
-4.440892098500626e-16
-4.440892098500626e-16
-5.551115123125783e-16
-1.9984014443252818e-15
-2.220446049250313e-16
6.661338147750939e-16
-5.551115123125783e-16
0.00024526248436673725
0.0
-1.2212453270876722e-15
-6.661338147750939e-16
-2.220446049250313e-16
5.551115123125783e-16
1.1102230246251565e-15
-6.661338147750939e-16
5.551115123125783e-16
1.1102230246251565e-15
-6.661338147750939e-16
-6.661338147750939e-16
-0.0002452624843649609
8.881784197001252e-16
1.1102230246251565e-16
-1.2212453270876722e-15
-7.771561172376096e-16
7.771561172376096e-16
0.0
-6.661338147750939e-16
-2.220446049250313e-16
0.0
3.3306690738754696e-16
4.440892098500626e-16
1.1102230246251565e-16
1.1102230246251565e-16
-1.1102230246251565e-16
-5.551115123125783e-16
-1.1102230246251565e-16
-1.1102230246251565e-16
0.00024526248436573805
2.220446049250313e-16
0.0
6.791219459090225e-05
1.1102230246251565e-16
0.0
-0.0003131746789565293
-1.1102230246251565e-16
1.1102230246251565e-16
0.00031317467895641826
0.0
0.0
0.0
-1.1102230246251565e-16
-2.220446049250313e-16
0.0
0.0
0.0
-6.79121945901251e-05
3.3306690738754696e-16
-2.220446049250313e-16
-0.00024526248436573805
1.1102230246251565e-16
-1.1102230246251565e-16
0.0
-6.661338147750939e-16
-2.220446049250313e-16
0.0002452624843664042
6.661338147750939e-16
2.220446049250313e-16
6.791219459079123e-05
0.0
0.0
0.0
0.0
0.0
-6.791219459167941e-05
-1.1102230246251565e-16
8.881784197001252e-16
-0.0002452624843665152
-6.661338147750939e-16
-0.7996868253210431
-0.799791205981066
-1.1102230246251565e-16
6.661338147750939e-16
-2.220446049250313e-16
-1.3322676295501878e-15
3.3306690738754696e-16
3.3306690738754696e-16
4.440892098500626e-16
5.551115123125783e-16
-5.551115123125783e-16
-3.3306690738754696e-16
-4.566432639852014e-05
-4.712448288513027e-05
9.278880928464961e-05
-2.220446049250313e-16
-1.3322676295501878e-15
2.220446049250313e-16
7.771561172376096e-16
9.992007221626409e-16
-6.661338147750939e-16
-1.2212453270876722e-15
3.3306690738754696e-16
-2.220446049250313e-16
6.661338147750939e-16
3.552713678800501e-15
-4.218847493575595e-15
-7.344726629110454e-07
0.7997919404537295
0.7997912059810635
-0.0008611187993911029
-0.7989300871816724
0.0
