0.21972448618848195
0.07324149539616016
-0.07324149539616016
0.07324149539616016
-0.07324149539616016
-0.5126904677731248
-0.5126904677731248
0.07324149539616016
-0.07324149539616016
0.07324149539616016
-0.07324149539616016
0.07324149539616016
-0.07324149539616016
0.07324149539616016
-0.07324149539616016
0.07324149539616016
-0.07324149539616016
0.07324149539616016
-0.07324149539616016
0.07324149539616016
-0.07324149539616016
0.07324149539616016
-0.07324149539616016
0.07324149539616016
-0.07324149539616016
0.5126904677731248
0.5126904677731248
0.21972448618848195
0.07324149539616016
-0.07324149539616016
0.07324149539616016
-0.07324149539616016
0.36620747698080364
0.5126904677731248
-0.5126904677731248
-0.5126904677731248
-0.5126904677731248
-0.5126904677731248
-0.5126904677731248
-0.10651602162638121
0.5126904677731248
0.5126904677731267
0.5126904677731248
0.5126904677731248
0.5126904677731248
0.3020706143153712
0.5126904677731248
-0.17695043446475392
0.0
