0.0
-0.03925234608338046
-0.026356406027150836
-0.03925234608338046
-0.026356406027150836
-0.03925234608338046
-0.1381865972116736
-0.23712084833996672
-0.2242249082837371
-0.23712084833996672
-0.2242249082837371
-0.23712084833996672
-0.2242249082837371
-0.23712084833996672
-0.2242249082837371
-0.23712084833996672
-0.2242249082837371
-0.23712084833996672
-0.2242249082837371
-0.23712084833996672
-0.2242249082837371
-0.23712084833996672
-0.2242249082837371
-0.23712084833996672
-0.2242249082837371
-0.23712084833996672
-0.1381865972116736
-0.03925234608338046
0.0
0.012895940056229627
0.0
0.012895940056229627
0.0
0.06740482413316684
0.16633907526145997
0.2652733263897531
0.3642075775180462
0.46314182864633935
0.5620760797746325
0.6610103309029256
0.6798026343760935
0.5808683832478003
0.48193413211950675
0.3829998809912136
0.2840656298629205
0.18513137873462737
0.13036365233715053
0.0314294012088574
0.0
