0.0
0.9996148627854549
0.9999584242587104
0.9999584242587103
0.9999584242587113
0.9999584242587103
0.9975549987679725
0.9975549987679727
0.9999584242587101
0.9999584242587101
0.9999584242587101
0.9999584242587101
0.9999584242587101
0.9999584242587101
0.9999584242587101
0.9999584242587101
0.9999584242587098
0.9999584242587098
0.99995842425871
0.99995842425871
0.9999584242587101
0.99995842425871
0.9999584242587098
0.99995842425871
0.9999584242587102
0.9999584242587102
0.9975549987679727
0.9975549987679727
0.999614862785454
0.9999584242587103
0.9999584242587103
0.9999584242587103
0.9999584242587103
0.9988645774094627
0.0
-0.998369467178504
-0.9983694671785044
-0.9983694671785047
-0.998369467178505
-0.9988467970658159
-0.9990707617481334
-0.9983694671785048
-0.9983694671785043
-0.9983694671785046
-0.9983694671785044
-0.9985586815100963
0.0
0.6579984242015576
0.0
