-10.0
-9.5
-9.000385137214545
-8.500558792196264
-8.00094392941081
-7.501117584392527
-7.001502721607073
-6.506269013697198
-6.020259848766826
-5.532776477700511
-5.04676731277014
-4.559283941703825
-4.073274776773453
-3.5857914057071385
-3.099782240776767
-2.612298869710452
-2.1262897047800804
-1.638806333713766
-1.1527971687833942
-0.6653137977170798
-0.17930463278670805
0.30817873827960646
0.7941879032099781
1.2816712742762926
1.7676804392066643
2.255163810272979
2.7411729752033507
3.236406683113226
3.73602154589868
4.23602154589868
4.73597997015739
5.23597997015739
5.735938394416101
6.235938394416101
6.734802971825563
6.2466000958762455
5.771355591922982
5.313717353556493
4.878161085003294
4.4689465287163035
4.0847264519247135
3.6809762617064705
3.2501031154680295
2.7963209547029924
2.3240677711799282
1.83796220336101
1.343024703994323
1.8411863093876937
1.9999999999999991
