3.5
3.5
3.4803788663968724
3.467202189059027
3.4475810554558994
3.434404378118054
3.4147832445149264
3.34590963164442
3.228457123779825
3.117281753603595
2.999829245739
2.8886538755627695
2.7712013676981746
2.6600259975219442
2.5425734896573493
2.431398119481119
2.313945611616524
2.2027702414402937
2.0853177335756987
1.9741423633994681
1.8566898555348732
1.7455144853586426
1.6280619774940477
1.516886607317817
1.3994340994532222
1.2882587292769916
1.1708062214123967
1.1019326085418901
1.0823114749387623
1.0823114749387623
1.088759266246464
1.088759266246464
1.0952070575541657
1.0952070575541657
1.1288839547698821
1.0218601160317575
0.8671383929103883
0.6662319646203867
0.4211056970205178
0.13415692621591713
-0.18570729984428302
-0.48029503557366104
-0.7335626450187227
-0.943033169710964
-1.1066579868866009
-1.222836845027295
-1.292883599511346
-1.2524959150601578
-1.2499999999999998
