0.7999320878054091
-1.1102230246251565e-16
-0.799932087805409
-0.7997912059810655
-1.6653345369377348e-15
-1.2212453270876722e-15
2.4424906541753444e-15
1.1102230246251565e-16
-6.661338147750939e-16
2.6645352591003757e-15
-1.6653345369377348e-15
-1.1102230246251565e-15
5.551115123125783e-16
-3.3306690738754696e-16
3.3306690738754696e-16
-8.881784197001252e-16
1.3322676295501878e-15
4.440892098500626e-16
-1.2212453270876722e-15
-1.1102230246251565e-16
-5.551115123125783e-16
1.9984014443252818e-15
1.3322676295501878e-15
-2.55351295663786e-15
-1.5543122344752192e-15
1.4432899320127035e-15
-9.242953700128176e-05
5.1019158025633615e-05
4.1410378976203255e-05
-8.881784197001252e-16
1.887379141862766e-15
-1.4432899320127035e-15
-9.992007221626409e-16
6.661338147750939e-16
1.1102230246251565e-15
-1.5543122344752192e-15
6.661338147750939e-16
5.551115123125783e-16
1.1102230246251565e-16
0.0
0.0
-8.881784197001252e-16
1.1102230246251565e-15
1.9984014443252818e-15
-3.3306690738754696e-15
1.887379141862766e-15
-7.771561172376096e-16
-1.5543122344752192e-15
2.7755575615628914e-15
-4.440892098500626e-15
-8.309257635941147e-05
0.7998742985574283
0.7997912059810638
-0.16609222277477487
-0.6336989832062889
0.0
