0.0
0.01842744100137983
0.03685488200275966
0.05528232300413949
0.09485602345545674
0.134429723906774
0.17400342435809124
0.2135771248094085
0.25315082526072574
0.292724525712043
0.33229822616336024
0.3718719266146775
0.41144562706599475
0.451019327517312
0.49059302796862925
0.5301667284199469
0.5697404288712642
0.6093141293225814
0.6488878297738987
0.688461530225216
0.7280352306765332
0.7676089311278504
0.8071826315791677
0.846756332030485
0.8863300324818022
0.9259037329331194
0.9654774333844367
1.005051133835754
0.9899666632701436
0.9503929628188263
0.9108192623675091
0.8712455619161918
0.8316718614648746
0.7920981610135573
0.7525244605622401
0.7129507601109228
0.6733770596596056
0.6338033592082883
0.5942296587569711
0.5546559583056538
0.5150822578543366
0.47550855740301934
0.4359348569517021
0.39636115650038484
0.3567874560490676
0.31721375559775034
0.2776400551464331
0.23806635469511583
0.19849265424379858
0.15891895379248133
0.11934525334116408
0.07977155288984683
0.1022806264563374
0.06270692600502015
0.023133225553702896
0.0
