0.0
0.39996604390270457
0.3999660439027045
0.0
-0.39989560299053273
-0.39989560299053356
-0.39989560299053417
-0.39989560299053295
-0.3998956029905329
-0.3998956029905332
-0.3998956029905319
-0.39989560299053273
-0.3998956029905333
-0.399895602990533
-0.39989560299053317
-0.399895602990533
-0.39989560299053345
-0.3998956029905328
-0.39989560299053256
-0.39989560299053317
-0.3998956029905332
-0.3998956029905335
-0.3998956029905325
-0.39989560299053184
-0.3998956029905331
-0.3998956029905339
-0.39989560299053317
-0.3999418177590338
-0.399916308180021
-0.3998956029905329
-0.39989560299053334
-0.3998956029905324
-0.3998956029905331
-0.3998956029905336
-0.3998956029905333
-0.39989560299053273
-0.3998956029905335
-0.39989560299053317
-0.3998956029905329
-0.39989560299053284
-0.39989560299053284
-0.39989560299053284
-0.3998956029905333
-0.39989560299053273
-0.39989560299053173
-0.3998956029905334
-0.39989560299053245
-0.39989560299053284
-0.3998956029905336
-0.39989560299053223
-0.39989560299053445
-0.39993714927871415
0.0
0.3998956029905319
0.31684949160314446
0.0
