9.0
9.2
9.399966043902705
9.599830231043688
9.400406518162251
9.201732342882668
9.004118803810238
8.807875338728245
8.61330924005756
8.420725173675619
8.230424701848227
8.042705811021234
7.857862445211482
7.676184045727696
7.497955097942034
7.323454685822014
7.152956054920352
6.986726184507025
6.82502536951353
6.668106812943981
6.516216229391256
6.369591460279061
6.228462101432362
6.093049143559402
5.963564626208221
5.840211305739576
5.723182337836147
5.612660975045193
5.505609447531567
5.392586583614387
5.2731247791278895
5.147411096133414
5.015642386342522
4.87802498287214
4.734774377153019
4.586114881497444
4.432279277854542
4.2735084533032275
4.1100510228535345
3.942162940146982
3.7701070966655816
3.5941529100770575
3.41457590236089
3.2316572683757743
3.0456834355440803
2.856945615342763
2.665739347303064
2.4723640362330253
2.277122483387455
2.080320412319513
1.8822659901563217
1.683269345048263
1.4839886757657652
1.6832955332797201
1.8830983098921221
2.0
