3.5
3.5
3.503685279623255
3.511054587492631
3.496055829081987
3.4731789392091024
3.442459740187184
3.4039463343926895
3.3576990289430944
3.3037902412635822
3.2423043856905265
3.173337741289324
3.0969983010935698
3.0134056030016394
2.922690542595472
2.8249951681746643
2.7204724583268147
2.6092860823824253
2.4916101441294494
2.367628909188802
2.237536516477731
2.101536674212844
1.95984234092884
1.8126753920123981
1.6602662722734198
1.5028536350976243
1.3406839687455685
1.1740112103832345
1.0050804245700045
0.8400937213323285
0.6797077578501431
0.524173678236564
0.3737350291688384
0.2286273785250872
0.08907794651483592
-0.044694750119076865
-0.17248124027004197
-0.2940814264729199
-0.4093048982313352
-0.5179712301764079
-0.6199102645900334
-0.7149623778503376
-0.8029787303820468
-0.8838214997204252
-0.957364096323805
-1.0234913617967845
-1.082099749213687
-1.1330974852599471
-1.1764047139374956
-1.211953621609144
-1.2396885431861548
-1.2595660492927259
-1.2764120101548109
-1.2599330368497084
-1.2513522168857794
-1.2500000000000036
