0.7996868253210428
1.6653345369377348e-15
8.881784197001252e-16
1.4432899320127035e-15
-1.7763568394002505e-15
-2.220446049250313e-15
-4.440892098500626e-16
1.1102230246251565e-15
1.4432899320127035e-15
-2.220446049250313e-16
-9.992007221626409e-16
-5.551115123125783e-16
0.00024526248436673725
0.0
-1.2212453270876722e-15
-6.661338147750939e-16
-2.220446049250313e-16
5.551115123125783e-16
1.1102230246251565e-15
-6.661338147750939e-16
5.551115123125783e-16
1.1102230246251565e-15
-6.661338147750939e-16
-6.661338147750939e-16
-0.0002452624843649609
0.0
-7.771561172376096e-16
0.0003131746789565293
0.0
0.0
-0.0003131746789565293
-1.1102230246251565e-16
-1.1102230246251565e-16
0.00031317467895630724
0.0
0.0
0.0
0.0
0.0
-0.00031317467895630724
2.220446049250313e-16
2.220446049250313e-16
0.00031317467895630724
0.0
0.0
-6.791219459056919e-05
1.1102230246251565e-16
1.1102230246251565e-16
6.791219459056919e-05
0.0
-2.220446049250313e-16
-6.791219459079123e-05
-1.1102230246251565e-16
2.220446049250313e-16
-0.00024526248436573805
1.1102230246251565e-16
3.3306690738754696e-16
0.0
1.1102230246251565e-16
-2.220446049250313e-16
1.1102230246251565e-16
1.1102230246251565e-16
-1.1102230246251565e-16
0.0
-6.661338147750939e-16
6.661338147750939e-16
0.0003131746789570844
0.0
0.0
0.0
0.0
0.0
-0.00031317467895730644
-6.661338147750939e-16
3.3306690738754696e-16
0.0002452624843658491
-1.1102230246251565e-16
-0.7999320878054091
-0.7997912059810658
-2.220446049250313e-16
-1.2212453270876722e-15
1.5543122344752192e-15
-6.661338147750939e-16
-1.2212453270876722e-15
2.6645352591003757e-15
-2.220446049250313e-16
-1.9984014443252818e-15
1.4432899320127035e-15
1.3322676295501878e-15
-1.5910338953206704e-05
1.547190171335977e-05
4.38437238070577e-07
-1.2212453270876722e-15
1.7763568394002505e-15
5.551115123125783e-16
-2.220446049250313e-16
-1.1102230246251565e-15
-5.551115123125783e-16
5.551115123125783e-16
-7.771561172376096e-16
-3.3306690738754696e-16
8.881784197001252e-16
2.1094237467877974e-15
-2.55351295663786e-15
-3.7538792145075384e-05
0.7998287447732121
0.7997912059810667
-2.220446049250313e-15
-0.15202890551807025
-0.6477623004629942
0.0
