0.0
-0.03957370045131725
-0.0791474009026345
-0.11872110135395175
-0.158294801805269
-0.19786850225658625
-0.2374422027079035
-0.27701590315922076
-0.316589603610538
-0.35616330406185526
-0.3957370045131725
-0.43531070496448976
-0.474884405415807
-0.4564569644144272
-0.43802952341304735
-0.4196020824116675
-0.4011746414102877
-0.38274720040890786
-0.36431975940752803
-0.3458923184061482
-0.3274648774047684
-0.30903743640338854
-0.2906099954020087
-0.2721825544006289
-0.25375511339924905
-0.2141814129479318
-0.17460771249661455
-0.1350340120452973
-0.1350340120452973
-0.1350340120452973
-0.1350340120452973
-0.17460771249661455
-0.2141814129479318
-0.25375511339924905
-0.25375511339924905
-0.25375511339924905
-0.25375511339924905
-0.25375511339924905
-0.25375511339924905
-0.25375511339924905
-0.2141814129479318
-0.17460771249661455
-0.1350340120452973
-0.1350340120452973
-0.1350340120452973
-0.1350340120452973
-0.15346145304667713
-0.17188889404805696
-0.1903163350494368
-0.1903163350494368
-0.1903163350494368
-0.1903163350494368
-0.17188889404805696
-0.15346145304667713
-0.1350340120452973
-0.09546031159398005
-0.0558866111426628
-0.01631291069134555
-0.0558866111426628
-0.09546031159398005
-0.1350340120452973
-0.09546031159398005
-0.0558866111426628
-0.01631291069134555
0.0232607897599717
0.06283449021128895
0.1024081906626062
0.1024081906626062
0.1024081906626062
0.1024081906626062
0.1024081906626062
0.1024081906626062
0.1024081906626062
0.14198189111392345
0.1815555915652407
0.22112929201655795
0.23955673301793778
0.2579841740193176
0.27641161502069744
0.3159853154720147
0.35555901592333194
0.3951327163746492
0.43470641682596645
0.4742801172772837
0.513853817728601
0.5534275181799186
0.5930012186312359
0.6325749190825531
0.6721486195338704
0.7117223199851876
0.7512960204365049
0.7138451295973383
0.674271429146021
0.6346977286947038
0.5951240282433865
0.5555503277920693
0.515976627340752
0.47640292688943475
0.4368292264381175
0.39725552598680025
0.357681825535483
0.31810812508416575
0.2785344246328485
0.23896072418153125
0.199387023730214
0.15981332327889675
0.14324606589505073
0.10367236544373348
0.06409866499241623
0.02452496454109898
0.0
