0.0
0.3998434126605214
0.39984341266052226
0.3998434126605227
0.3998434126605234
0.39984341266052253
0.3998434126605214
0.3998434126605212
0.39984341266052176
0.3998434126605225
0.39984341266052237
0.39984341266052187
0.3998434126605216
0.39996604390270496
0.39996604390270496
0.39996604390270435
0.399966043902704
0.3999660439027039
0.3999660439027042
0.39996604390270474
0.3999660439027044
0.3999660439027047
0.39996604390270524
0.3999660439027049
0.39996604390270457
0.3998434126605221
0.3998434126605221
0.3998434126605217
0.39999999999999997
0.39999999999999997
0.39999999999999997
0.3998434126605217
0.39984341266052165
0.3998434126605216
0.39999999999999974
0.39999999999999974
0.39999999999999974
0.39999999999999974
0.39999999999999974
0.39999999999999974
0.3998434126605216
0.3998434126605217
0.3998434126605218
0.39999999999999997
0.39999999999999997
0.39999999999999997
0.3999660439027047
0.39996604390270474
0.3999660439027048
0.4000000000000001
0.4000000000000001
0.39999999999999997
0.39996604390270457
0.3999660439027045
0.3999660439027046
0.39984341266052176
0.3998434126605218
0.399843412660522
0.399843412660522
0.39984341266052204
0.3998434126605219
0.399843412660522
0.39984341266052204
0.399843412660522
0.399843412660522
0.39984341266052165
0.399843412660522
0.4000000000000005
0.4000000000000005
0.4000000000000005
0.4000000000000005
0.4000000000000005
0.4000000000000005
0.39984341266052187
0.39984341266052154
0.3998434126605217
0.3999660439027046
0.39996604390270457
0.0
-0.3998956029905329
-0.399895602990533
-0.3998956029905336
-0.39989560299053284
-0.39989560299053317
-0.3998956029905338
-0.39989560299053245
-0.39989560299053256
-0.39989560299053356
-0.39989560299053284
-0.3998956029905322
-0.3999035581600088
-0.3998958222091521
-0.39989560299053306
-0.39989560299053367
-0.3998956029905328
-0.3998956029905325
-0.3998956029905326
-0.39989560299053317
-0.39989560299053345
-0.39989560299053317
-0.39989560299053356
-0.3998956029905337
-0.3998956029905333
-0.39989560299053223
-0.3998956029905335
-0.39991437238660604
0.0
0.39989560299053334
0.39989560299053223
0.3238811502314971
0.0
