-9.0
-8.5
-8.000385137214545
-7.500558792196263
-7.004478098338631
-6.5169947272723165
-6.030985562341945
-5.54350219127563
-5.057493026345258
-4.570009655278944
-4.084000490348572
-3.5965171192822574
-3.1105079543518857
-2.623024583285571
-2.1370154183551993
-1.6495320472888848
-1.163522882358513
-0.6760395112921986
-0.19003034636182692
0.2974530247044876
0.7834621896348593
1.2709455607011737
1.7569547256315454
2.24443809669786
2.730447261628232
3.2256809695381072
3.725295832323561
4.225097704904683
4.725039515545498
5.225038122440489
5.724979933081304
6.224978539976296
6.723762229904006
6.235813354208765
5.760935409827751
5.303772705397261
4.868796294419573
4.46026024833766
4.074638789754288
3.667147029533818
3.2330639977902527
2.7766350287132537
2.302323999869725
1.8147696754592149
1.3192412656720425
1.8172055060756032
1.9999999999999991
