3.5
3.5
3.4803788663968724
3.467202189059027
3.4047206303258255
3.293545260149595
3.176092752285
3.06491738210877
2.947464874244175
2.8362895040679446
2.7188369962033496
2.6076616260271193
2.4902091181625243
2.379033747986294
2.261581240121699
2.1504058699454687
2.0329533620808737
1.9217779919046432
1.8043254840400482
1.6931501138638176
1.5756976059992227
1.4645222358229921
1.3470697279583972
1.2358943577821666
1.1184418499175717
1.0495682370470651
1.0299471034439374
1.0440214831604395
1.0516494562321987
1.0528297541046752
1.0604577271764344
1.0616380250489108
1.0964924460324594
0.9883164558535866
0.832473303665588
0.6304871362648737
0.3843333793640328
0.09641941791862796
-0.22177031649553292
-0.51116039147367
-0.758886190888556
-0.9625249552010922
-1.1200850962927493
-1.2300256752071759
-1.2960592271258684
-1.253306853826433
-1.2500000000000009
