0.7996868253210433
-1.1102230246251565e-16
0.0
5.551115123125783e-16
-1.1102230246251565e-16
-1.1102230246251565e-16
2.220446049250313e-16
-1.1102230246251565e-16
-1.1102230246251565e-16
2.220446049250313e-16
-1.1102230246251565e-16
0.0
-2.220446049250313e-16
1.1102230246251565e-16
1.1102230246251565e-16
3.3306690738754696e-16
-2.220446049250313e-16
-1.1102230246251565e-16
0.0
-2.220446049250313e-16
-1.1102230246251565e-16
4.440892098500626e-16
4.440892098500626e-16
1.1102230246251565e-16
-4.440892098500626e-16
0.0
0.0
-5.551115123125783e-16
1.1102230246251565e-16
0.0
0.0
0.0
0.0
3.3306690738754696e-16
7.771561172376096e-16
0.0
0.0
0.0
0.0
2.220446049250313e-16
-1.1102230246251565e-16
-1.1102230246251565e-16
0.0
0.0
-8.881784197001252e-16
1.1102230246251565e-16
-0.7996868253210437
-0.7996868253210447
0.7996868253210447
0.7996868253210445
-0.7996868253210445
-0.7997912059810666
1.1102230246251565e-15
-8.881784197001252e-16
2.220446049250313e-16
0.0
-1.7763568394002505e-15
3.219646771412954e-15
-2.220446049250313e-16
-1.2212453270876722e-15
8.881784197001252e-16
0.0
-1.9984014443252818e-15
-7.771561172376096e-16
3.4416913763379853e-15
-2.220446049250313e-16
-7.819360488048321e-05
-2.0497056663071334e-07
7.839857544755802e-05
-1.6653345369377348e-15
-9.992007221626409e-16
1.1102230246251565e-15
0.0
1.4432899320127035e-15
-5.551115123125783e-16
-1.1102230246251565e-15
4.440892098500626e-16
-2.220446049250313e-15
1.7763568394002505e-15
-1.4432899320127035e-15
2.3314683517128287e-15
3.885780586188048e-15
-6.217248937900877e-15
-7.652179963413275e-05
0.7998677277807017
0.7997912059810677
-1.9984014443252818e-15
-0.1458344188481251
-0.6539567871329406
0.0
