0.0
-0.03957370045131725
-0.0791474009026345
-0.11872110135395175
-0.0791474009026345
-0.11872110135395175
-0.0791474009026345
-0.03957370045131725
-0.0791474009026345
-0.11872110135395175
-0.158294801805269
-0.11872110135395175
-0.0791474009026345
-0.11872110135395175
-0.0791474009026345
-0.11872110135395175
-0.0791474009026345
-0.03957370045131725
-0.0791474009026345
-0.11872110135395175
-0.158294801805269
-0.19786850225658625
-0.2374422027079035
-0.27701590315922076
-0.2374422027079035
-0.19786850225658625
-0.2374422027079035
-0.19786850225658625
-0.158294801805269
-0.11872110135395175
-0.158294801805269
-0.11872110135395175
-0.158294801805269
-0.11872110135395175
-0.0791474009026345
-0.03957370045131725
-0.0791474009026345
-0.03957370045131725
-0.0791474009026345
-0.03957370045131725
0.0
-0.03957370045131725
-0.0791474009026345
-0.03957370045131725
-0.0791474009026345
-0.11872110135395175
-0.0791474009026345
-0.03957370045131725
0.0
0.03957370045131725
0.0791474009026345
0.11872110135395175
0.158294801805269
0.19786850225658625
0.2374422027079035
0.27701590315922076
0.316589603610538
0.35616330406185526
0.3957370045131725
0.43531070496448976
0.474884405415807
0.5144581058671243
0.5540318063184415
0.5936055067697588
0.633179207221076
0.6727529076723933
0.7123266081237105
0.7519003085750278
0.7519521049964588
0.7123784045451416
0.6728047040938243
0.6332310036425071
0.5936573031911894
0.5540836027398721
0.5145099022885549
0.4749362018372376
0.43536250138592036
0.3957888009346031
0.35621510048328586
0.3166414000319686
0.27706769958065136
0.2374939991293341
0.19792029867801686
0.1583465982266996
0.11877289777538236
0.14385910179449235
0.1042854013431751
0.06471170089185785
0.025138000440540598
0.0
