0.0
0.39984341266052165
0.3998434126605216
0.3998434126605216
0.39984341266052187
0.3998434126605218
0.39984341266052176
0.39984341266052187
0.3998434126605218
0.39984341266052176
0.39984341266052187
0.3998434126605218
0.3998434126605218
0.3998434126605217
0.39984341266052176
0.3998434126605218
0.399843412660522
0.39984341266052187
0.3998434126605218
0.3998434126605218
0.3998434126605217
0.39984341266052165
0.39984341266052187
0.3998434126605221
0.39984341266052215
0.3998434126605219
0.3998434126605219
0.3998434126605219
0.39984341266052165
0.3998434126605217
0.3998434126605217
0.3998434126605217
0.3998434126605217
0.3998434126605217
0.39984341266052187
0.39984341266052226
0.39984341266052226
0.39984341266052226
0.39984341266052226
0.39984341266052226
0.39984341266052237
0.3998434126605223
0.39984341266052226
0.39984341266052226
0.39984341266052226
0.3998434126605218
0.39984341266052187
0.0
-0.39984341266052237
0.0
0.39984341266052226
0.0
-0.3998956029905333
-0.39989560299053273
-0.39989560299053317
-0.39989560299053306
-0.39989560299053306
-0.39989560299053395
-0.39989560299053234
-0.39989560299053245
-0.39989560299053306
-0.3998956029905326
-0.3998956029905326
-0.3998956029905336
-0.399895602990534
-0.3998956029905323
-0.3998956029905324
-0.39993469979297264
-0.39993480227825595
-0.3998956029905322
-0.399895602990533
-0.3998956029905335
-0.39989560299053295
-0.39989560299053295
-0.39989560299053223
-0.3998956029905325
-0.39989560299053306
-0.39989560299053284
-0.39989560299053395
-0.39989560299053306
-0.3998956029905338
-0.3998956029905326
-0.3998956029905307
-0.3998956029905338
-0.39993386389035085
0.0
0.39989560299053384
0.39989560299053284
0.3269783935664703
0.0
