-2.0
-1.8
-1.6001565873394783
-1.4007826915014423
-1.2021905067649987
-1.0028166109269625
-0.8042244261905189
-0.6048505303524828
-0.40500711769196096
-0.20563322185392485
-0.007041037117481219
0.19045846629887955
0.3890506510353232
0.5884245468733593
0.7870167316098029
0.986390627447839
1.1849828121842827
1.384356708022319
1.5842001206828407
1.7835740165208769
1.9821662012573205
2.179665704673681
2.3757632675520766
2.5701518259360143
2.7625269919536706
2.9569155503376083
3.1530131132160037
3.3474016715999415
3.543499234478337
3.7409987378946976
3.939590922631141
4.137090426047502
4.3356826107839455
4.533182114200306
4.73177429893675
4.931148194774786
5.130991607435308
5.330365503273344
5.5302089159338665
5.729582811771903
5.929426224432425
6.129426224432425
6.329269637092947
6.5286435329309835
6.728486945591506
6.927860841429542
7.1264530261659855
7.325826922004022
7.1259835093434996
6.925983509343499
7.125826922004022
7.325200817842058
7.127129123451176
6.930304902796975
6.735036357690027
6.541629253949949
6.350386442614854
6.161607385714952
5.9755876873529346
5.792618630825374
5.6129867225099535
5.436973243232758
5.264853807818112
5.096897933510656
4.9333686179454626
4.774521927327045
4.6206065954620925
4.471863634273819
4.327149747146313
4.178413710297199
4.024504992546992
3.865664595462041
3.702141242994161
3.5341909920104055
3.3620768313404366
3.186068269969314
3.00644091502054
2.823476040190206
2.637460145307988
2.4486845077146873
2.2574447261587967
2.0640402579262753
1.8687739499283653
1.6719515644816534
1.4738813005230078
1.2754611837208998
1.4739108150479563
1.6731842354330109
1.872969407928796
2.0
