2.5
2.5
2.4920873255977267
2.4762743670395087
2.4525858854164446
2.4367729268582266
2.4130844452351625
2.3972714866769445
2.389358812274671
2.373545853716453
2.349857372093389
2.3183304605686152
2.294641978945551
2.278829020387333
2.255140538764269
2.239327580206051
2.215639098582987
2.199826140024769
2.1919134656224957
2.1761005070642776
2.1524120254412136
2.1208851139164397
2.0815691396419327
2.034525666455799
1.9798283584810983
1.9327848852949643
1.8934689110204572
1.8464254378343232
1.8071094635598162
1.7755825520350426
1.7518940704119785
1.720367158887205
1.696678677264141
1.6651517657393673
1.6414632841163033
1.6256503255580852
1.6177376511558121
1.601924692597594
1.594012018195321
1.578199059637103
1.5702863852348299
1.5702863852348299
1.5623737108325568
1.5465607522743388
1.5386480778720657
1.5228351193138476
1.4991466376907836
1.4833336791325655
1.4912463535348386
1.4912463535348386
1.4991590279371116
1.5149719864953297
1.4873606863737483
1.4519346200221868
1.4087492601754268
1.3578722296394972
1.2993831954029182
1.2333737438882881
1.1599472375395383
1.0792186529694319
0.9913144009207447
0.8963721283230495
0.7945405027550454
0.6859789796499581
0.5708575526085138
0.44935648721048693
0.3216660387416219
0.18798615427794285
0.04994056104418787
-0.08374702759326724
-0.2114454481542345
-0.33295474107940204
-0.44808463819975985
-0.5566548606724628
-0.6584954012746753
-0.7534467906133584
-0.8413603468341482
-0.922098408438319
-0.9955345498432588
-1.0615537793489256
-1.1200527192002914
-1.1709397674638227
-1.2141352414645017
-1.2495715025588174
-1.277193062048312
-1.302205817936007
-1.277456598969857
-1.2605780936651787
-1.2515967316243712
-1.2499999999999993
