0.7996868253210428
1.6653345369377348e-15
8.881784197001252e-16
1.4432899320127035e-15
1.1102230246251565e-16
-1.1102230246251565e-16
-2.220446049250313e-16
1.1102230246251565e-16
2.220446049250313e-16
-1.4432899320127035e-15
-1.887379141862766e-15
-2.220446049250313e-16
0.0
3.3306690738754696e-16
7.771561172376096e-16
2.220446049250313e-16
-1.1102230246251565e-16
1.1102230246251565e-16
-1.1102230246251565e-16
1.1102230246251565e-16
-1.1102230246251565e-16
1.1102230246251565e-16
-1.1102230246251565e-16
1.1102230246251565e-16
-1.1102230246251565e-16
1.1102230246251565e-16
-1.1102230246251565e-16
1.1102230246251565e-16
-1.1102230246251565e-16
1.1102230246251565e-16
-9.992007221626409e-16
1.1102230246251565e-16
-1.1102230246251565e-16
-1.1102230246251565e-16
0.0
-2.220446049250313e-16
0.0
3.3306690738754696e-16
-1.1102230246251565e-16
0.0
0.0
-2.220446049250313e-16
0.0
3.3306690738754696e-16
1.1102230246251565e-16
0.0
-1.1102230246251565e-16
0.0
-1.1102230246251565e-16
0.0
0.0
-2.220446049250313e-16
-1.1102230246251565e-16
2.220446049250313e-16
1.1102230246251565e-16
0.0
-2.220446049250313e-16
-1.1102230246251565e-16
-1.1102230246251565e-16
4.440892098500626e-16
0.0
-2.220446049250313e-16
0.0
0.0
0.0
3.3306690738754696e-16
0.0
1.1102230246251565e-16
-1.1102230246251565e-16
-9.992007221626409e-16
8.881784197001252e-16
8.881784197001252e-16
-8.881784197001252e-16
1.1102230246251565e-16
7.771561172376096e-16
2.220446049250313e-16
-1.1102230246251565e-16
1.1102230246251565e-16
-1.1102230246251565e-16
-1.1102230246251565e-16
0.0
2.220446049250313e-16
-1.1102230246251565e-16
-1.1102230246251565e-16
-0.7996868253210445
-0.7997912059810666
1.1102230246251565e-15
-9.992007221626409e-16
3.3306690738754696e-16
1.6653345369377348e-15
-1.887379141862766e-15
1.1102230246251565e-16
-3.3306690738754696e-16
4.440892098500626e-16
8.881784197001252e-16
-1.5543122344752192e-15
-4.440892098500626e-16
6.661338147750939e-16
1.9984014443252818e-15
-6.512017169457707e-05
5.444566283552277e-05
1.0674508855945675e-05
1.3322676295501878e-15
8.881784197001252e-16
-8.881784197001252e-16
-7.771561172376096e-16
2.3314683517128287e-15
-8.881784197001252e-16
-1.4432899320127035e-15
1.1102230246251565e-16
1.5543122344752192e-15
2.220446049250313e-15
-1.7763568394002505e-15
-1.1102230246251565e-16
-7.960305945908797e-05
0.7998708090405242
0.7997912059810657
1.4432899320127035e-15
-0.28042842402792967
-0.5193627819531375
0.0
