0.21972448618848195
0.07324149539616016
-0.07324149539616016
0.07324149539616016
-0.07324149539616016
0.07324149539616016
-0.07324149539616016
0.07324149539616016
-0.07324149539616016
0.07324149539616016
-0.07324149539616016
-0.5126904677731248
-0.21972448618848195
-0.07324149539616016
0.07324149539616016
-0.07324149539616016
0.07324149539616016
-0.07324149539616016
-0.07324149539616016
-0.07324149539616016
-0.07324149539616016
-0.5126904677731248
0.5126904677731248
0.07324149539616016
0.5126904677731248
0.5126904677731248
0.5126904677731248
0.5126904677731248
-0.07324149539616016
0.07324149539616016
-0.07324149539616016
0.5126904677731248
-0.5126904677731248
-0.5126904677731248
-0.5126904677731248
-0.5126904677731248
0.21267177814232377
0.5126904677731248
0.5126904677731267
0.5126904677731248
0.5126904677731248
0.5093736749070552
0.5126904677731248
-0.172337117831334
0.0
