0.0
-0.03925234608338046
-0.026356406027150836
-0.03925234608338046
-0.026356406027150836
-0.03925234608338046
-0.026356406027150836
-0.03925234608338046
-0.026356406027150836
-0.03925234608338046
-0.026356406027150836
-0.03925234608338046
-0.1381865972116736
-0.17743894329505405
-0.19033488335128368
-0.17743894329505405
-0.19033488335128368
-0.17743894329505405
-0.19033488335128368
-0.2032308234075133
-0.21612676346374293
-0.22902270351997256
-0.3279569546482657
-0.22902270351997256
-0.21612676346374293
-0.1171925123354498
-0.01825826120715668
0.08067598992113645
0.17961024104942958
0.16671430099319995
0.17961024104942958
0.16671430099319995
0.2656485521214931
0.3645828032497862
0.46351705437807933
0.5624513055063725
0.6613855566346656
0.6234325900314532
0.5244983389031601
0.42556408777486654
0.3266298366465734
0.22769558551828029
0.1295275750308127
0.030593323902519565
0.0
