0.0
0.3998434126605214
0.39984341266052226
0.3998434126605227
0.3998434126605234
0.3998434126605235
0.3998434126605234
0.3998434126605233
0.39984341266052337
0.3998434126605235
0.39984341266052276
0.3998434126605218
0.3998434126605217
0.3998434126605217
0.39984341266052187
0.39984341266052226
0.39984341266052237
0.3998434126605223
0.39984341266052237
0.3998434126605223
0.39984341266052237
0.3998434126605223
0.39984341266052237
0.3998434126605223
0.39984341266052237
0.3998434126605223
0.39984341266052237
0.3998434126605223
0.39984341266052237
0.3998434126605223
0.39984341266052237
0.39984341266052187
0.3998434126605219
0.39984341266052187
0.3998434126605218
0.3998434126605218
0.3998434126605217
0.3998434126605217
0.39984341266052187
0.3998434126605218
0.3998434126605218
0.3998434126605218
0.3998434126605217
0.3998434126605217
0.39984341266052187
0.3998434126605219
0.3998434126605219
0.39984341266052187
0.39984341266052187
0.3998434126605218
0.3998434126605218
0.3998434126605218
0.3998434126605217
0.39984341266052165
0.39984341266052176
0.3998434126605218
0.3998434126605218
0.3998434126605217
0.39984341266052165
0.3998434126605216
0.3998434126605218
0.3998434126605218
0.3998434126605217
0.3998434126605217
0.3998434126605217
0.3998434126605217
0.39984341266052187
0.39984341266052187
0.3998434126605219
0.39984341266052187
0.39984341266052137
0.3998434126605218
0.39984341266052226
0.3998434126605218
0.39984341266052187
0.39984341266052226
0.39984341266052237
0.3998434126605223
0.39984341266052237
0.3998434126605223
0.39984341266052226
0.39984341266052226
0.39984341266052237
0.3998434126605223
0.39984341266052226
0.0
-0.3998956029905333
-0.39989560299053273
-0.3998956029905332
-0.39989560299053306
-0.39989560299053223
-0.39989560299053317
-0.3998956029905331
-0.3998956029905333
-0.39989560299053306
-0.3998956029905326
-0.3998956029905334
-0.3998956029905336
-0.3998956029905333
-0.3998956029905323
-0.3999281630763796
-0.3999009402449618
-0.39989560299053384
-0.39989560299053317
-0.39989560299053273
-0.39989560299053317
-0.39989560299053356
-0.3998956029905324
-0.39989560299053284
-0.39989560299053356
-0.3998956029905335
-0.39989560299053273
-0.3998956029905316
-0.3998956029905325
-0.39989560299053256
-0.3999354045202621
0.0
0.39989560299053284
0.39989560299053356
0.2596813909765687
0.0
