-10.0
-9.5
-9.000385137214545
-8.500558792196264
-8.00094392941081
-7.501117584392527
-7.001502721607073
-6.501676376588791
-6.002061513803337
-5.502235168785055
-5.002620305999601
-4.502793960981319
-4.003179098195865
-3.5079453902859896
-3.015795904957466
-2.524825437780247
-2.0326759524517235
-1.5417054852745045
-1.049555999945981
-0.5585855327687618
-0.06887573358734433
0.4194919574065997
0.90643632321797
1.3797875248503892
1.8667318906617594
2.355099581655703
2.851669988309609
3.3515866495992483
3.8499603781135643
4.341917076331646
4.834984740378435
5.326941438596517
5.820009102643306
5.3448226877163245
4.887259866826072
4.451795606615773
4.042688749696302
3.6488420389914134
3.229136022901313
2.784678116088853
2.3198151190729988
1.8390933942554586
1.3472144980087934
1.845409696510893
2.0000000000000004
