2.0
2.0
1.992087325597727
1.9762743670395089
1.9525858854164448
1.9210589738916712
1.8973704922686072
1.8658435807438336
1.8265276064693265
1.795000694944553
1.771312213321489
1.7554992547632708
1.7318107731402068
1.7002838616154332
1.6765953799923692
1.6607824214341511
1.652869747031878
1.652869747031878
1.644957072629605
1.644957072629605
1.637044398227332
1.637044398227332
1.6291317238250589
1.6291317238250589
1.6212190494227858
1.6212190494227858
1.6133063750205128
1.6133063750205128
1.6053937006182397
1.6053937006182397
1.5974810262159667
1.5974810262159667
1.5895683518136936
1.5895683518136936
1.5816556774114205
1.5658427188532025
1.5421542372301384
1.5106273257053648
1.4869388440823008
1.4711258855240827
1.4632132111218097
1.4474002525635916
1.4237117709405276
1.392184859415754
1.36849637779269
1.3526834192344719
1.3447707448321988
1.3447707448321988
1.3368580704299258
1.3368580704299258
1.3289453960276527
1.3289453960276527
1.3210327216253797
1.3052197630671616
1.2815312814440976
1.2657183228858795
1.2420298412628155
1.2105029297380419
1.1868144481149778
1.1710014895567598
1.1630888151544867
1.1472758565962686
1.1235873749732046
1.092060463448431
1.068371981825367
1.0368450703005934
1.0131565886775293
0.9973436301193112
0.989430955717038
0.989430955717038
0.9973436301193112
1.0131565886775293
1.0210692630798024
1.0368822216380205
1.0605707032610845
1.0763836618193026
1.0842963362215756
1.0842963362215756
1.0922090106238487
1.0922090106238487
1.1001216850261217
1.1159346435843398
1.1238473179866129
1.1238473179866129
1.131759992388886
1.147572950947104
1.1199616508255226
1.084535584473961
1.041350224627201
0.9904731940912713
0.9319841598546925
0.8659747083400624
0.7925482019913126
0.7118196174212061
0.623915365372519
0.5289730927748237
0.42714146720681967
0.3185799441017324
0.20345851706028806
0.0819574516622612
-0.04573299680660381
-0.17501300300507094
-0.29827723949114393
-0.41521443289213145
-0.5256414743680251
-0.6293854491525139
-0.7262839073156135
-0.8161851181396917
-0.8989483077105596
-0.9744438793516017
-1.0425536165557605
-1.103170868097623
-1.1562007150357352
-1.2015601193436471
-1.2391780539369495
-1.2689956138926966
-1.2930000416487268
-1.2708959570463363
-1.2566728592400578
-1.2503530198003365
-1.2499999999999978
