0.7996868253210446
-1.1102230246251565e-16
-8.881784197001252e-16
1.1102230246251565e-16
-1.1102230246251565e-16
-2.220446049250313e-16
0.0
0.0
0.0
0.0
0.0
-0.7996868253210434
-0.7996868253210446
-1.1102230246251565e-16
0.7996868253210447
0.7996868253210445
-8.881784197001252e-16
1.1102230246251565e-16
-1.1102230246251565e-16
1.1102230246251565e-16
-0.7996868253210437
-0.7997912059810666
1.3322676295501878e-15
-1.2212453270876722e-15
2.220446049250313e-16
1.1102230246251565e-16
-1.7763568394002505e-15
3.3306690738754696e-15
-2.220446049250313e-16
-1.3322676295501878e-15
6.661338147750939e-16
4.440892098500626e-16
-2.220446049250313e-15
-8.881784197001252e-16
3.552713678800501e-15
-2.220446049250313e-16
-6.661338147750939e-16
-2.220446049250313e-16
-4.440892098500626e-16
-8.26961024651407e-05
9.363669969619792e-06
7.333243249507682e-05
1.1102230246251565e-16
5.551115123125783e-16
6.661338147750939e-16
-7.771561172376096e-16
-1.3322676295501878e-15
1.9984014443252818e-15
1.6653345369377348e-15
-3.219646771412954e-15
5.551115123125783e-16
3.3306690738754696e-16
-3.3306690738754696e-16
2.55351295663786e-15
1.1102230246251565e-15
-2.55351295663786e-15
-1.887379141862766e-15
-5.551115123125783e-16
-2.8515166432430128e-05
0.7998197211475001
0.7997912059810656
1.1102230246251565e-16
-0.22737011892689174
-0.5724210870541739
0.0
