0.0
-0.03957370045131725
-0.0791474009026345
-0.11872110135395175
-0.0791474009026345
-0.11872110135395175
-0.158294801805269
-0.11872110135395175
-0.158294801805269
-0.11872110135395175
-0.158294801805269
-0.11872110135395175
-0.0791474009026345
-0.03957370045131725
0.0
0.03957370045131725
0.0791474009026345
0.11872110135395175
0.0791474009026345
0.11872110135395175
0.0791474009026345
0.11872110135395175
0.158294801805269
0.19786850225658625
0.2374422027079035
0.27701590315922076
0.316589603610538
0.35616330406185526
0.3957370045131725
0.43531070496448976
0.474884405415807
0.5144581058671243
0.5540318063184415
0.5936055067697588
0.633179207221076
0.6727529076723933
0.7123266081237105
0.7519003085750278
0.791474009026345
0.8310477094776623
0.8706214099289795
0.8682466457342457
0.8286729452829285
0.7890992448316112
0.749525544380294
0.7099518439289763
0.670378143477659
0.6308044430263418
0.5912307425750245
0.5516570421237073
0.51208334167239
0.47250964122107275
0.4329359407697555
0.39336224031843825
0.353788539867121
0.31421483941580375
0.2746411389644865
0.23506743851316925
0.195493738061852
0.15592003761053475
0.13579060982668922
0.09621690937537197
0.05664320892405472
0.01706950847273747
0.0
