0.0
0.3998434126605223
0.39984341266052226
0.3998434126605218
0.39984341266052187
0.3998434126605218
0.3998434126605217
0.3998434126605217
0.3998434126605217
0.3998434126605217
0.3998434126605217
0.3998434126605217
0.0
-0.3998434126605223
-0.39984341266052237
0.0
0.39984341266052226
0.3998434126605218
0.39984341266052187
0.3998434126605218
0.39984341266052187
0.0
-0.3998956029905333
-0.3998956029905326
-0.3998956029905332
-0.3998956029905331
-0.39989560299053306
-0.39989560299053395
-0.3998956029905323
-0.3998956029905324
-0.39989560299053306
-0.39989560299053273
-0.3998956029905325
-0.3998956029905336
-0.39989560299053406
-0.3998956029905323
-0.3998956029905324
-0.39989560299053273
-0.39989560299053284
-0.39989560299053306
-0.39993695104176563
-0.3999322692067808
-0.3998956029905333
-0.3998956029905332
-0.39989560299053295
-0.3998956029905326
-0.399895602990533
-0.39989560299053367
-0.3998956029905327
-0.39989560299053184
-0.39989560299053345
-0.39989560299053317
-0.399895602990533
-0.39989560299053317
-0.3998956029905319
-0.39989560299053134
-0.3998956029905326
-0.39989560299053356
-0.39989560299053384
-0.39990986057375005
0.0
0.3998956029905328
0.39989560299053284
0.28621054352708697
0.0
