5.0
5.2
5.399843412660522
5.599217308498559
5.797809493235002
5.997183389073038
6.195775573809482
6.393275077225843
6.591867261962286
6.789366765378647
6.9879589501150905
7.185458453531451
7.384050638267895
7.1846767424298585
6.984833329769336
6.784833329769336
6.984676742429858
7.184050638267895
7.382642823004338
7.582016718842374
7.780608903578818
7.979982799416854
7.781911105025973
7.585086884371772
7.389818339264823
7.196411235524746
7.005168424189651
6.816389367289748
6.630369668927731
6.447400612400171
6.26776870408475
6.091755224807555
5.919635789392909
5.751679915085452
5.588150599520259
5.429303908901842
5.275388577036889
5.1266456158486156
4.983307937982608
4.8455999920951065
4.713737411394826
4.5862001767534535
4.453980907270109
4.31592895760084
4.172260499620728
4.023200499945798
3.8689823676637625
3.7098475888449576
3.546045348405718
3.3778321399163573
3.205471363964695
3.0292329157041005
2.849392762231842
2.6662325104595554
2.480038966152472
2.2911036848279043
2.099722515216212
1.9061951359991518
1.7108245865510021
1.5139167924172687
1.3158401481396584
1.5144830066182324
1.7138861232394573
1.9137372579681795
2.0
