2.5
2.5
2.4920873255977267
2.4762743670395087
2.4525858854164446
2.4367729268582266
2.4130844452351625
2.3815575337103887
2.3578690520873247
2.326342140562551
2.302653658939487
2.271126747414713
2.247438265791649
2.263251224349867
2.2711638987521403
2.2711638987521403
2.2790765731544136
2.2948895317126317
2.3185780133356957
2.3343909718939138
2.358079453516978
2.373892412075196
2.346281111953614
2.310855045602053
2.267669685755293
2.216792655219363
2.1583036209827844
2.092294169468154
2.0188676631194045
1.938139078549298
1.850234826500611
1.7552925539029156
1.6534609283349115
1.5448994052298244
1.42977797818838
1.308276912790353
1.180586464321488
1.046906579857809
0.9074465851738165
0.7624248569648209
0.6120684808966919
0.45801355372321373
0.3079707438635948
0.16327644817163556
0.024157239595336222
-0.1091690387978903
-0.23649361493588295
-0.35761711465236523
-0.4723498738816483
-0.5805122356485453
-0.6819348313884479
-0.7764588461570585
-0.8639362673144824
-0.9442301162942845
-1.0172146630945837
-1.0827756231553134
-1.1408103363133808
-1.191227927555476
-1.2339494493168441
-1.2689080051031763
-1.2965227501605927
-1.2733755086674918
-1.2581053713065882
-1.2507362491797096
-1.249999999999997
