0.0
-0.03957370045131725
-0.0791474009026345
-0.11872110135395175
-0.0791474009026345
-0.11872110135395175
-0.0791474009026345
-0.03957370045131725
-0.0791474009026345
-0.11872110135395175
-0.0791474009026345
-0.11872110135395175
-0.0791474009026345
-0.11872110135395175
-0.158294801805269
-0.11872110135395175
-0.158294801805269
-0.11872110135395175
-0.0791474009026345
-0.11872110135395175
-0.158294801805269
-0.11872110135395175
-0.0791474009026345
-0.11872110135395175
-0.158294801805269
-0.11872110135395175
-0.158294801805269
-0.11872110135395175
-0.0791474009026345
-0.03957370045131725
-0.0791474009026345
-0.03957370045131725
0.0
-0.03957370045131725
-0.0791474009026345
-0.11872110135395175
-0.158294801805269
-0.11872110135395175
-0.158294801805269
-0.11872110135395175
-0.0791474009026345
-0.11872110135395175
-0.0791474009026345
-0.11872110135395175
-0.158294801805269
-0.11872110135395175
-0.0791474009026345
-0.03957370045131725
0.0
0.03957370045131725
0.0
0.03957370045131725
0.0791474009026345
0.11872110135395175
0.158294801805269
0.19786850225658625
0.2374422027079035
0.27701590315922076
0.316589603610538
0.35616330406185526
0.3957370045131725
0.43531070496448976
0.474884405415807
0.5144581058671243
0.5540318063184415
0.5936055067697588
0.633179207221076
0.6727529076723933
0.7123266081237105
0.7519003085750278
0.791474009026345
0.8310477094776623
0.8253748150724753
0.7858011146211581
0.7462274141698408
0.7066537137185236
0.6670800132672059
0.6275063128158886
0.5879326123645714
0.5483589119132541
0.5087852114619369
0.46921151101061964
0.4296378105593024
0.39006411010798514
0.3504904096566679
0.31091670920535064
0.2713430087540334
0.23176930830271614
0.1921956078513989
0.15262190740008164
0.13168121860345705
0.0921075181521398
0.05253381770082255
0.012960117249505299
0.0
