0.0
0.39984341266052176
0.39984341266052176
0.3998434126605217
0.39984341266052176
0.3998434126605218
0.39984341266052176
0.39984341266052165
0.3998434126605218
0.3998434126605218
0.39984341266052187
0.3998434126605218
0.39984341266052187
0.3998434126605218
0.3998434126605217
0.3998434126605217
0.3998434126605217
0.3998434126605217
0.39984341266052187
0.3998434126605218
0.3998434126605221
0.39984341266052215
0.39984341266052187
0.3998434126605218
0.3998434126605217
0.3998434126605217
0.3998434126605217
0.3998434126605217
0.39984341266052187
0.3998434126605223
0.39984341266052226
0.3998434126605223
0.39984341266052237
0.3998434126605223
0.39984341266052226
0.3998434126605218
0.3998434126605217
0.3998434126605217
0.3998434126605217
0.3998434126605217
0.399843412660521
0.39984341266052187
0.39984341266052276
0.3998434126605227
0.3998434126605234
0.3998434126605235
0.0
-0.3998434126605223
-0.3998434126605215
-0.3998434126605214
-0.3998434126605215
-0.39979121415578794
-0.39989560299053295
-0.3998956029905326
-0.3998956029905332
-0.39989560299053356
-0.39989560299053334
-0.39989560299053317
-0.39989560299053284
-0.39989560299053306
-0.3998956029905325
-0.3998956029905325
-0.39989560299053306
-0.3998956029905335
-0.3998956029905344
-0.39989560299053184
-0.3998956029905322
-0.3998956029905333
-0.3998956029905324
-0.3998956029905335
-0.399895602990533
-0.3999394435262674
-0.3999284496986232
-0.39989560299053306
-0.39989560299053306
-0.39989560299053273
-0.39989560299053317
-0.39989560299053317
-0.3998956029905324
-0.3998956029905334
-0.3998956029905333
-0.39989560299053245
-0.3998956029905326
-0.39989560299053195
-0.39989560299053245
-0.39989560299053434
-0.399895602990533
-0.3998956029905322
-0.3998956029905334
-0.3999088735338204
0.0
0.3998956029905337
0.3998956029905331
0.2654446051696768
0.0
