0.0
0.2
0.3998434126605218
0.5992173084985579
0.7978094932350015
0.9971833890730376
1.1957755738094813
1.3951494696475173
1.594992882308039
1.7943667781460753
1.9929589628825188
2.192332858720555
2.3909250434569986
2.590298939295035
2.7888911240314784
2.986390627447839
3.1849828121842827
3.3824823156006434
3.581074500337087
3.780448396175123
3.9790405809115668
4.176540084327928
4.3751322690643715
4.574506164902408
4.773098349638851
4.970597853055212
5.1691900377916555
5.366689541208016
5.56528172594446
5.764655621782496
5.964499034443018
6.163872930281054
6.363716342941577
6.563716342941577
6.763559755602099
6.962933651440135
7.161525836176579
7.3590253395929395
7.557617524329383
7.755117027745744
7.953709212482187
8.153083108320223
8.351675293056667
8.551049188894703
8.749641373631148
8.94714087704751
9.145733061783954
8.946359165945918
8.746515753285395
8.546515753285396
8.346672340624874
8.146672340624875
7.947037632072314
7.748028619141259
7.5499569247503775
7.3531327040961765
7.157864158989227
6.9644570552491505
6.773214243914055
6.584435187014153
6.398415488652136
6.215446432124575
6.0358145238091545
5.8598010445319595
5.687681609117313
5.519725734809855
5.3561964192446645
5.1973497286262464
5.043434396761294
4.89469143557302
4.751353757707012
4.613645811819511
4.479843447075242
4.341315028483848
4.197188519458734
4.047689603865866
3.8930523780797186
3.7335189844179926
3.5693392319774038
3.4007702054642595
3.2280758626323616
3.0515266209585796
2.87139893420332
2.6879748595189357
2.501541615783939
2.312391133854594
2.120819599438166
1.9271269893035967
1.73161660155586
1.5345945807095331
1.336422980747268
1.5351592827809837
1.734623466526605
1.9345031963255899
2.000000000000001
