3.0
3.0
2.9920873255977267
2.9762743670395087
2.9525858854164446
2.9367729268582266
2.9130844452351625
2.8972714866769445
2.889358812274671
2.873545853716453
2.849857372093389
2.834044413535171
2.810355931912107
2.794542973353889
2.770854491730825
2.739327580206051
2.715639098582987
2.684112187058213
2.660423705435149
2.644610746876931
2.620922265253867
2.5893953537290932
2.565706872106029
2.549893913547811
2.526205431924747
2.4946785203999733
2.4709900387769093
2.4394631272521354
2.4157746456290714
2.3999616870708533
2.39204901266858
2.376236054110362
2.3683233797080887
2.3683233797080887
2.3604107053058154
2.3445977467475974
2.3209092651245333
2.2893823535997595
2.2656938719766955
2.2341669604519216
2.2104784788288576
2.1946655202706395
2.1709770386475755
2.1551640800893574
2.1314755984662934
2.0999486869415196
2.0762602053184556
2.0920731638766736
2.099985838278947
2.099985838278947
2.0920731638766736
2.0920731638766736
2.080208798979504
2.0604555008881587
2.0328442007665775
1.9974181344150161
1.9542327745682562
1.9033557440323259
1.8448667097957472
1.7788572582811177
1.7054307519323675
1.624702167362261
1.5367979153135738
1.4418556427158786
1.3400240171478743
1.2314624940427867
1.1163410670013434
0.9948400016033161
0.8671495531344511
0.733469668670772
0.5940096739867793
0.44898794577778367
0.3003425190366811
0.1561043227922525
0.017459707283706827
-0.11537422757420224
-0.2421894806569549
-0.36278747533369815
-0.47697937041310157
-0.5845863558447619
-0.6854399327131002
-0.7793821770853273
-0.866265987300336
-0.9459553143112736
-1.0183253747211252
-1.0832628461777158
-1.1406660448221668
-1.1904450845129468
-1.2325220175761866
-1.2668309568618663
-1.2937535572289356
-1.2714228101021052
-1.2569722247862045
-1.2504244290683157
-1.2499999999999991
