0.7996868253210446
-1.1102230246251565e-16
-8.881784197001252e-16
0.0003131746789560852
0.0
0.0
-0.00031317467895630724
-1.1102230246251565e-16
4.440892098500626e-16
3.3306690738754696e-16
-4.440892098500626e-16
-3.3306690738754696e-16
-1.1102230246251565e-16
5.551115123125783e-16
1.1102230246251565e-16
0.000245262484365516
0.0
1.1102230246251565e-16
0.0
-2.220446049250313e-16
1.1102230246251565e-16
0.0
0.0
-1.1102230246251565e-16
1.1102230246251565e-16
0.0
1.1102230246251565e-16
6.791219459079123e-05
-1.1102230246251565e-16
1.1102230246251565e-16
-0.0003131746789561962
-3.3306690738754696e-16
-3.3306690738754696e-16
3.3306690738754696e-16
-1.1102230246251565e-16
2.220446049250313e-16
-1.1102230246251565e-16
-1.1102230246251565e-16
0.0
1.1102230246251565e-16
0.0
1.1102230246251565e-16
0.00024526248436618214
-1.1102230246251565e-16
4.440892098500626e-16
6.791219459034714e-05
-8.881784197001252e-16
0.0
0.0
0.0
0.0
-0.0003131746789560852
3.3306690738754696e-16
-2.220446049250313e-16
4.440892098500626e-16
-4.440892098500626e-16
-0.7996868253210438
-0.7997912059810659
0.0
-6.661338147750939e-16
5.551115123125783e-16
-6.661338147750939e-16
-7.771561172376096e-16
1.3322676295501878e-15
0.0
1.2212453270876722e-15
-3.3306690738754696e-16
-3.14849293808761e-05
-5.777396329065265e-05
8.925889267086262e-05
-4.440892098500626e-16
-1.2212453270876722e-15
7.771561172376096e-16
1.5543122344752192e-15
-2.220446049250313e-16
-1.1102230246251565e-16
-1.5543122344752192e-15
0.0
3.6637359812630166e-15
-9.992007221626409e-16
-3.3306690738754696e-15
-3.3306690738754696e-16
4.218847493575595e-15
-5.081250266547599e-05
0.7998420184837294
0.7997912059810637
1.887379141862766e-15
-0.1661438400691816
-0.633647365911884
0.0
