0.21972448618848195
0.07324149539616016
-0.07324149539616016
0.07324149539616016
-0.07324149539616016
-0.5126904677731248
-0.5126904677731248
0.07324149539616016
-0.07324149539616016
0.07324149539616016
-0.07324149539616016
0.07324149539616016
-0.07324149539616016
0.07324149539616016
0.5126904677731248
0.5126904677731248
-0.07324149539616016
0.07324149539616016
0.5126904677731248
0.5126904677731248
0.5126904677731248
0.07324149539616016
0.5126904677731248
-0.5126904677731248
-0.5126904677731248
-0.5126904677731248
-0.5126904677731267
-0.23395402968355933
0.5126904677731248
0.5126904677731248
0.5126904677731248
0.5126904677731248
0.5126904677731248
0.5126904677731248
0.4430636061680143
0.5126904677731248
-0.24507385887802863
0.0
