0.0
-0.03957370045131725
-0.0791474009026345
-0.11872110135395175
-0.11872110135395175
-0.11872110135395175
-0.11872110135395175
-0.158294801805269
-0.19786850225658625
-0.2374422027079035
-0.27701590315922076
-0.316589603610538
-0.35616330406185526
-0.316589603610538
-0.27701590315922076
-0.2374422027079035
-0.25586964370928333
-0.27429708471066316
-0.292724525712043
-0.27429708471066316
-0.25586964370928333
-0.2374422027079035
-0.25586964370928333
-0.27429708471066316
-0.292724525712043
-0.27429708471066316
-0.25586964370928333
-0.2374422027079035
-0.2374422027079035
-0.2374422027079035
-0.2374422027079035
-0.19786850225658625
-0.158294801805269
-0.11872110135395175
-0.0791474009026345
-0.03957370045131725
0.0
-0.03957370045131725
-0.0791474009026345
-0.11872110135395175
-0.0791474009026345
-0.03957370045131725
0.0
0.01842744100137983
0.03685488200275966
0.05528232300413949
0.05528232300413949
0.05528232300413949
0.05528232300413949
0.05528232300413949
0.05528232300413949
0.05528232300413949
0.09485602345545674
0.134429723906774
0.17400342435809124
0.2135771248094085
0.25315082526072574
0.292724525712043
0.33229822616336024
0.3718719266146775
0.41144562706599475
0.451019327517312
0.49059302796862925
0.5301667284199465
0.5697404288712642
0.6093141293225814
0.6488878297738987
0.688461530225216
0.7280352306765332
0.7469696526798479
0.7073959522285307
0.6678222517772134
0.6282485513258962
0.5886748508745789
0.5491011504232617
0.5095274499719444
0.4699537495206272
0.43038004906930993
0.3908063486179927
0.35123264816667543
0.3116589477153582
0.27208524726404093
0.23251154681272368
0.19293784636140643
0.15336414591008918
0.1418492188228644
0.10227551837154714
0.06270181792022989
0.023128117468912635
0.0
