0.0
0.999614862785454
0.99995842425871
0.9999584242587103
0.9999584242587104
0.9999584242587103
0.9975549987679727
0.9975549987679725
0.9999584242587098
0.9999584242587098
0.9999584242587101
0.99995842425871
0.9999584242587098
0.99995842425871
0.9999584242587102
0.9975549987679728
0.9975549987679727
0.9999584242587103
0.9999584242587108
0.9975549987679727
0.9975549987679719
0.9975549987679722
0.9999584242587105
0.0
-0.9983694671785046
-0.9983694671785034
-0.998369467178504
-0.9986587265153941
-0.999083744248191
-0.9983694671785043
-0.998369467178505
-0.9983694671785056
-0.9983694671785042
-0.9983694671785046
-0.9983972149786644
0.0
0.7212688058008548
0.0
