-5.0
-4.5
-4.000385137214546
-3.5005587921962644
-3.00094392941081
-2.5011175843925284
-2.001502721607074
-1.5062690136971988
-1.020259848766827
-0.5327764777005126
-0.0467673127701409
0.4407160582961736
0.9267252232265453
1.4142085942928597
1.9002177592232314
2.387701130289546
2.883781824147178
3.3836081691654596
3.883223031950914
4.383049376969196
4.881733069030649
5.374396979169346
5.856222851916227
6.336286057970984
5.882352497011764
5.451296264298085
5.047333091910179
4.674413741664773
4.333100693759042
3.9744424294842937
3.58315702039529
3.1630712397212175
2.7182935284672984
2.253173814841511
1.7722609719352729
1.2802993881479363
1.7779159277883938
1.9999999999999973
