2.5
2.5
2.4803788663968724
2.467202189059027
2.4475810554558994
2.434404378118054
2.4147832445149264
2.34590963164442
2.228457123779825
2.117281753603595
1.999829245739
1.8886538755627693
1.7712013676981744
1.6600259975219438
1.5425734896573489
1.4313981194811183
1.3689165607479168
1.3557398834100713
1.3361187498069436
1.3229420724690981
1.3591991444959086
1.4445353715442741
1.5781161648931155
1.7178992761491918
1.5087570461278217
1.2558011717502549
0.9615055627144976
0.6287484315272405
0.2635025864038869
-0.08457843808732779
-0.39553161587697505
-0.6663158233538604
-0.8942827896344052
-1.07720299666494
-1.2132874839192558
-1.3015073454486046
-1.254881927276912
-1.2499999999999958
