0.7996868253210435
1.1102230246251565e-16
-1.1102230246251565e-16
2.220446049250313e-16
1.1102230246251565e-16
-2.220446049250313e-16
-1.1102230246251565e-16
1.1102230246251565e-16
1.1102230246251565e-16
-3.3306690738754696e-16
2.220446049250313e-16
0.0
0.0
4.440892098500626e-16
-3.3306690738754696e-16
-5.551115123125783e-16
4.440892098500626e-16
0.0
0.0
0.0
0.0
5.551115123125783e-16
-1.1102230246251565e-16
-4.440892098500626e-16
0.0
-3.3306690738754696e-16
-8.881784197001252e-16
1.1102230246251565e-16
3.3306690738754696e-16
1.1102230246251565e-16
0.0
3.3306690738754696e-16
-1.1102230246251565e-16
1.1102230246251565e-16
-1.1102230246251565e-16
1.1102230246251565e-16
1.1102230246251565e-16
0.0
0.0
3.3306690738754696e-16
7.771561172376096e-16
0.0
-8.881784197001252e-16
1.1102230246251565e-16
-0.7996868253210437
-0.7996868253210447
1.1102230246251565e-16
0.7996868253210446
0.0
-0.7997912059810666
1.1102230246251565e-15
-9.992007221626409e-16
3.3306690738754696e-16
1.7763568394002505e-15
-1.9984014443252818e-15
1.1102230246251565e-16
-2.220446049250313e-16
3.3306690738754696e-16
6.661338147750939e-16
-1.3322676295501878e-15
-4.440892098500626e-16
6.661338147750939e-16
1.9984014443252818e-15
-2.220446049250313e-16
-1.0377256587590367e-05
-5.407077717989317e-05
6.444803376637331e-05
9.992007221626409e-16
-1.3322676295501878e-15
-4.440892098500626e-16
1.2212453270876722e-15
3.3306690738754696e-16
-1.4432899320127035e-15
-5.551115123125783e-16
2.220446049250313e-15
-1.1102230246251565e-16
-1.3322676295501878e-15
-1.6653345369377348e-15
-5.551115123125783e-16
4.218847493575595e-15
6.661338147750939e-16
-3.619128024967555e-05
0.7998273972613134
0.799791205981064
2.4424906541753444e-15
-0.28357687041857693
-0.5162143355624895
0.0
