0.0
-0.03957370045131725
-0.0791474009026345
-0.11872110135395175
-0.158294801805269
-0.19786850225658625
-0.2374422027079035
-0.27701590315922076
-0.316589603610538
-0.35616330406185526
-0.316589603610538
-0.27701590315922076
-0.316589603610538
-0.35616330406185526
-0.316589603610538
-0.35616330406185526
-0.316589603610538
-0.27701590315922076
-0.316589603610538
-0.27701590315922076
-0.316589603610538
-0.27701590315922076
-0.2374422027079035
-0.27701590315922076
-0.316589603610538
-0.27701590315922076
-0.2374422027079035
-0.27701590315922076
-0.2374422027079035
-0.19786850225658625
-0.2374422027079035
-0.19786850225658625
-0.158294801805269
-0.19786850225658625
-0.158294801805269
-0.19786850225658625
-0.158294801805269
-0.11872110135395175
-0.158294801805269
-0.11872110135395175
-0.0791474009026345
-0.03957370045131725
-0.0791474009026345
-0.11872110135395175
-0.0791474009026345
-0.03957370045131725
0.0
0.03957370045131725
0.0791474009026345
0.11872110135395175
0.158294801805269
0.19786850225658625
0.2374422027079035
0.27701590315922076
0.316589603610538
0.35616330406185526
0.3957370045131725
0.43531070496448976
0.474884405415807
0.5144581058671243
0.5540318063184415
0.5936055067697588
0.633179207221076
0.6727529076723933
0.7123266081237105
0.7519003085750278
0.7804964424335301
0.7409227419822129
0.7013490415308956
0.6617753410795784
0.6222016406282607
0.5826279401769434
0.5430542397256262
0.5034805392743089
0.46390683882299166
0.4243331383716744
0.38475943792035716
0.3451857374690399
0.30561203701772266
0.2660383365664054
0.22646463611508816
0.1868909356637709
0.14731723521245366
0.1302292620706451
0.09065556161932786
0.05108186116801061
0.01150816071669336
0.0
