0.0
0.39984341266052176
0.3998434126605218
0.39984341266052176
0.39984341266052187
0.3998434126605219
0.3998434126605218
0.39984341266052176
0.3998434126605218
0.39984341266052187
0.3998434126605217
0.3998434126605218
0.3998434126605218
0.3998434126605218
0.39984341266052204
0.39984341266052187
0.3998434126605216
0.3998434126605218
0.3998434126605218
0.3998434126605218
0.3998434126605218
0.3998434126605218
0.3998434126605221
0.39984341266052204
0.3998434126605218
0.3998434126605218
0.39984341266052165
0.3998434126605212
0.39984341266052126
0.3998434126605214
0.3998434126605215
0.3998434126605215
0.39984341266052165
0.3998434126605216
0.39984341266052165
0.3998434126605216
0.39984341266052165
0.3998434126605217
0.3998434126605217
0.3998434126605217
0.39984341266052187
0.39984341266052226
0.39984341266052226
0.3998434126605218
0.39984341266052187
0.0
-0.39984341266052237
-0.3998434126605223
0.0
0.0
-0.3998956029905333
-0.39989560299053273
-0.3998956029905332
-0.39989560299053306
-0.3998956029905322
-0.39989560299053317
-0.3998956029905331
-0.3998956029905332
-0.39989560299053306
-0.39989560299053273
-0.3998956029905334
-0.3998956029905336
-0.3998956029905333
-0.3998956029905323
-0.3998956029905324
-0.3999007916188262
-0.39992782700741614
-0.39989560299053295
-0.39989560299053245
-0.3998956029905331
-0.39989560299053334
-0.39989560299053273
-0.39989560299053256
-0.3998956029905333
-0.39989560299053356
-0.39989560299053245
-0.3998956029905325
-0.39989560299053317
-0.399895602990534
-0.3998956029905343
-0.3998956029905322
-0.39989560299053184
-0.3999136986306567
0.0
0.399895602990532
0.3998956029905332
0.25810716778124476
0.0
