-1.0
-0.8
-0.6001565873394782
-0.4007826915014421
-0.20219050676499845
-0.004691003348637673
0.1914065595297579
0.3857951179136955
0.5781702839313516
0.7682308224284425
0.9556791226643377
1.1457396611614286
1.3381148271790848
1.5281753656761756
1.715623665912071
1.905684204409162
2.093132504645057
2.283193043142148
2.475568209159804
2.665628747656895
2.858003913674551
3.048064452171642
3.2404396181892983
3.434828176573236
3.6272033425908923
3.817263881087983
4.009639047105639
4.204027605489577
4.3964027715072325
4.59079132989117
4.786888892769565
4.9812774511535025
5.177375014031898
5.374874517448259
5.570972080326654
5.768471583743015
5.96456914662141
6.162068650037771
6.360660834774214
6.558160338190575
6.756752522927019
6.956126418765055
7.155969831425577
7.355343727263613
7.553935912000057
7.753309807838093
7.553466395177571
7.353466395177571
7.1536229825170485
7.352996878355085
7.154925183964203
6.958100963310002
6.762832418203054
6.569425314462976
6.378182503127881
6.189403446227979
6.003383747865962
5.820414691338401
5.64078278302298
5.464769303745785
5.292649868331139
5.124693994023682
4.9611646784584895
4.802317987840072
4.6484026559751195
4.499659694786846
4.35621429248631
4.211354350497194
4.061152901140168
3.9058451408686365
3.745674261972412
3.5808910717693783
3.4117535998729807
3.238526694150522
3.061481606004934
2.8808955656294204
2.697051347900075
2.5102368295862236
2.3207445385718533
2.1288711957939785
1.934917250615225
1.7391864103581618
1.5419851647380831
1.3436981365767107
1.5424666523875166
1.741951607494574
1.9418406337140235
2.000000000000001
