3.5
3.5
3.4920873255977267
3.4762743670395087
3.4525858854164446
3.421058973891671
3.3817429996171637
3.33469952643103
3.2800022184563296
3.217736724752386
3.1480005451992037
3.08573505149526
3.0310377435205598
2.9687722498166162
2.899036070263434
2.8367705765594904
2.767034397006308
2.7047689033023645
2.650071595327664
2.5878061016237206
2.53310879364902
2.4708432999450767
2.4161459919703763
2.3691025187842425
2.314405210809542
2.2521397171055986
2.197442409130898
2.1503989359447644
2.095701627970064
2.04865815478393
2.009342180509423
1.9622987073232891
1.922982733048782
1.8914558215240085
1.8521398472495014
1.8206129357247278
1.7812969614502208
1.7497700499254472
1.7260815683023831
1.6945546567776095
1.6708661751545455
1.6550532165963274
1.6471405421940544
1.6313275836358363
1.6076391020127723
1.5918261434545542
1.5997388178568273
1.5997388178568273
1.5918261434545542
1.6076391020127723
1.5800278018911909
1.5446017355396293
1.5014163756928693
1.4505393451569395
1.3920503109203608
1.3260408594057307
1.2526143530569809
1.1718857684868744
1.0839815164381874
0.989039243840492
0.887207618272488
0.7786460951674007
0.6635246681259563
0.5420236027279295
0.4143331542590645
0.2806532697953854
0.14130087313820017
0.0034227486216957814
-0.12861627827689692
-0.2546094511582846
-0.3743594806651278
-0.4876788534121985
-0.5943901256085975
-0.6943262009122693
-0.7873305920817177
-0.873257666015212
-0.9519728717937879
-1.0233529513709532
-1.0872861325791798
-1.1436723041509693
-1.1924231724804253
-1.2334623998798566
-1.266725724114938
-1.2927953536774837
-1.2707531864598982
-1.2565922295990877
-1.2503346573606446
-1.2499999999999964
