1.999229725570908
-0.004119728034962966
4.440892098500626e-16
0.004806850981474264
0.0
0.0
0.0
4.440892098500626e-16
-4.440892098500626e-16
0.0
2.220446049250313e-16
4.440892098500626e-16
0.0
0.0
-0.0048068509814747085
0.004119728034962078
0.0006871229465112982
-0.0006871229465112982
0.0006871229465115203
0.0
2.220446049250313e-16
0.0
-1.9999168485174195
-1.9967389343570083
-4.440892098500626e-16
-4.440892098500626e-16
-2.220446049250313e-16
6.661338147750939e-16
-0.0005895161038220742
-0.0008421347135372237
0.0014316508173590758
-1.1102230246251565e-15
0.0
2.4424906541753444e-15
-4.531727098022742e-07
1.9967393875297175
1.0860010115554037
-1.0860010115554037
0.0
