0.0
-0.03957370045131725
-0.0791474009026345
-0.11872110135395175
-0.158294801805269
-0.19786850225658625
-0.2374422027079035
-0.27701590315922076
-0.316589603610538
-0.35616330406185526
-0.3957370045131725
-0.43531070496448976
-0.474884405415807
-0.4564569644144272
-0.43802952341304735
-0.4196020824116675
-0.38002838196035027
-0.340454681509033
-0.30088098105771577
-0.30088098105771577
-0.30088098105771577
-0.30088098105771577
-0.340454681509033
-0.38002838196035027
-0.4196020824116675
-0.38002838196035027
-0.340454681509033
-0.30088098105771577
-0.2613072806063985
-0.22173358015508127
-0.18215987970376402
-0.1637324387023842
-0.14530499770100436
-0.12687755669962453
-0.08730385624830728
-0.047730155796990026
-0.008156455345672775
0.010270985655707054
0.028698426657086884
0.047125867658466714
0.08669956810978396
0.12627326856110122
0.16584696901241847
0.16584696901241847
0.16584696901241847
0.16584696901241847
0.16584696901241847
0.16584696901241847
0.16584696901241847
0.20542066946373572
0.24499436991505297
0.2845680703663702
0.32414177081768747
0.3637154712690047
0.40328917172032197
0.4428628721716392
0.48243657262295647
0.5220102730742737
0.561583973525591
0.6011576739769082
0.6407313744282255
0.6803050748795432
0.7198787753308604
0.7594524757821777
0.7990261762334949
0.8385998766848122
0.8079807922814792
0.768407091830162
0.7288333913788447
0.6892596909275275
0.6496859904762102
0.610112290024893
0.5705385895735757
0.5309648891222585
0.4913911886709412
0.451817488219624
0.4122437877683067
0.3726700873169895
0.3330963868656722
0.29352268641435497
0.2539489859630377
0.21437528551172047
0.17480158506040322
0.13522788460908597
0.13174359273878355
0.0921698922874663
0.05259619183614905
0.013022491384831802
0.0
