0.0
0.999614862785454
0.9975549987679725
0.9975549987679727
0.9999584242587098
0.9999584242587098
0.9999584242587098
0.9999584242587098
0.9999584242587101
0.9999584242587098
0.9999584242587098
0.99995842425871
0.9999584242587102
0.9999584242587102
0.9999584242587102
0.9975549987679728
0.9996148627854539
0.9999584242587095
0.9996148627854539
0.9999584242587096
0.9999584242587096
0.9999584242587097
0.9999584242587097
0.0
-0.9983694671785042
-0.9983694671785044
-0.9983694671785046
-0.9983694671785047
-0.9983694671785044
-0.9986642252304154
-0.999085292587184
-0.9983694671785045
-0.998369467178505
-0.998369467178505
-0.9983694671785038
-0.9983696937648587
0.0
0.5430005057777019
0.0
