-4.0
-3.8
-3.600156587339478
-3.400782691501442
-3.2021905067649983
-3.0046910033486376
-2.808593440470242
-2.6142048820863044
-2.421829716068648
-2.2317691775715573
-2.0443208773356623
-1.8597783356671993
-1.6784305228223726
-1.5005614065165176
-1.321037447703944
-1.1399196057147745
-0.9572693810996541
-0.7715385595491702
-0.5830179720153796
-0.3920028178706703
-0.200987663725961
-0.009972509581251676
0.18104264456345764
0.3695632320972482
0.5552940536477321
0.7379442782628525
0.9236750998133364
1.112195687347127
1.3032108414918364
1.4964214566995893
1.6915249896084423
1.8882159327869856
2.0855410853357017
2.2834334433338026
2.4818258102596666
2.681064097924476
2.880836324394355
3.080829671654857
3.280819122432963
3.4807367681161856
3.6805147244742464
3.8797635136994875
4.078171137413919
4.275426914398243
4.472682691382567
4.669938468366891
4.867194245351215
5.0644500223355395
5.261705799319864
5.458961576304188
5.654756628985259
5.848784367099254
6.04074096777321
6.230325851273178
6.417242151674034
6.2348879829363275
6.055925058569188
5.8806336118545355
5.709288127005113
5.542156909356962
5.3795016652372345
5.221577092165221
5.0686304800282755
4.9209013238571675
4.778620948807176
4.642012147932194
4.506641047798472
4.365624828742301
4.219108656052618
4.067321955506144
3.910502405858947
3.748895566671599
3.5827544937940003
3.4123393431119498
3.237916963175968
3.0597604773502516
2.8781488561360624
2.6933664803392445
2.50570269576588
2.3154513601433973
2.1229103829765696
1.9283812590589502
1.7321685963701876
1.5345796390985083
1.3361104808892517
1.53484538967533
1.7343086716901759
1.9341879926872458
1.9999999999999991
