3.0
3.0
2.9803788663968724
2.911505253526366
2.794052745661771
2.682877375485541
2.565424867620946
2.4542494974447155
2.3367969895801206
2.2256216194038903
2.1081691115392953
1.9969937413630647
1.8795412334984698
1.7683658633222392
1.6509133554576443
1.5397379852814137
1.4772564265482122
1.4342903269062186
1.3849038591138894
1.3550806186663047
1.3188235466394942
1.2890003061919095
1.2656158570168676
1.248674088017605
1.1915667578576277
1.0856956669420346
0.9320962350617243
0.7322706654174412
0.4881732530650684
0.2021912719003518
-0.11973759618385116
-0.4223627272618349
-0.684219953497198
-0.9027483099268978
-1.0758105881481188
-1.2017142382269892
-1.2792302183979691
-1.2501899397104892
-1.2499999999999982
