1.9951099975359448
0.0
0.004806850981475375
2.220446049250313e-16
-2.220446049250313e-16
2.220446049250313e-16
-2.220446049250313e-16
0.0
2.220446049250313e-16
0.0
0.0
-2.220446049250313e-16
2.220446049250313e-16
-0.0048068509814751526
2.220446049250313e-16
0.004806850981475597
-0.004806850981475597
0.0026191572829803444
0.0015005707519826217
-0.004119728034963854
8.881784197001252e-16
-1.9951099975359454
-1.9967389343570088
1.5543122344752192e-15
-0.0007459729236800605
0.0006698682682204637
7.610465545759837e-05
0.0
6.661338147750939e-16
-1.5543122344752192e-15
-6.331331265041484e-06
1.9967452656882752
1.0525720373514103
-1.0525720373514103
0.0
