0.5126904677731248
-0.5126904677731248
-0.07324149539616016
0.07324149539616016
-0.07324149539616016
0.07324149539616016
-0.07324149539616016
-0.07324149539616016
-0.07324149539616016
0.07324149539616016
-0.07324149539616016
0.07324149539616016
-0.07324149539616016
0.5126904677731248
0.5126904677731248
0.07324149539616016
0.5126904677731248
0.36620747698080364
0.21972448618848195
0.5126904677731248
0.5126904677731248
0.5126904677731248
-0.5126904677731248
-0.5126904677731248
-0.5126904677731248
0.42999257684706393
0.5126904677731248
0.5126904677731248
0.5126904677731248
0.5126904677731248
0.5126904677731248
0.49037105132288455
0.5126904677731267
-0.03050111115903438
0.0
