0.0
-0.03957370045131725
-0.0791474009026345
-0.11872110135395175
-0.0791474009026345
-0.03957370045131725
0.0
-0.03957370045131725
-0.0791474009026345
-0.11872110135395175
-0.11872110135395175
-0.11872110135395175
-0.11872110135395175
-0.158294801805269
-0.19786850225658625
-0.2374422027079035
-0.2374422027079035
-0.2374422027079035
-0.2374422027079035
-0.25586964370928333
-0.27429708471066316
-0.292724525712043
-0.27429708471066316
-0.25586964370928333
-0.2374422027079035
-0.27701590315922076
-0.316589603610538
-0.35616330406185526
-0.316589603610538
-0.27701590315922076
-0.2374422027079035
-0.19786850225658625
-0.158294801805269
-0.11872110135395175
-0.0791474009026345
-0.03957370045131725
0.0
0.0
0.0
0.0
0.03957370045131725
0.0791474009026345
0.11872110135395175
0.13714854235533158
0.1555759833567114
0.17400342435809124
0.134429723906774
0.09485602345545674
0.05528232300413949
0.05528232300413949
0.05528232300413949
0.05528232300413949
0.09485602345545674
0.134429723906774
0.17400342435809124
0.2135771248094085
0.25315082526072574
0.292724525712043
0.33229822616336024
0.3718719266146775
0.41144562706599475
0.451019327517312
0.49059302796862925
0.5301667284199465
0.5697404288712642
0.6093141293225814
0.6488878297738987
0.688461530225216
0.7280352306765332
0.7311074925321535
0.6915337920808362
0.651960091629519
0.6123863911782017
0.5728126907268845
0.5332389902755672
0.49366528982424995
0.4540915893729327
0.41451788892161545
0.3749441884702982
0.33537048801898095
0.2957967875676637
0.25622308711634645
0.2166493866650292
0.17707568621371195
0.1375019857623947
0.13987684205543172
0.10030314160411447
0.060729441152797214
0.021155740701479964
0.0
