0.0
0.3998434126605223
0.39984341266052226
0.3998434126605218
0.39984341266052187
0.3998434126605218
0.3998434126605219
0.39984341266052187
0.3998434126605218
0.3998434126605218
0.39999999999999986
0.39999999999999986
0.39999999999999986
0.3998434126605217
0.3998434126605216
0.3998434126605217
0.4
0.4
0.4
0.3999660439027047
0.3999660439027047
0.3999660439027046
0.3999660439027047
0.39996604390270474
0.3999660439027048
0.39984341266052187
0.39984341266052176
0.39984341266052176
0.3998434126605218
0.3998434126605218
0.3998434126605219
0.399843412660522
0.39984341266052187
0.3998434126605217
0.39984341266052165
0.39984341266052165
0.3998434126605219
0.40000000000000036
0.40000000000000036
0.40000000000000036
0.39984341266052187
0.3998434126605218
0.3998434126605218
0.3999660439027044
0.3999660439027045
0.39996604390270507
0.39984341266052237
0.39984341266052204
0.3998434126605218
0.3999999999999999
0.3999999999999999
0.3999999999999999
0.39984341266052187
0.39984341266052204
0.3998434126605219
0.39984341266052215
0.3998434126605219
0.0
-0.39989560299053295
-0.39989560299053295
-0.3998956029905333
-0.39989560299053306
-0.39989560299053334
-0.3998956029905337
-0.39989560299053306
-0.39989560299053306
-0.39989560299053245
-0.3998956029905326
-0.3999314940486602
-0.39993753624794476
-0.39989560299053295
-0.3998956029905334
-0.3998956029905332
-0.3998956029905332
-0.39989560299053256
-0.39989560299053284
-0.39989560299053317
-0.3998956029905326
-0.3998956029905326
-0.39989560299053367
-0.39989560299053345
-0.3998956029905324
-0.39989560299053284
-0.39989560299053395
-0.3999369511209599
0.0
0.39989560299053273
0.3998956029905342
0.306858009029103
0.0
