-5.0
-4.8
-4.600156587339478
-4.400782691501441
-4.202190506764998
-4.002816610926962
-3.80297319826644
-3.6029731982664397
-3.403129785605918
-3.2037558897678817
-3.005163705031438
-2.8065715202949946
-2.607979335558551
-2.4093871508221074
-2.2118876474057467
-2.0157900845273513
-1.8214015261434138
-1.6270129677594762
-1.4326244093755387
-1.2382358509916012
-1.0447471377573716
-0.8522239708885713
-0.6607317237390581
-0.4682085568702577
-0.2747198436360281
-0.08033128525209052
0.11204388076556562
0.3021044192626565
0.4895527194985517
0.6796132579956427
0.8719884240132988
1.0663769823972364
1.262474545275632
1.4599740486919928
1.6585662334284363
1.8579401292664723
2.057783541926994
2.2577835419269943
2.4577835419269944
2.6577835419269946
2.857783541926995
3.0576269545875165
3.2570008504255528
3.4555930351619963
3.653715009427548
3.8512994987318634
4.048279411093514
4.246474995835362
4.445575903764297
4.645270368065717
4.844964832367136
5.044659296668556
5.244353760969975
5.4434546688989105
5.6416502536407585
5.8386301660024085
6.034085960379787
6.227711577744623
6.037411105917231
5.849692215090237
5.664848849280486
5.4831704497967
5.304941502011038
5.1304410898910175
4.959942458989356
4.793712588576028
4.6320117735825335
4.475093217012985
4.3232026334602605
4.175431226839701
4.023941037385383
3.8674041235958403
3.706065602459681
3.5401781096747045
3.37000140405239
3.1958019607684838
3.017852554096608
2.8364318302782894
2.651823871198216
2.464317749547977
2.274207076174821
2.081789540324251
1.887366443496342
1.6912422276457484
1.4937239984641426
1.2953847680178452
1.493931383358662
1.6932704380822123
1.8930897924661636
1.9999999999999991
