2.0
2.0
1.992087325597727
1.9762743670395089
1.9525858854164448
1.9367729268582268
1.9288602524559537
1.9288602524559537
1.9209475780536807
1.9051346194954626
1.8814461378723986
1.8577576562493345
1.8340691746262705
1.8103806930032065
1.7788537814784329
1.7395378072039258
1.6924943340177918
1.6454508608316578
1.5984073876455238
1.5513639144593898
1.5007465473709876
1.446572474062734
1.3888600899356702
1.3346860166274166
1.2840686495390143
1.2370251763528803
1.1823278683781797
1.1200623746742364
1.050326195121054
0.9880607014171107
0.9333633934424101
0.8863199202562763
0.8470039459817693
0.8154770344569956
0.7917885528339316
0.7759755942757134
0.7680629198734402
0.7680629198734402
0.7680629198734402
0.7680629198734402
0.7680629198734402
0.7759755942757134
0.7917885528339316
0.8154770344569956
0.8428208328968606
0.8738106632667241
0.9084360026296339
0.9352410429921667
0.9541838110547728
0.9652346448409194
0.9762854786270659
0.9873363124132125
0.9983871461993591
1.0173299142619652
1.044134954624498
1.078760293987408
1.1211517134530011
1.1712428334253695
1.1097569778523138
1.040790333451111
0.9644508932553567
0.8808581951634261
0.7901431347572587
0.6924477603364507
0.5879250504886017
0.47673867454421237
0.35906273629123575
0.23508150135058914
0.10498910863951738
-0.029778318016225658
-0.16033674368218254
-0.2847994876440778
-0.4029716570025008
-0.5146682091014496
-0.6197142412817032
-0.7179452647562434
-0.809207462178869
-0.8933579285026867
-0.9702648947513213
-1.0398079343524516
-1.1018781517105727
-1.1563783527237157
-1.2032231969771048
-1.2423393313754385
-1.2736655050045584
-1.2993601828617525
-1.2754014360250694
-1.2593166209748357
-1.2511309244949964
-1.2499999999999996
