-0.7999320878054091
1.1102230246251565e-16
0.00010439700946873742
3.648481487483757e-05
-1.7763568394002505e-15
6.661338147750939e-16
6.661338147750939e-16
-1.5543122344752192e-15
1.1102230246251565e-15
8.881784197001252e-16
-3.3306690738754696e-16
7.771561172376096e-16
-1.2212453270876722e-15
-1.1102230246251565e-16
5.551115123125783e-16
-1.3322676295501878e-15
1.3322676295501878e-15
8.881784197001252e-16
-1.4432899320127035e-15
-4.440892098500626e-16
1.1102230246251565e-16
-7.122848906948587e-05
-1.303509586603191e-05
8.426358493640596e-05
-2.55351295663786e-15
2.220446049250313e-15
3.3306690738754696e-15
-2.886579864025407e-15
-2.55351295663786e-15
2.886579864025407e-15
-3.3306690738754696e-16
-2.1094237467877974e-15
3.3306690738754696e-15
1.6653345369377348e-15
-1.1102230246251565e-15
-5.10702591327572e-15
2.886579864025407e-15
1.3322676295501878e-15
-2.9976021664879227e-15
2.886579864025407e-15
-6.905373375387658e-05
0.7998602597148188
0.7997912059810655
-0.2506681965328422
-0.5491230094482232
0.0
