0.0
0.01842744100137983
0.03685488200275966
0.05528232300413949
0.09485602345545674
0.134429723906774
0.17400342435809124
0.2135771248094085
0.25315082526072574
0.292724525712043
0.33229822616336024
0.3718719266146775
0.41144562706599475
0.451019327517312
0.49059302796862925
0.5301667284199469
0.5697404288712642
0.6093141293225814
0.6488878297738987
0.688461530225216
0.7280352306765332
0.7676089311278504
0.8071826315791677
0.8104999296404731
0.7709262291891559
0.7313525287378386
0.6917788282865214
0.6522051278352041
0.6126314273838869
0.5730577269325696
0.5334840264812524
0.4939103260299351
0.45433662557861787
0.4147629251273006
0.37518922467598337
0.3356155242246661
0.29604182377334887
0.2564681233220316
0.21689442287071437
0.17732072241939711
0.13774702196807986
0.09817332151676261
0.09391163899397625
0.054337938542659
0.014764238091341753
0.0
