0.0
-0.39996604390270457
-0.3999660439027045
-0.39991384539797015
-0.39989560299053273
-0.3998956029905336
-0.3998956029905333
-0.39989560299053295
-0.3998956029905337
-0.39989560299053317
-0.39989560299053273
-0.3998956029905329
-0.3998956029905325
-0.3998956029905331
-0.39989560299053317
-0.3998956029905329
-0.39989560299053356
-0.3998956029905329
-0.39989560299053245
-0.39989560299053317
-0.3998956029905334
-0.39989560299053334
-0.3999312172350681
-0.3999377347830011
-0.3998956029905329
-0.39989560299053417
-0.39989560299053306
-0.3998956029905314
-0.39989560299053284
-0.3998956029905341
-0.3998956029905327
-0.39989560299053284
-0.3998956029905339
-0.39989560299053223
-0.3998956029905314
-0.39989560299053195
-0.3998956029905345
-0.39989560299053306
-0.3998956029905324
-0.3998956029905339
-0.39989560299053245
-0.3999301298574094
0.0
0.39989560299053273
0.2745615047241116
0.0
