9.0
8.8
8.600033956097295
8.400169768956312
8.200746056074875
8.002071880795292
7.804458341722862
7.6082148766408695
7.4136487779701845
7.221064711588243
7.030764239760851
6.843045348933857
6.658201983124106
6.47652358364032
6.298294635854658
6.123794223734638
5.953295592832976
5.787065722419649
5.625364907426154
5.468446350856605
5.31655576730388
5.169930998191685
5.0288016393449855
4.892164653894988
4.75150611304923
4.605333301885605
4.453875108520153
4.29736869730829
4.136059137475442
3.9701990193696757
3.8000480589371888
3.625872691040021
3.447945652252785
3.266545553791733
3.081956445244856
2.8944673697861933
2.704371911570817
2.5119677360192147
2.317556123710932
2.1214414986173136
1.9239309514121246
1.7253337586064221
1.526080916725359
1.7255187052698648
1.925386296771154
1.9999999999999991
