2.0
2.0
1.9963147203767448
1.988945412507369
1.9739466540967252
1.9510697642238404
1.9203505652019217
1.8818371594074272
1.8355898539578321
1.78168106627832
1.7201952107052645
1.6512285663040622
1.5748891261083076
1.4912964280163772
1.4005813676102095
1.3028859931894021
1.1983632833415525
1.0871769073971629
0.9695009691441869
0.8455197342035397
0.7154273414924688
0.5794274992275816
0.4377331659435777
0.29168874005832635
0.14952701911903477
0.013041527986087154
-0.11755401434117774
-0.2420551117775518
-0.3602668113669387
-0.4720040085539994
-0.5770917370344519
-0.6753654427301492
-0.766671241459937
-0.8508661599027945
-0.9278183594759559
-0.9974073427774401
-1.059524142269726
-1.1140714909091196
-1.1609639744536286
-1.2001281652108577
-1.2315027370164704
-1.2550385612632047
-1.2722696283925705
-1.2574592092980383
-1.250550817245431
-1.25
