0.7996868253210437
-1.1102230246251565e-16
0.0
-2.220446049250313e-16
2.220446049250313e-16
2.220446049250313e-16
0.0
0.0
0.0
0.0
-2.220446049250313e-16
0.0
1.1102230246251565e-16
-1.1102230246251565e-16
0.0
0.0
0.0
-0.7996868253210436
-0.7996868253210437
0.0
1.1102230246251565e-16
0.7996868253210436
0.7996868253210435
1.1102230246251565e-16
0.0
0.0
-1.1102230246251565e-16
1.1102230246251565e-16
-2.220446049250313e-16
-2.220446049250313e-16
0.0
5.551115123125783e-16
-1.1102230246251565e-16
0.0
0.0
1.1102230246251565e-16
-1.1102230246251565e-16
2.220446049250313e-16
-1.1102230246251565e-16
1.1102230246251565e-16
-1.1102230246251565e-16
-1.1102230246251565e-16
8.881784197001252e-16
2.220446049250313e-16
-1.1102230246251565e-16
1.1102230246251565e-16
-1.1102230246251565e-16
1.1102230246251565e-16
-1.1102230246251565e-16
-1.1102230246251565e-16
-8.881784197001252e-16
1.1102230246251565e-16
-1.1102230246251565e-16
1.1102230246251565e-16
7.771561172376096e-16
0.0
0.0
0.0
-0.7996868253210445
-0.7997912059810666
1.1102230246251565e-15
-8.881784197001252e-16
2.220446049250313e-16
0.0
-1.7763568394002505e-15
3.219646771412954e-15
-2.220446049250313e-16
-1.2212453270876722e-15
8.881784197001252e-16
0.0
-1.9984014443252818e-15
-7.771561172376096e-16
3.4416913763379853e-15
-2.0677959565729154e-06
-3.0772510537402376e-05
3.284030649242098e-05
8.881784197001252e-16
0.0
-7.771561172376096e-16
-7.771561172376096e-16
3.3306690738754696e-16
1.5543122344752192e-15
-2.4424906541753444e-15
1.5543122344752192e-15
1.6653345369377348e-15
-3.1086244689504383e-15
6.661338147750939e-16
2.3314683517128287e-15
-2.7755575615628914e-15
-7.505813003905182e-06
0.7997987117940709
0.7997912059810663
4.440892098500626e-16
-0.35411732856059386
-0.44567387742047293
0.0
