0.5126904677731248
-0.5126904677731248
-0.5126904677731248
-0.5126904677731248
-0.5126904677731248
-0.5126904677731248
0.5126904677731248
-0.5126904677731248
-0.5126904677731248
-0.5126904677731248
-0.5126904677731248
0.5126904677731248
0.5126904677731248
-0.5126904677731248
0.5126904677731248
-0.5126904677731248
0.5126904677731248
0.5126904677731248
-0.5126904677731248
-0.5126904677731248
-0.5126904677731248
-0.5126904677731248
-0.5126904677731248
0.5126904677731248
-0.5126904677731248
0.5126904677731248
-0.5126904677731248
-0.5126904677731248
0.5126904677731248
-0.5126904677731248
-0.5126904677731248
0.5126904677731248
0.5126904677731248
-0.5126904677731248
-0.5126904677731248
0.5126904677731248
0.5126904677731248
0.5126904677731248
-0.5126904677731248
0.5126904677731248
0.5126904677731248
0.5126904677731248
-0.5126904677731248
-0.5126904677731248
0.5126904677731248
-0.5126904677731248
0.5126904677731248
-0.5126904677731248
0.5126904677731248
0.5126904677731248
0.5126904677731248
-0.5126904677731248
0.5126904677731248
-0.5126904677731248
-0.5126904677731248
0.5126904677731248
-0.5126904677731248
0.5126904677731248
0.5126904677731248
-0.5126904677731248
-0.5126904677731248
-0.5126904677731248
-0.5126904677731248
-0.5126904677731248
-0.5126904677731248
-0.5126904677731248
-0.5126904677731248
-0.5126904677731248
-0.5126904677731248
-0.5126904677731248
-0.5126904677731248
-0.5126904677731248
-0.5126904677731248
-0.5126904677731248
-0.46060483817264763
0.5126904677731248
0.5126904677731248
0.5126904677731248
0.5126904677731295
0.5126904677731248
0.5126904677731248
0.5126904677731248
0.5126904677731248
0.5126904677731248
0.5126904677731248
0.5126904677731248
0.5126904677731248
0.5126904677731248
0.5126904677731248
0.5126904677731248
0.40760018976247103
0.5126904677731248
-0.5126904677731248
-0.5126904677731248
-0.06433237821688806
0.0
