0.0
-0.03957370045131725
-0.0791474009026345
-0.11872110135395175
-0.158294801805269
-0.19786850225658625
-0.2374422027079035
-0.19786850225658625
-0.2374422027079035
-0.27701590315922076
-0.316589603610538
-0.35616330406185526
-0.316589603610538
-0.27701590315922076
-0.316589603610538
-0.27701590315922076
-0.316589603610538
-0.27701590315922076
-0.2374422027079035
-0.19786850225658625
-0.158294801805269
-0.11872110135395175
-0.0791474009026345
-0.03957370045131725
0.0
-0.03957370045131725
0.0
-0.03957370045131725
-0.0791474009026345
-0.03957370045131725
-0.0791474009026345
-0.11872110135395175
-0.0791474009026345
-0.03957370045131725
-0.0791474009026345
-0.11872110135395175
-0.0791474009026345
-0.03957370045131725
0.0
-0.03957370045131725
0.0
0.03957370045131725
0.0791474009026345
0.03957370045131725
0.0
0.03957370045131725
0.0
0.03957370045131725
0.0
0.03957370045131725
0.0791474009026345
0.11872110135395175
0.0791474009026345
0.11872110135395175
0.0791474009026345
0.03957370045131725
0.0791474009026345
0.03957370045131725
0.0791474009026345
0.11872110135395175
0.158294801805269
0.19786850225658625
0.2374422027079035
0.27701590315922076
0.316589603610538
0.35616330406185526
0.3957370045131725
0.43531070496448976
0.474884405415807
0.5144581058671243
0.5540318063184415
0.5936055067697588
0.633179207221076
0.6727529076723933
0.7123266081237105
0.7472114719106973
0.70763777145938
0.6680640710080628
0.6284903705567455
0.5889166701054278
0.5493429696541106
0.5097692692027933
0.47019556875147606
0.4306218683001588
0.39104816784884155
0.3514744673975243
0.31190076694620705
0.2723270664948898
0.23275336604357255
0.1931796655922553
0.15360596514093805
0.12325015613619072
0.08367645568487347
0.04410275523355622
0.004529054782238973
0.0
