-3.0
-2.8
-2.600156587339478
-2.400782691501442
-2.2021905067649983
-2.0046910033486376
-1.808593440470242
-1.6142048820863044
-1.4181073192079088
-1.2237187608239712
-1.031343594806315
-0.8412830563092241
-0.6538347560733289
-0.46377421757623793
-0.2713990515585818
-0.08133851306149087
0.11103665295616527
0.3010971914532562
0.49347235747091234
0.2990837990869748
0.10298623620857922
-0.09451326720778155
-0.2931054519442252
-0.0937315561061891
0.10611185655433272
0.3061118565543327
0.5059552692148546
0.7059552692148545
0.9057986818753764
1.1051725777134125
1.3050159903739342
1.5043898862119702
1.7029820709484138
1.90235596678645
2.1021993794469718
2.301573275285008
2.5001654600214516
2.699539355859488
2.8993827685200095
3.0993827685200097
3.2992261811805315
3.4992261811805316
3.6990695938410534
3.8984434896790896
4.098286902339612
4.298286902339612
4.498130315000134
4.698130315000134
4.8979737276606565
5.097973727660657
5.297817140321179
5.497191036159215
5.695783220895659
5.895157116733695
6.0937493014701385
6.293123197308175
6.492966609968697
6.692340505806733
6.892183918467255
7.0915578143052915
6.89348611991441
6.696661899260209
6.501393354153261
6.307986250413183
6.116743439078088
5.927964382178185
5.741944683816168
5.558975627288608
5.379343718973187
5.203330239695992
5.031210804281346
4.863254929973889
4.699725614408696
4.540878923790279
4.386963591925326
4.238201705536036
4.088833578569015
3.9343212211671723
3.774906580120128
3.610839278573036
3.442376225148343
3.2697812116594096
3.0933245000459313
2.9132823991779544
2.729936832191166
2.543574895030967
2.354488406896552
2.1629734532890046
1.9693299223788827
1.7738610354193103
1.576872871939882
1.378686597434947
1.5776041058361656
1.7771830327301217
1.9771108627850307
2.000000000000001
