2.0
2.0
1.992087325597727
1.9762743670395089
1.9525858854164448
1.9210589738916712
1.8817429996171642
1.8346995264310302
1.7953835521565231
1.7483400789703891
1.6936427709956885
1.6313772772917452
1.5616410977385629
1.4993756040346193
1.4446782960599187
1.3824128023559754
1.3277154943812748
1.2654500006773315
1.2107526927026309
1.2577961658887649
1.297112140163272
1.3286390516880455
1.3523275333111096
1.3365145747528915
1.3286019003506184
1.3286019003506184
1.3206892259483454
1.3206892259483454
1.3127765515460723
1.2969635929878542
1.2890509185855812
1.2732379600273631
1.249549478404299
1.233736519846081
1.225823845443808
1.2100108868855899
1.1863224052625259
1.1705094467043078
1.1625967723020347
1.1625967723020347
1.1546840978997617
1.1546840978997617
1.1625967723020347
1.1784097308602528
1.1863224052625259
1.1863224052625259
1.194235079664799
1.194235079664799
1.202147754067072
1.202147754067072
1.210060428469345
1.225873387027563
1.2495618686506271
1.2653748272088452
1.2890633088319092
1.3048762673901273
1.3127889417924004
1.3286019003506184
1.3365145747528915
1.3523275333111096
1.3247162331895281
1.2892901668379666
1.2461048069912066
1.195227776455277
1.136738742218698
1.070729290704068
0.9973027843553182
0.9165741997852117
0.8286699477365246
0.7337276751388293
0.6318960495708252
0.523334526465738
0.4082130994242936
0.28671203402626677
0.15902158555740176
0.025362033997309963
-0.10761895208582417
-0.2345863157010617
-0.35534124203171125
-0.46969464415134365
-0.5774674591099764
-0.6784909283239855
-0.7726068618306792
-0.8596678859937559
-0.9395376742717543
-1.012091160688165
-1.0772147356689084
-1.1348064239405493
-1.1847760442106632
-1.2270453503803214
-1.2615481540675766
-1.2883370294387595
-1.2676826142998692
-1.2549142176450048
-1.2500518331667843
-1.2500000000000002
