0.7996868253210446
-1.1102230246251565e-16
-8.881784197001252e-16
1.1102230246251565e-16
7.771561172376096e-16
2.220446049250313e-16
-1.1102230246251565e-16
-1.1102230246251565e-16
-8.881784197001252e-16
1.1102230246251565e-16
7.771561172376096e-16
2.220446049250313e-16
0.00031317467895597417
0.0
0.0
-0.0003131746789569734
-1.1102230246251565e-16
0.0
0.00024526248436518294
2.220446049250313e-16
2.220446049250313e-16
1.1102230246251565e-16
-4.440892098500626e-16
-1.1102230246251565e-16
-0.000245262484365405
2.220446049250313e-16
2.220446049250313e-16
0.0
-1.1102230246251565e-16
-3.3306690738754696e-16
2.220446049250313e-16
1.1102230246251565e-16
1.1102230246251565e-16
0.00024526248436562703
0.0
-1.1102230246251565e-16
2.220446049250313e-16
-1.1102230246251565e-16
-2.220446049250313e-16
-0.000245262484365516
0.0
-3.3306690738754696e-16
-1.1102230246251565e-16
0.0
5.551115123125783e-16
-1.1102230246251565e-16
-1.1102230246251565e-16
0.0
1.1102230246251565e-16
0.0
1.1102230246251565e-16
-1.1102230246251565e-16
-1.1102230246251565e-16
0.0
0.00024526248436618214
2.220446049250313e-16
3.3306690738754696e-16
-0.00024526248436573805
-5.551115123125783e-16
3.3306690738754696e-16
-8.881784197001252e-16
-2.220446049250313e-16
8.881784197001252e-16
-6.661338147750939e-16
-3.3306690738754696e-16
-0.7996868253210432
-0.7997912059810661
-4.440892098500626e-16
4.440892098500626e-16
-4.440892098500626e-16
4.440892098500626e-16
7.771561172376096e-16
-6.661338147750939e-16
1.1102230246251565e-16
-8.034064624806714e-05
4.201737953124507e-06
7.613890829460956e-05
1.2212453270876722e-15
-7.771561172376096e-16
-4.440892098500626e-16
-2.220446049250313e-16
3.3306690738754696e-16
1.7763568394002505e-15
-1.7763568394002505e-15
0.0
4.440892098500626e-16
-1.7763568394002505e-15
5.551115123125783e-16
1.6653345369377348e-15
3.3306690738754696e-16
-1.1102230246251565e-16
-2.566382728108607e-05
0.7998168698083461
0.7997912059810662
-2.220446049250313e-16
-0.3847721531577787
-0.4150190528232873
0.0
