0.0
0.3998434126605223
0.39984341266052226
0.3998434126605218
0.39984341266052187
0.39984341266052226
0.39984341266052237
0.3998434126605223
0.39984341266052226
0.3998434126605218
0.39984341266052187
0.39984341266052226
0.39984341266052237
0.40000000000000036
0.40000000000000036
0.40000000000000036
0.39984341266052187
0.3998434126605218
0.3998434126605218
0.3999660439027044
0.3999660439027045
0.3999660439027046
0.3999660439027047
0.39996604390270446
0.3999660439027044
0.3998434126605217
0.3998434126605218
0.3998434126605219
0.3998434126605219
0.39984341266052187
0.3998434126605217
0.3998434126605218
0.39984341266052187
0.3998434126605219
0.39996604390270474
0.39996604390270474
0.3999660439027047
0.3999660439027048
0.39996604390270474
0.3999660439027046
0.39984341266052187
0.39984341266052187
0.3998434126605217
0.39984341266052165
0.39984341266052165
0.3998434126605219
0.39984341266052187
0.3998434126605218
0.3998434126605218
0.39984341266052187
0.39984341266052187
0.3998434126605219
0.39984341266052187
0.3998434126605218
0.3998434126605218
0.3999660439027049
0.399966043902705
0.3999660439027052
0.3998434126605223
0.39984341266052204
0.3998434126605222
0.39984341266052176
0.39984341266052165
0.3998434126605221
0.39984341266052176
0.3998434126605216
0.0
-0.39989560299053306
-0.3998956029905333
-0.39989560299053306
-0.3998956029905333
-0.39989560299053306
-0.3998956029905327
-0.399895602990533
-0.39989560299053295
-0.399935773313657
-0.3999336724446804
-0.3998956029905331
-0.3998956029905325
-0.3998956029905329
-0.3998956029905331
-0.3998956029905332
-0.39989560299053306
-0.3998956029905322
-0.39989560299053306
-0.39989560299053306
-0.39989560299053284
-0.3998956029905337
-0.39989560299053345
-0.3998956029905326
-0.39989560299053245
-0.3998956029905325
-0.39990843490417305
0.0
0.3998956029905331
0.399895602990533
0.20750952641164366
0.0
