-7.0
-6.8
-6.600156587339478
-6.400782691501441
-6.202190506764998
-6.002816610926962
-5.802973198266439
-5.602973198266439
-5.403129785605917
-5.203755889767881
-5.005163705031437
-4.805789809193401
-4.605946396532879
-4.405946396532879
-4.2059463965328785
-4.005946396532878
-3.805946396532878
-3.6061029838723564
-3.40672908803432
-3.2081369032978766
-3.010014929032325
-2.8124304397280095
-2.6154505273663595
-2.4178660380620443
-2.2197440637964925
-2.021151879060049
-1.8236523756436882
-1.6275548127652926
-1.433166254381355
-1.2370686915029594
-1.0395691880865987
-0.8409770033501551
-0.6434774999337943
-0.44737993705539875
-0.25299137867146115
-0.05950266543723157
0.13302050143156882
0.32451274858108203
0.5170359154498825
0.710524628684112
0.9049131870680496
1.1010107499464452
1.298510253362806
1.4971024380992495
1.6964763339372855
1.8963197465978072
2.0963197465978074
2.296163159258329
2.4955370550963654
2.694129239832809
2.893503135670845
3.093346548331367
3.293346548331367
3.493189960991889
3.692563856829925
3.8911560415663686
4.090151002618234
4.289481169062934
4.489078856155211
4.688018637123098
4.885988997456414
5.082679940634957
5.27778347354381
5.470994088751563
5.662009242896272
5.850529830430062
6.036260651980546
5.855270108341323
5.6777869942447445
5.504089225777197
5.334448791653058
5.1691313273148
5.008395698981525
4.852493598297233
4.701669148213575
4.556158520724221
4.414700206499049
4.26904388851233
4.118079982049869
3.9620448774763664
3.8011829060107254
3.635745957134297
3.4659930841638404
3.2921900986068287
3.1146091539342784
2.933528319422872
2.749231144733677
2.5620062159092716
2.372146703484542
2.1799499034187413
1.9857167715676542
1.7897514524248317
1.5923608028698188
1.3939006496960555
1.5928798844450966
1.7924966177515644
1.9924382750836234
2.0
