2.0
2.0
1.9803788663968722
1.9672021890590268
1.947581055455899
1.9344043781180535
1.9147832445149258
1.9016065671770803
1.8819854335739525
1.868808756236107
1.8491876226329793
1.8360109452951339
1.816389811692006
1.8032131343541606
1.7835920007510329
1.7704153234131874
1.7507941898100596
1.7376175124722142
1.7179963788690864
1.704819701531241
1.6851985679281132
1.6720218905902677
1.65240075698714
1.6392240796492945
1.6196029460461667
1.6064262687083213
1.5868051351051935
1.573628457767348
1.6098855297941586
1.5003376505894042
1.3431595588322294
1.1398884570346095
0.8925123375738679
0.6034505401174268
0.2755300904689393
-0.0709073418817272
-0.38339737968849574
-0.6558320549264254
-0.8855469551291004
-1.0702954674404794
-1.208270750499695
-1.2981830469409723
-1.2538947654679844
-1.249999999999997
