0.7996868253210446
-1.1102230246251565e-16
-8.881784197001252e-16
-2.220446049250313e-16
-1.1102230246251565e-16
-4.440892098500626e-16
-4.440892098500626e-16
1.1102230246251565e-15
1.4432899320127035e-15
-2.220446049250313e-16
-9.992007221626409e-16
-5.551115123125783e-16
4.440892098500626e-16
0.0
-3.3306690738754696e-16
4.440892098500626e-16
1.1102230246251565e-15
-1.1102230246251565e-16
1.1102230246251565e-16
0.0
-1.2212453270876722e-15
-0.7996868253210436
-0.7996868253210428
-5.551115123125783e-16
0.0
-3.3306690738754696e-16
-8.881784197001252e-16
1.1102230246251565e-16
-1.1102230246251565e-16
-1.1102230246251565e-16
1.1102230246251565e-16
1.1102230246251565e-16
8.881784197001252e-16
0.7996868253210436
0.7996868253210433
1.1102230246251565e-16
-1.1102230246251565e-16
-4.440892098500626e-16
-4.440892098500626e-16
1.1102230246251565e-16
-1.1102230246251565e-16
-0.7996868253210424
-0.7997912059810663
-2.220446049250313e-16
4.440892098500626e-16
0.0
-2.220446049250313e-16
-4.440892098500626e-16
5.551115123125783e-16
1.7763568394002505e-15
-6.661338147750939e-16
-9.992007221626409e-16
6.661338147750939e-16
-2.220446049250313e-15
-6.661338147750939e-16
3.774758283725532e-15
6.661338147750939e-16
-7.881975568757582e-05
5.9919399076457935e-05
1.8900356608786417e-05
1.6653345369377348e-15
-1.1102230246251565e-15
-1.2212453270876722e-15
-9.992007221626409e-16
3.219646771412954e-15
3.3306690738754696e-16
-2.9976021664879227e-15
1.2212453270876722e-15
2.3314683517128287e-15
-2.3314683517128287e-15
-3.774758283725532e-15
5.329070518200751e-15
1.5543122344752192e-15
-4.107825191113079e-15
5.551115123125783e-16
-1.1102230246251565e-16
3.3306690738754696e-15
-6.372069993876295e-08
0.7997912697017633
0.799791205981067
-9.992007221626409e-16
-0.23705135883417416
-0.5627398471468918
0.0
