0.0
-0.03957370045131725
-0.0791474009026345
-0.11872110135395175
-0.158294801805269
-0.19786850225658625
-0.2374422027079035
-0.27701590315922076
-0.316589603610538
-0.35616330406185526
-0.3957370045131725
-0.43531070496448976
-0.474884405415807
-0.5144581058671243
-0.474884405415807
-0.43531070496448976
-0.3957370045131725
-0.35616330406185526
-0.3957370045131725
-0.35616330406185526
-0.316589603610538
-0.27701590315922076
-0.2374422027079035
-0.19786850225658625
-0.158294801805269
-0.11872110135395175
-0.0791474009026345
-0.03957370045131725
-0.0791474009026345
-0.03957370045131725
0.0
0.03957370045131725
0.0791474009026345
0.11872110135395175
0.158294801805269
0.19786850225658625
0.158294801805269
0.19786850225658625
0.2374422027079035
0.27701590315922076
0.2374422027079035
0.27701590315922076
0.316589603610538
0.35616330406185526
0.3957370045131725
0.43531070496448976
0.474884405415807
0.5144581058671243
0.5540318063184415
0.5936055067697588
0.633179207221076
0.6727529076723933
0.7123266081237105
0.7519003085750278
0.791474009026345
0.8310477094776623
0.8706214099289795
0.9101951103802968
0.949768810831614
0.9255042481388998
0.8859305476875825
0.8463568472362653
0.8067831467849476
0.7672094463336303
0.7276357458823131
0.6880620454309958
0.6484883449796786
0.6089146445283613
0.569340944077044
0.5297672436257268
0.49019354317440955
0.4506198427230923
0.41104614227177505
0.3714724418204578
0.33189874136914055
0.2923250409178233
0.25275134046650605
0.2131776400151888
0.17360393956387155
0.1348326717385584
0.0952589712872407
0.05568527083592345
0.0161115703846062
0.0
