0.0
0.3998434126605223
0.39984341266052226
0.3998434126605218
0.3998434126605217
0.39984341266052165
0.3998434126605214
0.3998434126605212
0.39984341266052176
0.3998434126605225
0.39984341266052237
0.39984341266052187
0.3998434126605216
0.3998434126605218
0.3998434126605218
0.39984341266052165
0.39984341266052187
0.3998434126605224
0.39984341266052237
0.3998434126605224
0.3998434126605224
0.3998434126605218
0.0
-0.3998434126605214
-0.3998434126605217
-0.3998434126605217
-0.39984341266052187
-0.3998434126605223
-0.39984341266052226
-0.3998434126605223
-0.39984341266052237
-0.3998434126605223
-0.39984341266052226
-0.3998434126605218
0.0
0.39984341266052165
0.3998434126605217
0.39984341266052165
0.3998434126605214
0.3998434126605212
0.39984341266052126
0.3998434126605212
0.0
-0.39989560299053317
-0.3998956029905333
-0.39989560299053306
-0.39989560299053306
-0.39989560299053317
-0.3998956029905334
-0.3998956029905331
-0.39989560299053223
-0.39989560299053256
-0.39989560299053306
-0.39989560299053273
-0.39989560299053384
-0.39989560299053417
-0.3998956029905323
-0.39989560299053195
-0.39993501286837574
-0.3999050531688375
-0.3998956029905331
-0.3998956029905323
-0.39989560299053284
-0.39989560299053345
-0.39989560299053395
-0.39989560299053234
-0.3998956029905322
-0.39989560299053367
-0.39989560299053306
-0.3998956029905319
-0.39989560299053306
-0.39989560299053495
-0.3998956029905323
-0.3998956029905315
-0.39989560299053356
-0.3998956029905333
-0.39989560299053334
-0.3998956029905317
-0.39989563485088164
0.0
0.3998956029905335
0.399895602990533
0.2813699235734459
0.0
