4.0
4.2
4.399843412660522
4.599217308498559
4.797809493235002
4.995308996651363
5.191406559529758
5.385795117913696
5.578170283931351
5.768230822428443
5.955679122664338
6.140221664332802
6.321569477177628
6.499438593483483
6.67355049273339
6.851419609039245
7.0327674218840714
7.217309963552535
7.40475826378843
7.589300805456894
7.776749105692789
7.966809644189881
8.159184810207536
7.964796251823599
7.768698688945204
7.571199185528843
7.372607000792399
7.173233104954363
6.973389692293841
6.774015796455805
6.574172383795283
6.374172383795282
6.17432897113476
5.974955075296724
5.77636289056028
5.973862393976641
6.1699599568550365
6.367459460271397
6.563557023149793
6.75794558153373
6.950320747551386
7.144709305935323
7.337084471952979
7.148305415053077
6.96228571669106
6.779316660163499
6.599684751848078
6.423671272570883
6.251551837156237
6.083595962848779
5.920066647283587
5.761219956665171
5.607304624800217
5.458561663611944
5.315223985745936
5.177516039858434
5.045653459158153
4.91984272375198
4.800280837323265
4.682944956650318
4.559528762071237
4.429983369927934
4.294511631903381
4.153325679587897
4.006646592307929
3.8547040509438193
3.697735978278628
3.5359881664411685
3.3697138920266627
3.199173519497653
3.0246340934862195
2.846368920635891
2.6646571416380525
2.4797832941329565
2.2920368671597995
2.1017118478535446
1.9091062610982856
1.7145217028580078
1.5182628679154986
1.3206371817955347
1.5193021227531363
1.718719775727645
1.9185778779218214
2.0
