3.5
3.5
3.4920873255977267
3.4762743670395087
3.4525858854164446
3.421058973891671
3.3817429996171637
3.33469952643103
3.2800022184563296
3.217736724752386
3.1480005451992037
3.0709028778249987
2.986564447815912
2.895117318475652
2.796704684431082
2.705257555090822
2.6209191250817354
2.5438214577075304
2.474085278154348
2.396987610780143
2.3272514312269608
2.2649859375230172
2.210288629548317
2.2573321027344506
2.2966480770089577
2.3281749885337315
2.3518634701567955
2.3676764287150136
2.375589103117287
2.391402061675505
2.3993147360777782
2.3993147360777782
2.391402061675505
2.375589103117287
2.351900621494223
2.3834275330189967
2.4227435072935037
2.4542704188182776
2.4935863930927846
2.5406298662789184
2.595327174253619
2.6423706474397526
2.697067955414453
2.631058503899823
2.557631997551073
2.4769034129809664
2.38899916093228
2.294056888334584
2.1922252627665797
2.0836637396614925
1.968542312620049
1.847041247222022
1.7193507987531567
1.5856709142894778
1.446210919605485
1.3011891913964893
1.1508328153283598
0.9953772304501176
0.8350658605261922
0.6731134116292905
0.51575006478862
0.3633926843053743
0.2162798425481518
0.0746418996018896
-0.06129935744686055
-0.19133106180043313
-0.31524960027250115
-0.4328609321205539
-0.543980892889123
-0.6484354827880132
-0.7460611391539378
-0.8367049925689476
-0.920225106234577
-0.996490698226908
-1.0653823462845042
-1.1267921748085499
-1.1806240237823777
-1.2267935993458905
-1.2652286057890647
-1.2958696649608106
-1.2729127216191567
-1.2578336070756273
-1.2506559333145022
-1.2499999999999991
