1.999229725570908
0.0006871229465119644
2.220446049250313e-16
2.220446049250313e-16
-0.0048068509814749305
-4.440892098500626e-16
0.0048068509814749305
2.220446049250313e-16
-2.220446049250313e-16
2.220446049250313e-16
0.0
0.0
0.0
0.0
0.0
0.0
0.0
-0.0048068509814747085
0.0
-6.661338147750939e-16
-1.9951099975359448
-1.9967389343570079
-1.1102230246251565e-15
-4.440892098500626e-16
6.661338147750939e-16
6.661338147750939e-16
-0.0001369675805922288
-0.0008080092092435098
0.0009449767898364048
1.5543122344752192e-15
-2.886579864025407e-15
-3.552713678800501e-15
2.6645352591003757e-15
-1.7851198078178143e-05
1.9967567855550878
1.4355653494558314
-1.4355653494558314
0.0
