0.0
-0.03957370045131725
-0.0791474009026345
-0.11872110135395175
-0.158294801805269
-0.19786850225658625
-0.2374422027079035
-0.27701590315922076
-0.316589603610538
-0.35616330406185526
-0.3957370045131725
-0.43531070496448976
-0.474884405415807
-0.49331184641718684
-0.5117392874185667
-0.530166728419946
-0.5485941694213254
-0.5670216104227048
-0.5854490514240842
-0.5670216104227048
-0.5485941694213254
-0.530166728419946
-0.4905930279686288
-0.45101932751731155
-0.4114456270659943
-0.37187192661467705
-0.3322982261633598
-0.29272452571204255
-0.2742970847106627
-0.2558696437092829
-0.23744220270790306
-0.1978685022565858
-0.15829480180526856
-0.11872110135395131
-0.07914740090263406
-0.03957370045131681
4.440892098500626e-16
4.440892098500626e-16
4.440892098500626e-16
4.440892098500626e-16
4.440892098500626e-16
4.440892098500626e-16
4.440892098500626e-16
0.039573700451317695
0.07914740090263495
0.1187211013539522
0.13714854235533203
0.15557598335671186
0.17400342435809169
0.21357712480940894
0.2531508252607262
0.29272452571204344
0.3322982261633607
0.37187192661467794
0.4114456270659952
0.45101932751731244
0.4905930279686297
0.5301667284199469
0.5697404288712642
0.6093141293225814
0.6488878297738987
0.688461530225216
0.7280352306765332
0.7676089311278504
0.771406421900223
0.7318327214489058
0.6922590209975885
0.6526853205462713
0.6131116200949536
0.5735379196436363
0.5339642191923191
0.4943905187410018
0.45481681828968457
0.4152431178383673
0.37566941738705006
0.3360957169357328
0.29652201648441556
0.2569483160330983
0.21737461558178106
0.1778009151304638
0.13822721467914656
0.10316597007321349
0.06359226962189624
0.024018569170578985
0.0
