0.0
0.999614862785454
0.99995842425871
0.9999584242587101
0.9999584242587102
0.9975549987679727
0.9975549987679725
0.99995842425871
0.9999584242587101
0.99995842425871
0.9999584242587101
0.9999584242587101
0.9999584242587101
0.9999584242587101
0.9999584242587101
0.9999584242587101
0.9999584242587101
0.9999584242587101
0.9975549987679727
0.9975549987679727
0.9975549987679724
0.0
-0.9983694671785039
-0.9983694671785045
-0.9983694671785047
-0.9983694671785044
-0.998369467178504
-0.9984379509688002
-0.9988419555734219
-0.9983694671785037
-0.998369467178503
-0.9983694671785044
-0.9983694671785062
-0.9983694671785048
-0.9983783927775439
0.0
0.7177826747279157
0.0
