-3.0
-2.5
-2.000385137214546
-1.5005587921962644
-1.0009439294108102
-0.5011175843925286
-0.005036890534896699
0.4824464805314178
0.9684556454617895
1.455939016528104
1.9419481814584758
2.4294315525247905
2.915440717455162
3.402924088521477
3.8889332534518486
4.376416624518163
4.862425789448535
5.34990916051485
5.835918325445221
6.331152033355097
6.830766896140551
7.329876677981385
6.840861832787892
6.364436609911176
5.9052604503788455
5.467824099293999
5.056405686325979
4.6750288855811295
4.326833348005534
3.9703377813123018
3.5809857465144432
3.162585108431051
2.7192278273645014
2.255249939708542
1.7751891514909826
1.2837534452195012
1.781402058861337
2.0
