3.5
3.5
3.4803788663968724
3.467202189059027
3.4475810554558994
3.434404378118054
3.3719228193848525
3.260747449208622
3.143294941344027
3.032119571167797
2.914667063303202
2.8034916931269716
2.6860391852623766
2.5748638150861463
2.4574113072215513
2.346235937045321
2.228783429180726
2.1176080590044957
2.0001555511399007
1.9312819382693942
1.9116608046662664
1.941484045113851
1.8382337118271583
1.6871868411204138
1.4898206721335043
1.2480654469717642
0.9642855329286713
0.6412562989620663
0.28266747991407803
-0.0676281967242438
-0.38099881299545024
-0.6543796027280833
-0.8850969004513074
-1.0708942898563898
-1.2099546715593184
-1.301011619077028
-1.254729792365149
-1.2500000000000016
