1.9992297255709084
-0.00411972803496341
0.0
0.0048068509814751526
0.0
2.220446049250313e-16
0.0
0.0
-0.002187693698493476
0.0015005707519826217
-0.00411972803496341
-1.3322676295501878e-15
2.220446049250313e-16
-1.995109997535945
-1.9967389343570083
8.881784197001252e-16
-2.886579864025407e-15
4.440892098500626e-16
-0.001270932746027631
0.00010050784253734513
0.0011704249034918401
-1.3322676295501878e-15
-4.440892098500626e-16
4.884981308350689e-15
-1.7763568394002505e-15
-0.0007462536578850543
1.997485188014892
1.448769274202959
-1.448769274202959
0.0
