0.0
-0.03925234608338046
-0.1381865972116736
-0.23712084833996672
-0.2242249082837371
-0.23712084833996672
-0.2242249082837371
-0.23712084833996672
-0.2242249082837371
-0.15682008415057025
-0.11756773806718979
-0.01863348693889666
0.08030076418939647
0.1792350153176896
0.2781692664459827
0.37710351757427585
0.476037768702569
0.5749720198308621
0.6739062709591552
0.7728405220874484
0.7687691726301207
0.6698349215018276
0.570900670373534
0.47196641924524085
0.3730321681169477
0.2740979169886546
0.17516366586036147
0.14350897824589248
0.044574727117599355
0.0
