0.0
0.9996148627854542
0.9975549987679725
0.9975549987679725
0.9999584242587101
0.9999584242587101
0.9999584242587102
0.9999584242587102
0.9999584242587102
0.9988645774094634
0.9996148627854547
0.997554998767973
0.9975549987679724
0.9975549987679725
0.0
-0.9983694671785042
-0.9983694671785037
-0.9983694671785052
-0.9983694671785049
-0.9990049335515188
-0.9989546796302501
-0.9983694671785042
-0.9983694671785048
-0.998369467178505
-0.9983694671785026
-0.9983694671785035
-0.998742594007446
0.0
0.7243846371014795
0.0
