0.0
0.5
0.9996148627854542
1.4948485706953294
1.980857735625701
2.468341106692016
2.9543502716223875
3.441833642688702
3.927842807619074
4.415326178685389
4.909190633516352
5.405739068684122
5.90565226948673
6.404041082356699
6.896031262248046
6.422821502342783
5.967812122718279
5.535453117349597
5.129972959439954
4.755337246931959
4.405408178255007
4.02942867606972
3.6227622257036853
3.189386027045577
2.7335385014539995
2.259677839975705
1.772438402215185
1.277212425520796
1.7748000964877697
1.9999999999999973
