2.5
2.5
2.4803788663968724
2.411505253526366
2.294052745661771
2.182877375485541
2.065424867620946
1.9542494974447153
1.8367969895801204
1.7256216194038898
1.6475325660448206
1.588884023586894
1.5795678192475888
1.619675065551255
1.7088135134313895
1.5479761008874393
1.3411848665539874
1.0904622297219042
0.7982602590149963
0.46743669114678044
0.11036785393628357
-0.21892770339775236
-0.5094764054945231
-0.7584366846156665
-0.9633737080044749
-1.1222831905622521
-1.233610996766462
-1.3019524464074608
-1.2550199433302605
-1.2499999999999996
