1.999229725570908
0.0006871229465128526
-2.220446049250313e-16
2.220446049250313e-16
-0.004806850981475375
2.220446049250313e-16
-1.9951099975359456
-1.9967389343570092
4.440892098500626e-16
4.440892098500626e-16
-6.661338147750939e-16
1.3322676295501878e-15
-0.0007075502357705155
-0.0007414693976353082
0.0014490196334051575
-1.3322676295501878e-15
-1.3322676295501878e-15
2.220446049250313e-15
1.3322676295501878e-15
-4.440892098500626e-16
-0.0002893712506679691
1.9970283056076759
1.458113282149581
-1.458113282149581
0.0
