0.0
0.03957370045131725
0.0791474009026345
0.11872110135395175
0.13714854235533158
0.1555759833567114
0.17400342435809124
0.2135771248094085
0.25315082526072574
0.292724525712043
0.33229822616336024
0.3718719266146775
0.41144562706599475
0.4298730680673746
0.4483005090687544
0.46672795007013423
0.5063016505214515
0.5458753509727687
0.585449051424086
0.6250227518754032
0.6645964523267205
0.7041701527780377
0.743743853229355
0.7833175536806722
0.8228912541319895
0.8624649545833067
0.902038655034624
0.9416123554859412
0.9811860559372585
1.0207597563885757
1.060333456839893
1.0999071572912102
1.0766254162478486
1.0370517157965313
0.9974780153452141
0.9579043148938968
0.9183306144425796
0.8787569139912623
0.8391832135399446
0.7996095130886274
0.7600358126373101
0.7204621121859929
0.6808884117346756
0.6413147112833584
0.6017410108320411
0.5621673103807239
0.5225936099294066
0.48301990947808937
0.4434462090267721
0.40387250857545487
0.3642988081241376
0.32472510767282037
0.2851514072215031
0.24557770677018587
0.20600400631886862
0.16643030586755136
0.12685660541623411
0.08728290496491686
0.1178614233569637
0.07828772290564645
0.0387140224543292
0.0
