0.0
0.3998434126605223
0.39984341266052226
0.3998434126605218
0.39996604390270485
0.39996604390270496
0.3999660439027046
0.39984341266052215
0.3998434126605218
0.399843412660522
0.39984341266052253
0.39984341266052215
0.3998434126605223
0.3999660439027056
0.3999660439027052
0.39996604390270496
0.399843412660522
0.3998434126605217
0.0
-0.39989560299053306
-0.3998956029905326
-0.39989560299053306
-0.39989560299053356
-0.3998956029905335
-0.39989560299053295
-0.3998956029905325
-0.3998956029905329
-0.3998956029905334
-0.39989560299053295
-0.3998956029905326
-0.39989560299053356
-0.3999362615398253
-0.3999061407667204
-0.3998956029905333
-0.39989560299053384
-0.3998956029905328
-0.39989560299053273
-0.39989560299053345
-0.3998956029905339
-0.3998956029905326
-0.3998956029905321
-0.3998956029905326
-0.3998956029905336
-0.3998956029905344
-0.3998956029905323
-0.3998956029905329
-0.39989560299053223
-0.3998956029905333
-0.39989560299053417
-0.3998956029905318
-0.3998956029905329
-0.39989560299053295
-0.3998956029905319
-0.3998956029905329
-0.39989560299053356
-0.39989560299053345
-0.3998956029905323
-0.3999235657570316
0.0
0.39989560299053356
0.39555423775295084
0.0
