4.0
4.2
4.399843412660522
4.599217308498559
4.797809493235002
4.995931467500554
5.19351595680487
5.39049586916652
5.585951663543899
5.779577280908734
5.971069528058248
6.16012855237732
6.346458311369727
6.529767036223205
6.711570767536976
6.891807771859147
7.070416847737169
7.245325644736307
7.416260277824827
7.2517974294816945
7.091965015665503
6.937013313700671
6.787184958334781
6.6427145618032855
6.503828346456446
6.370743790523777
6.243669287570668
6.122803820180451
6.008336648372857
5.900447013246798
5.799303856311489
5.705065554945441
5.613413306205963
5.515094216443246
5.409962152825388
5.298181738853749
5.179928008504625
5.0553861321482
4.924751126595201
4.788227549725246
4.6460291801751215
4.498378682588483
4.345507258951231
4.187654286558457
4.025066943179922
3.8579998200109515
3.686714523014855
3.511479263281119
3.332568437040784
3.150262195996704
2.9648460086414294
2.7766102132497004
2.5858495632454694
2.392862765655348
2.197952013371226
2.0014225119544626
1.8035820017226163
1.6047402758670701
1.4057228085609257
1.6047487294271985
1.8043935637423152
1.9999999999999991
