2.5
2.5
2.5079126744022733
2.5237256329604913
2.5474141145835554
2.5747579130234204
2.605747743393284
2.6403730827561938
2.682764502221787
2.732855622194155
2.790568006321219
2.8558112843161245
2.928483293465671
3.0084702386041857
3.09182132306258
3.178508244065519
3.268501566117764
3.3654908064092224
3.469324092068942
3.355540299162648
3.2353388869123405
3.1089080755114775
2.976445839603912
2.8381595982806656
2.6942658902878898
2.544990034954608
2.39056577937117
2.231234932370901
2.0672469858880893
1.8988587242851955
1.7263338222610582
1.5499424319696926
1.3721888970365228
1.1980391436588351
1.0279155732380096
0.8620845777467929
0.7008058275290563
0.5443318646889086
0.3929077076417369
0.24677046744638975
0.10614897651927535
-0.028736569688229796
-0.15767495748797744
-0.28046428568894743
-0.396912281748945
-0.5068366028490652
-0.6100651214194581
-0.7064361946693101
-0.7957989176989946
-0.8780133597980333
-0.9529507835588769
-1.020493846463383
-1.0805367846263492
-1.1329855784083618
-1.1777580996386474
-1.214784240217397
-1.2440060218961637
-1.2653776870644702
-1.2850617750730517
-1.2654795679295523
-1.2537868289617782
-1.2500000000000018
