0.7996868253210446
-1.1102230246251565e-16
-8.881784197001252e-16
-2.220446049250313e-16
-2.220446049250313e-16
1.1102230246251565e-16
-1.1102230246251565e-16
1.1102230246251565e-16
1.1102230246251565e-16
3.3306690738754696e-16
1.6653345369377348e-15
1.1102230246251565e-16
-9.992007221626409e-16
-0.7996868253210445
-0.7996868253210428
-1.1102230246251565e-16
1.1102230246251565e-16
-1.887379141862766e-15
0.00010439700946707209
-0.00020877766948823595
6.661338147750939e-16
-1.2212453270876722e-15
-5.551115123125783e-16
2.220446049250313e-16
3.3306690738754696e-16
2.55351295663786e-15
-4.440892098500626e-16
-2.1094237467877974e-15
0.0
1.1102230246251565e-16
6.661338147750939e-16
-1.3322676295501878e-15
4.440892098500626e-16
2.1094237467877974e-15
-1.9984014443252818e-15
3.3306690738754696e-16
-2.7413002978704526e-09
-1.3035774829583957e-06
1.3063187841444446e-06
0.0
5.551115123125783e-16
-1.2212453270876722e-15
-1.887379141862766e-15
1.6653345369377348e-15
-7.771561172376096e-16
1.7763568394002505e-15
-2.220446049250313e-16
5.551115123125783e-16
-1.3322676295501878e-15
-1.7763568394002505e-15
1.5543122344752192e-15
-8.881784197001252e-16
3.3306690738754696e-15
-9.618225559338e-07
0.7997921678036198
0.7997912059810652
0.0
-0.36957359012991
-0.43021761585115526
0.0
