0.0
-0.03957370045131725
-0.0791474009026345
-0.11872110135395175
-0.158294801805269
-0.19786850225658625
-0.158294801805269
-0.19786850225658625
-0.158294801805269
-0.11872110135395175
-0.0791474009026345
-0.11872110135395175
-0.0791474009026345
-0.03957370045131725
0.0
0.03957370045131725
0.0
0.03957370045131725
0.0
0.03957370045131725
0.0791474009026345
0.11872110135395175
0.158294801805269
0.19786850225658625
0.2374422027079035
0.27701590315922076
0.316589603610538
0.35616330406185526
0.3957370045131725
0.43531070496448976
0.474884405415807
0.5144581058671243
0.5540318063184415
0.5936055067697588
0.633179207221076
0.6727529076723933
0.7123266081237105
0.7519003085750278
0.7913082451058457
0.7517345446545285
0.7121608442032112
0.672587143751894
0.6330134433005763
0.593439742849259
0.5538660423979418
0.5142923419466245
0.4747186414953073
0.43514494104399004
0.3955712405926728
0.35599754014135554
0.3164238396900383
0.27685013923872104
0.2372764387874038
0.19770273833608654
0.15812903788476929
0.12172099148852356
0.0821472910372063
0.042573590585889054
0.002999890134571803
0.0
