0.0
0.3998434126605223
0.39984341266052226
0.3998434126605218
0.3998434126605217
0.3998434126605216
0.39984341266052165
0.3998434126605216
0.39984341266052165
0.3998434126605217
0.39984341266052187
0.3998434126605227
0.39984341266052276
0.39984341266052226
0.0
-0.3998434126605214
-0.3998434126605215
-0.3998434126605214
-0.39984341266052237
-0.39979121415578883
-0.39989560299053295
-0.3998956029905326
-0.3998956029905332
-0.3998956029905335
-0.3998956029905334
-0.3998956029905332
-0.39989560299053195
-0.3998956029905322
-0.3998956029905332
-0.3998956029905332
-0.39989560299053317
-0.39989560299053284
-0.3998956029905335
-0.3998956029905333
-0.39989560299053223
-0.3998956029905332
-0.39989560299053306
-0.3998956043611832
-0.3998962561499247
-0.3998956029905326
-0.3998956029905326
-0.39989560299053234
-0.39989560299053295
-0.3998956029905339
-0.39989560299053306
-0.39989560299053345
-0.39989560299053256
-0.3998956029905327
-0.3998956029905324
-0.39989560299053306
-0.39989560299053395
-0.39989560299053317
-0.3998956029905336
-0.39989560299053195
-0.3998960839018099
0.0
0.3998956029905326
0.3998956029905326
0.21510880792557763
0.0
