6.0
6.2
6.399843412660522
6.599217308498559
6.797809493235002
6.995308996651363
7.191406559529758
7.388906062946119
7.585003625824514
7.782503129240875
7.981095313977319
8.180469209815355
8.3790613945518
8.578435290389836
8.778278703050358
8.578278703050358
8.378435290389836
8.178435290389837
7.978591877729315
7.778591877729315
7.578957169176754
7.379948156245699
7.181876461854817
6.985052241200616
6.789783696093667
6.59637659235359
6.4051337810184945
6.2163547241185935
6.030335025756576
5.847365969229015
5.667734060913594
5.491720581636399
5.319601146221753
5.151645271914296
4.9881159563491035
4.829269265730687
4.675353933865733
4.52661097267746
4.3832732701160815
4.239912476784001
4.091147358337644
3.9372108621180573
3.778344033189157
3.6147956368916745
3.4468217693081327
3.2746854562488004
3.0986562413865704
2.919009764185703
2.73602732828531
2.5499954610134843
2.3612054647217624
2.1699529606425445
1.9765374259836497
1.7812617249849403
1.5844316346712572
1.3863568835346651
1.585305743356237
1.7849039618812546
1.9848389935696868
1.9999999999999973
