2.0
2.0
1.992087325597727
1.9762743670395089
1.9525858854164448
1.9210589738916712
1.8817429996171642
1.8502160880923906
1.8109001138178835
1.77937320229311
1.7556847206700459
1.7398717621118278
1.7161832804887638
1.7003703219305457
1.6924576475282727
1.6924576475282727
1.6845449731259996
1.6845449731259996
1.6766322987237265
1.6766322987237265
1.664767933826557
1.6450146357352116
1.6174033356136301
1.581977269262069
1.538791909415309
1.4879148788793786
1.4294258446427999
1.3634163931281704
1.2899898867794204
1.209261302209314
1.121357050160627
1.0264147775629313
0.9245831519949271
0.8160216288898396
0.7009002018483962
0.579399136450369
0.451708687981504
0.3180288035178249
0.17856883323496509
0.03913260068232005
-0.0945226257284717
-0.22218755883430075
-0.34366229151296923
-0.45875660971243826
-0.5672902903019474
-0.6690933832786257
-0.7640064778876725
-0.8518809522394235
-0.9325792060324123
-1.005974876018018
-1.0719530338693175
-1.130410366144296
-1.1812553360616131
-1.2244083268356174
-1.2598017663461507
-1.2873928033296111
-1.2670425898423885
-1.2545793970364632
-1.2500227406938633
-1.249999999999999
