0.7996868253210446
-1.1102230246251565e-16
-8.881784197001252e-16
0.0003131746789560852
0.0
0.0
-0.00031317467895630724
-1.1102230246251565e-16
-4.440892098500626e-16
0.00024526248436629317
9.992007221626409e-16
-4.440892098500626e-16
-1.1102230246251565e-16
5.551115123125783e-16
1.1102230246251565e-16
-0.0002452624843664042
-5.551115123125783e-16
1.1102230246251565e-16
0.0
2.220446049250313e-16
2.220446049250313e-16
0.0
-2.220446049250313e-16
-1.1102230246251565e-16
0.0002452624843659601
1.1102230246251565e-16
-2.220446049250313e-16
-0.0002452624843658491
1.1102230246251565e-16
1.1102230246251565e-16
-1.1102230246251565e-16
1.1102230246251565e-16
-1.1102230246251565e-16
-1.1102230246251565e-16
1.1102230246251565e-16
2.220446049250313e-16
0.00024526248436562703
-1.1102230246251565e-16
2.220446049250313e-16
6.791219459056919e-05
-4.440892098500626e-16
0.0
-0.00031317467895597417
3.3306690738754696e-16
-2.220446049250313e-16
-2.220446049250313e-16
2.220446049250313e-16
2.220446049250313e-16
0.00024526248436529396
1.1102230246251565e-16
6.661338147750939e-16
-0.00024526248436518294
-1.4432899320127035e-15
-1.5543122344752192e-15
1.1102230246251565e-16
1.5543122344752192e-15
5.551115123125783e-16
1.1102230246251565e-16
9.992007221626409e-16
-1.4432899320127035e-15
0.0003131746789546419
0.0
-0.7999999999999985
-0.7997912059810669
7.771561172376096e-16
0.0
-2.220446049250313e-16
7.771561172376096e-16
-3.3306690738754696e-16
2.220446049250313e-16
-8.881784197001252e-16
1.1102230246251565e-15
5.551115123125783e-16
-7.771561172376096e-16
-4.9575858458661415e-05
-4.3077423613091526e-05
9.265328207197499e-05
-4.440892098500626e-16
-6.661338147750939e-16
1.1102230246251565e-16
9.992007221626409e-16
-1.7763568394002505e-15
1.2212453270876722e-15
1.887379141862766e-15
-2.6645352591003757e-15
-4.440892098500626e-16
1.4432899320127035e-15
1.3322676295501878e-15
-9.992007221626409e-16
-1.887379141862766e-15
-5.356306095327668e-07
0.7997917416116769
0.7997912059810659
1.5543122344752192e-15
-0.17868476130285793
-0.6211064446782095
0.0
