0.21972448618848195
-0.5126904677731248
-0.5126904677731248
0.07324149539616016
-0.07324149539616016
0.07324149539616016
-0.07324149539616016
0.07324149539616016
-0.07324149539616016
0.07324149539616016
-0.07324149539616016
0.07324149539616016
-0.07324149539616016
0.07324149539616016
-0.07324149539616016
0.07324149539616016
0.5126904677731248
0.5126904677731248
0.5126904677731248
0.07324149539616016
0.07324149539616016
0.36620747698080364
0.5126904677731248
0.07324149539616016
0.5126904677731248
-0.5126904677731248
-0.5126904677731248
-0.5126904677731248
-0.5048462407156815
0.5126904677731248
0.5126904677731248
0.5126904677731248
0.5126904677731248
0.5126904677731248
0.5126904677731248
0.37984230850464545
0.5126904677731248
-0.04412427010405839
0.0
