0.0
-0.03925234608338046
-0.1381865972116736
-0.23712084833996672
-0.2242249082837371
-0.23712084833996672
-0.2242249082837371
-0.23712084833996672
-0.2242249082837371
-0.23712084833996672
-0.2242249082837371
-0.23712084833996672
-0.2242249082837371
-0.23712084833996672
-0.2242249082837371
-0.23712084833996672
-0.2242249082837371
-0.12529065715544396
-0.026356406027150836
0.07257784510114229
0.08547378515737192
0.09836972521360154
0.16577454934676839
0.2647088004750615
0.27760474053129114
0.37653899165958427
0.4754732427878774
0.5744074939161705
0.6733417450444636
0.77046840195423
0.6715341508259369
0.5725998996976438
0.4736656485693507
0.37473139744105755
0.2757971463127644
0.1768628951844713
0.1066945380300921
0.007760286901798974
0.0
