0.0
0.999614862785454
0.9975549987679725
0.9975549987679727
0.9999584242587101
0.9999584242587101
0.9999584242587102
0.9999584242587102
0.99995842425871
0.99995842425871
0.99995842425871
0.99995842425871
0.9999584242587101
0.99995842425871
0.9999584242587098
0.99995842425871
0.9999584242587102
0.9975549987679728
0.9975549987679727
0.9975549987679727
0.9999584242587105
0.9999584242587103
0.9988645774094631
0.9975549987679728
0.9999584242587098
0.0
-0.9983694671785042
-0.9983694671785039
-0.9983698712241205
-0.9984133271581891
-0.9983694671785046
-0.9983694671785043
-0.998369467178504
-0.9983694671785046
-0.9983694671785049
-0.9984577577518627
0.0
0.5384037549264746
0.0
