-6.0
-5.8
-5.600156587339478
-5.400782691501441
-5.202190506764998
-5.003598322028554
-4.805006137292111
-4.606413952555667
-4.408914449139306
-4.212816886260911
-4.018428327876974
-3.824939614642744
-3.6324164477739433
-3.4409242006244303
-3.2484010337556297
-3.0549123205214
-2.860523762137462
-2.6644261992590668
-2.466926695842706
-2.2683345111062625
-2.070835007689902
-1.8747374448115062
-1.6803488864275686
-1.4879737204099124
-1.2979131819128216
-1.1104648816769263
-0.9217634198970792
-0.73187287222524
-0.5408577180805307
-0.34764710287277795
-0.15254356996392496
0.04414737321461834
0.23925090612347133
0.4324615213312241
0.6234766754759334
0.8166872906836862
1.0117908235925392
1.2084817667710825
1.4058069193197984
1.6036992773178993
1.8020916442437636
2.0004840111696276
2.1988763780954916
2.3972687450213557
2.5965070326861652
2.796279259156044
2.996272606416546
3.1961739102060633
3.3956701503914095
3.594448941117719
3.7927873511118864
3.9906180323904397
4.187873809374764
4.383668862055836
4.57769660016983
4.769653200843785
4.963680938957779
5.159475991638851
5.356731768623175
5.552526821304246
5.746554559418241
5.9385111600921965
6.130467760766152
6.322424361440107
6.131628718635337
5.943353554914557
5.757893685347537
5.57553951660983
5.396576592242691
5.2212851455280385
5.049939660678616
4.882808443030465
4.7201531989107375
4.562228625838724
4.409282013701779
4.2615528575306705
4.1185926088043034
3.9724896096283406
3.821098217072212
3.6646554908897193
3.5034064005836
3.3376034418142972
3.1675062410237236
2.993381148893123
2.815500823271629
2.6341438022285857
2.4495940678982007
2.2621406017994774
2.0720769323277395
1.879700675126327
1.6853130670581784
1.4892184945070435
1.2917249863249403
1.490254026683922
1.6895812647006183
1.8893945791561606
1.9999999999999991
