2.5
2.5
2.4803788663968724
2.411505253526366
2.294052745661771
2.182877375485541
2.065424867620946
1.9542494974447153
1.8367969895801204
1.7256216194038898
1.6081691115392949
1.4969937413630643
1.3795412334984694
1.2683658633222388
1.1509133554576438
1.0397379852814133
0.9222854774168183
0.8111101072405877
0.7486285485073864
0.7354518711695408
0.7717089431963513
0.8143938171438015
0.8634993943907866
0.9460075500593791
1.0768216613449473
1.2138481017768983
1.007313764967126
0.7568352459363955
0.46486222583521275
0.13425316200213944
-0.19568079501919056
-0.4869200968788179
-0.7366164217692968
-0.9423277384026669
-1.102042189088486
-1.2141977657119567
-1.2787386049679406
-1.250152176192491
-1.2500000000000007
