0.7996868253210446
-1.1102230246251565e-16
-8.881784197001252e-16
-2.220446049250313e-16
-1.1102230246251565e-16
-4.440892098500626e-16
-4.440892098500626e-16
1.1102230246251565e-15
1.4432899320127035e-15
-2.220446049250313e-16
-9.992007221626409e-16
-5.551115123125783e-16
0.00024526248436673725
0.0
-1.2212453270876722e-15
-6.661338147750939e-16
-2.220446049250313e-16
5.551115123125783e-16
1.1102230246251565e-15
-6.661338147750939e-16
-2.220446049250313e-16
3.3306690738754696e-16
1.1102230246251565e-16
1.1102230246251565e-16
-0.0002452624843658491
0.0
1.1102230246251565e-16
0.0
-1.1102230246251565e-16
-1.1102230246251565e-16
0.00024526248436573805
2.220446049250313e-16
0.0
-0.000245262484365405
0.0
-1.1102230246251565e-16
0.0002452624843659601
-1.1102230246251565e-16
0.0
-0.0002452624843658491
1.1102230246251565e-16
1.1102230246251565e-16
-1.1102230246251565e-16
1.1102230246251565e-16
-1.1102230246251565e-16
0.000245262484365405
0.0
0.0
0.0
-1.1102230246251565e-16
6.661338147750939e-16
-0.00024526248436529396
-3.3306690738754696e-16
-1.1102230246251565e-16
0.0
-6.661338147750939e-16
-2.220446049250313e-16
-2.220446049250313e-16
2.220446049250313e-16
3.3306690738754696e-16
0.0002452624843658491
-1.1102230246251565e-16
3.3306690738754696e-16
-0.000245262484365405
6.661338147750939e-16
-2.220446049250313e-16
-6.661338147750939e-16
-5.551115123125783e-16
0.0
0.00024526248436673725
-1.1102230246251565e-16
-1.3322676295501878e-15
-0.00024526248436573805
1.1102230246251565e-16
-0.799686825321043
-0.7997912059810657
-1.3322676295501878e-15
0.0
1.4432899320127035e-15
3.3306690738754696e-16
-1.3322676295501878e-15
1.1102230246251565e-15
-5.172712303536109e-05
-4.06699583328507e-05
9.23970813677677e-05
-4.440892098500626e-16
1.1102230246251565e-16
5.551115123125783e-16
-2.220446049250313e-16
0.0
0.0
-5.551115123125783e-16
-3.3306690738754696e-16
1.1102230246251565e-16
2.7755575615628914e-15
-2.3314683517128287e-15
2.220446049250313e-16
1.2212453270876722e-15
-1.7763568394002505e-15
1.9984014443252818e-15
-2.6645352591003757e-15
9.992007221626409e-16
2.3314683517128287e-15
-3.774758283725532e-15
1.1102230246251565e-15
-6.160531435428496e-06
0.799797366512502
0.7997912059810676
-0.05056692442278443
-0.7492242815582831
0.0
