0.0
0.999614862785454
0.9975549987679725
0.9975549987679727
0.9999584242587101
0.9999584242587101
0.9999584242587101
0.9999584242587101
0.9999584242587101
0.9999584242587101
0.9999584242587101
0.9999584242587101
0.9999584242587098
0.9999584242587098
0.9999584242587098
0.9999584242587098
0.9999584242587101
0.99995842425871
0.9999584242587098
0.99995842425871
0.9975549987679727
0.9975549987679727
0.99995842425871
0.9999584242587103
0.9999584242587108
0.9999584242587103
0.9999584242587104
0.9999584242587103
0.9999584242587095
0.9999584242587095
0.9999584242587104
0.0
-0.9983694671785046
-0.9983694671785039
-0.9983694671785046
-0.9983694671785047
-0.9983694671785043
-0.9988531725545069
-0.9990681232497578
-0.9983694671785042
-0.9983694671785045
-0.9983694671785053
-0.998369467178505
-0.9984740599800707
0.0
0.6163942777618382
0.0
