-8.0
-7.5
-7.000385137214546
-6.505151429304671
-6.019142264374299
-5.531658893307984
-5.0456497283776125
-4.558166357311298
-4.072157192380926
-3.5846738213146114
-3.0986646563842397
-2.611181285317925
-2.1251721203875533
-1.6376887493212389
-1.1516795843908672
-0.6641962133245527
-0.17818704839418098
0.30929632267213353
0.7953054876025052
1.2827888586688196
1.7687980235991914
2.264031731509067
2.7636465942945208
3.2634729393128024
3.7630878020982568
4.262914147116539
4.762529009901993
5.262355354920275
5.761970217705729
6.261290510825236
6.76090537361069
7.260731718628972
6.764653217383619
6.277010507702474
5.802572737689375
5.345979911073131
4.91169750794819
4.503972812357304
4.121305293498503
3.7188432365310007
3.289078340449174
2.8362137080546326
2.3646783576839603
1.879083907387562
1.384313144108738
1.8827904558274149
2.000000000000001
