3.5
3.5
3.4920873255977267
3.4762743670395087
3.4525858854164446
3.421058973891671
3.3817429996171637
3.33469952643103
3.2800022184563296
3.217736724752386
3.1480005451992037
3.0709028778249987
2.986564447815912
2.895117318475652
2.80696320222314
2.722132032755861
2.6406526154282557
2.5625526174705477
2.487858558594031
2.4165958019860114
2.348788545697458
2.28445981442629
2.2236314516990863
2.1663241124538777
2.1125572560265353
2.062349139543141
2.019839616206501
1.9850952505482344
1.9581704478461432
1.9234260821878766
1.880916558851237
1.8307084423678426
1.7769415859405004
1.7196342466952916
1.6588058839680877
1.6055629714324386
1.5599888807485445
1.5221549751724985
1.4879462329033972
1.457374269895049
1.4304494671929577
1.4113863882792532
1.400214883522029
1.3969524460833638
1.3857809413261395
1.366717862412435
1.3397930597103438
1.3092210967019955
1.2750123544328942
1.2371784488568482
1.202969706587747
1.1723977435793986
1.1454729408773074
1.126409861963603
1.1152383572063786
1.1119759197677135
1.1166276582115948
1.129186288504554
1.1496321454215404
1.177933213339174
1.2140451763681588
1.2579114877463542
1.3053658959535515
1.3563922873247287
1.4109733352887857
1.473123966302141
1.5427468603452221
1.6197329967805794
1.7039618250654014
1.7953014535184033
1.8936088558455013
1.9951089178908252
2.0997671741945516
2.2075480868973427
2.3219099883985375
2.4426738024391987
2.312673219153074
2.176762005322716
2.035152980701915
1.8880678870947851
1.7357370411361748
1.5783989736449748
1.4163000561150567
1.2496941149287037
1.079367082439659
0.9115362918038621
0.7481396085187864
0.5894328911035847
0.4356646541846301
0.28707567935307665
0.14389863813137094
0.006357727639106248
-0.12533168047128473
-0.25096337725926654
-0.370340639393298
-0.48327653719466035
-0.589594227345672
-0.689127229803931
-0.7817196884889839
-0.8672266153332191
-0.945514117314822
-1.0164596061172948
-1.0799519900872432
-1.1358918481898361
-1.1841915856895633
-1.2247755713124988
-1.2575802556753013
-1.282640718264715
-1.2638839515183298
-1.2530191514809572
-1.25
