0.7996868253210446
-0.7996868253210446
0.0
0.7996868253210445
-8.881784197001252e-16
1.1102230246251565e-16
8.881784197001252e-16
-1.1102230246251565e-16
1.1102230246251565e-16
-1.1102230246251565e-16
1.1102230246251565e-16
-1.1102230246251565e-16
1.1102230246251565e-16
-1.1102230246251565e-16
-8.881784197001252e-16
1.1102230246251565e-16
8.881784197001252e-16
-1.1102230246251565e-16
-8.881784197001252e-16
1.1102230246251565e-16
-0.7996868253210437
-0.7997912059810666
1.3322676295501878e-15
-1.2212453270876722e-15
2.220446049250313e-16
1.887379141862766e-15
-1.9984014443252818e-15
1.1102230246251565e-16
-2.220446049250313e-16
3.3306690738754696e-16
6.661338147750939e-16
-1.1102230246251565e-15
-6.661338147750939e-16
5.551115123125783e-16
2.1094237467877974e-15
-2.220446049250313e-16
-6.661338147750939e-16
-2.220446049250313e-16
-1.6653345369377348e-15
-5.8995710217280006e-05
5.077974300682353e-05
8.21596721012341e-06
2.1094237467877974e-15
0.0
2.220446049250313e-16
-4.440892098500626e-16
-1.1102230246251565e-16
1.5543122344752192e-15
-3.552713678800501e-15
1.9984014443252818e-15
1.1102230246251565e-15
-2.4424906541753444e-15
1.1102230246251565e-16
7.771561172376096e-16
9.992007221626409e-16
1.4432899320127035e-15
-8.881784197001252e-16
-2.000580603811475e-05
0.7998112117871029
0.7997912059810671
-1.887379141862766e-15
-0.1422896073148492
-0.657501598666216
0.0
