0.0
-0.03957370045131725
0.0
0.03957370045131725
0.0791474009026345
0.11872110135395175
0.0791474009026345
0.03957370045131725
0.0791474009026345
0.03957370045131725
0.0791474009026345
0.03957370045131725
0.0791474009026345
0.03957370045131725
0.0791474009026345
0.11872110135395175
0.0791474009026345
0.03957370045131725
0.0791474009026345
0.11872110135395175
0.0791474009026345
0.11872110135395175
0.158294801805269
0.19786850225658625
0.2374422027079035
0.27701590315922076
0.316589603610538
0.35616330406185526
0.3957370045131725
0.43531070496448976
0.474884405415807
0.5144581058671243
0.5540318063184415
0.5936055067697588
0.633179207221076
0.6727529076723933
0.7123266081237105
0.7519003085750278
0.791474009026345
0.8310477094776623
0.8706214099289795
0.8407235390283407
0.8011498385770235
0.7615761381257062
0.7220024376743885
0.6824287372230713
0.642855036771754
0.6032813363204368
0.5637076358691195
0.5241339354178023
0.48456023496648504
0.4449865345151678
0.40541283406385054
0.3658391336125333
0.32626543316121603
0.2866917327098988
0.24711803225858153
0.20754433180726428
0.16797063135594703
0.14420991746056266
0.10463621700924541
0.06506251655792816
0.025488816106610912
0.0
