0.0
0.3998434126605223
0.0
0.0
0.39984341266052226
0.3998434126605218
0.39984341266052187
0.3998434126605223
0.39984341266052226
0.3998434126605223
0.39984341266052226
0.3998434126605223
0.39984341266052226
0.3998434126605223
0.39984341266052226
0.3998434126605218
0.39984341266052187
0.3998434126605223
0.39984341266052226
0.3998434126605218
0.39984341266052187
0.0
-0.3998956029905333
-0.3998956029905326
-0.3998956029905332
-0.3998956029905331
-0.3998956029905322
-0.39989560299053317
-0.3998956029905331
-0.3998956029905332
-0.39989560299053306
-0.39989560299053273
-0.3998956029905333
-0.3998956029905336
-0.39989560299053334
-0.3998956029905323
-0.3998956029905324
-0.39989560299053273
-0.39989560299053284
-0.39989560299053367
-0.3999251008456423
-0.3998997109741389
-0.39989560299053384
-0.3998956029905328
-0.3998956029905328
-0.3998956029905327
-0.3998956029905329
-0.39989560299053295
-0.3998956029905322
-0.39989560299053395
-0.39989560299053295
-0.3998956029905324
-0.3998956029905336
-0.39989560299053356
-0.39989560299053317
-0.3998956029905327
-0.39989560299053195
-0.3998956029905324
-0.39990560589355145
0.0
0.39989560299053356
0.3998956029905326
0.328750799333108
0.0
