4.0
4.2
4.399843412660522
4.199843412660522
4.399686825321044
4.599060721159081
4.797652905895524
4.99702680173356
5.196870214394083
5.396244110232119
5.596087522892641
5.795461418730677
5.995304831391199
6.194678727229236
6.394522139889758
6.593896035727794
6.792488220464238
6.991862116302274
7.191705528962796
7.391079424800832
7.589671609537276
7.789045505375312
7.590973810984431
7.39414959033023
7.198881045223281
7.005473941483204
6.814231130148109
6.625452073248207
6.43943237488619
6.2564633183586285
6.076831410043208
5.900817930766013
5.728698495351367
5.560742621043909
5.397213305478717
5.2383666148603
5.084451282995347
4.935708321807073
4.792370643941066
4.654662698053564
4.522800117353283
4.3923076835371795
4.256009367452156
4.1140277693731475
3.9665852145071345
3.813912579228039
3.6562489295535583
3.4938411467980384
3.326943540987605
3.1558174526428475
2.9807308435526565
2.8019578771799942
2.6197784893566043
2.4344779499389597
2.2463464161117725
2.0556784780385833
1.8627726975708576
1.667931140737931
1.4714589047498432
1.2737065691823783
1.4721475058841174
1.6714149927627595
1.8711970021621598
2.000000000000001
