2.0
2.0
1.992087325597727
1.992087325597727
2.0
2.015812958558218
2.039501440181282
2.0553143987395
2.0632270731417734
2.0790400316999915
2.086952706102265
2.102765664660483
2.110678339062756
2.126491297620974
2.1344039720232475
2.1502169305814656
2.1739054122045296
2.1897183707627477
2.197631045165021
2.213444003723239
2.237132485346303
2.252945443904521
2.2253341437829395
2.189908077431378
2.1467227175846184
2.0958456870486883
2.0373566528121096
1.9713472012974795
1.8979206949487297
1.8171921103786233
1.7292878583299363
1.6343455857322409
1.5325139601642368
1.4239524370591496
1.3088310100177052
1.1873299446196783
1.0596394961508133
0.9259596116871343
0.7864996170031417
0.6414778887941461
0.4911215127260171
0.33957209518028986
0.19322473768564263
0.05238438189153927
-0.08272843403597108
-0.21190214053313383
-0.33493446792964
-0.4516327631773205
-0.5618142915204309
-0.6653065226351429
-0.7619474007901856
-0.8515855986056104
-0.9340807540123
-1.0093036900412047
-1.0771366170981205
-1.1374733174072778
-1.1902193113349342
-1.2352920053325165
-1.2726208212676635
-1.3024603052791748
-1.2776414685978215
-1.2606930560955072
-1.2516416068404532
-1.2499999999999964
