0.7996868253210433
-1.1102230246251565e-16
0.0
2.220446049250313e-16
-1.1102230246251565e-16
4.440892098500626e-16
3.3306690738754696e-16
-4.440892098500626e-16
0.0
0.0
-3.3306690738754696e-16
-1.1102230246251565e-16
4.440892098500626e-16
0.0
-3.3306690738754696e-16
6.661338147750939e-16
-3.3306690738754696e-16
-1.1102230246251565e-15
3.3306690738754696e-16
0.0
0.0
1.1102230246251565e-16
0.0
3.3306690738754696e-16
1.1102230246251565e-16
0.0
0.0
0.0
0.0
0.0
0.0
3.3306690738754696e-16
-0.7996868253210437
-0.7996868253210447
0.7996868253210447
0.7996868253210445
-0.7996868253210445
-0.7997912059810666
1.1102230246251565e-15
-8.881784197001252e-16
2.220446049250313e-16
0.0
-1.7763568394002505e-15
3.219646771412954e-15
-3.3306690738754696e-16
-1.1102230246251565e-15
8.881784197001252e-16
0.0
-1.9984014443252818e-15
-7.771561172376096e-16
3.4416913763379853e-15
-2.220446049250313e-16
-6.661338147750939e-16
-7.889763691082408e-05
5.99339775360086e-05
1.896365937348321e-05
1.887379141862766e-15
-7.771561172376096e-16
-3.3306690738754696e-16
-1.1102230246251565e-16
-5.551115123125783e-16
1.4432899320127035e-15
-2.4424906541753444e-15
2.1094237467877974e-15
1.7763568394002505e-15
-2.9976021664879227e-15
-8.881784197001252e-16
1.887379141862766e-15
1.3322676295501878e-15
-1.7763568394002505e-15
-9.257213978908219e-05
0.7998837781208553
0.7997912059810668
-1.6653345369377348e-15
-0.12684887167652892
-0.6729423343045362
0.0
