0.0
0.39984341266052165
0.3998434126605216
0.3998434126605216
0.3998434126605217
0.39984341266052165
0.39984341266052187
0.39984341266052204
0.3998434126605218
0.3998434126605218
0.3998434126605218
0.39984341266052165
0.3998434126605216
0.3998434126605218
0.3998434126605218
0.39984341266052165
0.399843412660522
0.3998434126605218
0.39984341266052126
0.3998434126605214
0.3998434126605214
0.3998434126605214
0.3998434126605215
0.3998434126605215
0.39984341266052165
0.3998434126605217
0.3998434126605217
0.3998434126605217
0.3998434126605217
0.3998434126605217
0.3998434126605217
0.3998434126605217
0.39984341266052187
0.0
-0.39984341266052237
0.0
0.39984341266052226
0.0
-0.3998956029905333
-0.39989560299053273
-0.39989560299053317
-0.39989560299053306
-0.39989560299053306
-0.39989560299053395
-0.39989560299053234
-0.3998956029905325
-0.39989560299053306
-0.3998956029905326
-0.3998956029905326
-0.3998956029905336
-0.399895602990534
-0.3998956029905323
-0.3998956029905324
-0.39989560299053273
-0.39993505180898814
-0.39990508482022014
-0.3998956029905334
-0.39989560299053245
-0.39989560299053284
-0.399895602990533
-0.39989560299053306
-0.39989560299053334
-0.3998956029905326
-0.39989560299053384
-0.3998956029905328
-0.3998956029905319
-0.3998956029905334
-0.39989560299053384
-0.3998956029905329
-0.39989560299053223
-0.3998956029905331
-0.39994188906042766
0.0
0.3998956029905334
0.39989560299053256
0.3364711671522681
0.0
