1.0
1.2
1.3998434126605217
1.5992173084985577
1.7978094932350013
1.995308996651362
2.1914065595297574
2.385795117913695
2.5781702839313514
2.768230822428442
2.9606059884460985
3.1506665269431893
3.3381148271790844
3.528175365676175
3.7205505316938314
3.9106110701909222
4.098059370426817
4.288119908923909
4.480495074941564
4.674883633325502
4.870981196203897
5.0653697545878344
5.26146731746623
5.455855875850167
5.651953438728563
5.849452942144923
6.048045126881367
6.2455446302977276
6.444136815034171
6.641636318450532
6.840228503186975
7.037728006603336
7.23632019133978
7.435694087177816
7.235850674517294
7.0358506745172935
7.235694087177816
7.435067983015852
7.236996288624971
7.0401720679707696
6.844903522863821
6.651496419123744
6.4602536077886485
6.271474550888746
6.085454852526729
5.902485795999168
5.722853887683748
5.546840408406553
5.3747209729919065
5.20676509868445
5.043235783119257
4.8843890925008395
4.730473760635887
4.581730799447613
4.438393121581606
4.296998240638236
4.15032311103824
3.9983843553132656
3.8414198903185386
3.6796755025337187
3.5134044631923955
3.342867131691394
3.168330547900931
2.9900680140139793
2.808358666589637
2.623487039460623
2.4357426181893054
2.2454193867699725
2.0528153672871126
1.8582321532505635
1.6619744373382543
1.464349534286053
1.2660645572768354
1.464467335526324
1.663708690127148
1.863476634342998
2.0
