3.0
3.0
2.9920873255977267
2.9762743670395087
2.9525858854164446
2.921058973891671
2.8817429996171637
2.83469952643103
2.7800022184563296
2.717736724752386
2.6630394167776856
2.600773923073742
2.5310377435205598
2.4687722498166162
2.414074941841916
2.3518094481379723
2.28207326858479
2.2198077748808465
2.165110466906146
2.1180669937200123
2.078751019445505
2.0317075462593714
1.9923915719848644
1.9453480987987304
1.9060321245242233
1.8745052129994497
1.8508167313763857
1.819289819851612
1.795601338228548
1.7640744267037745
1.7403859450807104
1.7088590335559368
1.6851705519328728
1.6693575933746547
1.6772702677769278
1.6772702677769278
1.6851829421792008
1.700995900737419
1.6733846006158375
1.637958534264276
1.594773174417516
1.5438961438815864
1.4854071096450074
1.4193976581303773
1.3459711517816275
1.265242567211521
1.1773383151628338
1.0823960425651387
0.9805644169971346
0.8720028938920473
0.756881466850603
0.6353804014525761
0.5076899529837111
0.37401006852003205
0.23455007383603954
0.09311529505597305
-0.04283023216027382
-0.1728663599172371
-0.2967894681021015
-0.4144055088167622
-0.5255303102322639
-0.6299898649785696
-0.727620602618072
-0.8182696457761887
-0.9017950495279743
-0.9780660236659064
-1.046963137500789
-1.1083785068750907
-1.1622159630958768
-1.2083912035228088
-1.246831923575405
-1.2774779299528574
-1.3035760257440405
-1.2784539717642571
-1.2612010696864207
-1.251844335370879
-1.2499999999999958
