0.7996868253210437
-1.1102230246251565e-16
0.0
-2.220446049250313e-16
6.661338147750939e-16
1.1102230246251565e-16
-7.771561172376096e-16
0.0
0.0
0.0
0.0
0.0
0.0
3.3306690738754696e-16
-1.1102230246251565e-16
1.1102230246251565e-16
7.771561172376096e-16
-0.7996868253210445
-0.7996868253210446
-1.1102230246251565e-16
1.1102230246251565e-16
1.1102230246251565e-16
8.881784197001252e-16
0.7996868253210436
0.7996868253210432
1.1102230246251565e-16
-1.1102230246251565e-16
-2.220446049250313e-16
0.0
3.3306690738754696e-16
-1.1102230246251565e-16
-0.7996868253210432
-0.7997912059810663
4.440892098500626e-16
-1.1102230246251565e-16
-2.220446049250313e-16
-6.661338147750939e-16
3.3306690738754696e-16
1.5543122344752192e-15
-1.7763568394002505e-15
-2.220446049250313e-16
2.55351295663786e-15
-9.992007221626409e-16
-9.992007221626409e-16
3.3306690738754696e-16
-2.220446049250313e-16
-5.20960335789189e-05
4.6083484279368925e-05
6.012549299549974e-06
0.0
0.0
-1.1102230246251565e-15
1.1102230246251565e-16
2.7755575615628914e-15
-1.1102230246251565e-15
4.440892098500626e-16
4.440892098500626e-16
-7.771561172376096e-16
-1.887379141862766e-15
2.220446049250313e-16
3.885780586188048e-15
-1.5543122344752192e-15
-2.4424906541753444e-15
-1.9950417645242524e-05
0.7998111563987126
0.7997912059810655
-6.661338147750939e-16
-0.15755403572868842
-0.6422371702523764
0.0
