0.0
-0.03957370045131725
-0.0791474009026345
-0.11872110135395175
-0.158294801805269
-0.19786850225658625
-0.158294801805269
-0.11872110135395175
-0.158294801805269
-0.11872110135395175
-0.158294801805269
-0.11872110135395175
-0.158294801805269
-0.11872110135395175
-0.0791474009026345
-0.11872110135395175
-0.0791474009026345
-0.03957370045131725
0.0
0.03957370045131725
0.0
0.03957370045131725
0.0791474009026345
0.11872110135395175
0.158294801805269
0.19786850225658625
0.158294801805269
0.19786850225658625
0.2374422027079035
0.19786850225658625
0.158294801805269
0.19786850225658625
0.2374422027079035
0.27701590315922076
0.316589603610538
0.35616330406185526
0.3957370045131725
0.43531070496448976
0.474884405415807
0.5144581058671243
0.5540318063184415
0.5936055067697588
0.633179207221076
0.6727529076723933
0.7123266081237105
0.7519003085750278
0.791474009026345
0.8310477094776623
0.7996642244304955
0.7600905239791782
0.720516823527861
0.6809431230765433
0.641369422625226
0.6017957221739088
0.5622220217225915
0.5226483212712743
0.483074620819957
0.44350092036863975
0.4039272199173225
0.36435351946600525
0.324779819014688
0.28520611856337075
0.2456324181120535
0.20605871766073625
0.166485017209419
0.14269928048350744
0.10312558003219019
0.06355187958087294
0.023978179129555688
0.0
