0.0
0.39984341266052187
0.3998434126605218
0.3998434126605218
0.3998434126605217
0.39984341266052204
0.3998434126605221
0.3998434126605217
0.3998434126605217
0.3998434126605217
0.3998434126605217
0.3998434126605217
0.3998434126605217
0.3998434126605217
0.39984341266052187
0.3998434126605218
0.39984341266052187
0.39984341266052226
0.0
-0.3998434126605223
-0.39984341266052237
-0.3998434126605223
-0.39984341266052226
-0.3998434126605218
0.0
0.3998434126605216
0.39984341266052165
0.3998434126605216
0.3998434126605215
0.3998434126605215
0.39984341266052165
0.3998434126605216
0.0
-0.39989560299053317
-0.39989560299053295
-0.399895602990533
-0.3998956029905331
-0.39989560299053345
-0.3998956029905333
-0.3998956029905325
-0.3998956029905334
-0.3998956029905335
-0.39989560299053223
-0.39989560299053273
-0.3998956029905332
-0.39989560299053306
-0.39989560299053317
-0.39992165100732263
-0.39989860926518295
-0.39989560299053317
-0.39989560299053317
-0.39989560299053317
-0.3998956029905337
-0.39989560299053367
-0.3998956029905323
-0.39989560299053284
-0.3998956029905326
-0.3998956029905324
-0.3998956029905328
-0.3998956029905337
-0.3998956029905336
-0.3998956029905317
-0.39989560299053245
-0.39989560299053367
-0.3999055781993563
0.0
0.39989560299053273
0.3998956029905324
0.3211185851261882
0.0
