3.0
3.2
3.399843412660522
3.599217308498558
3.7978094932350017
3.9953089966513624
4.191406559529758
4.388906062946119
4.5874982476825625
4.784997751098923
4.983589935835367
5.1810894392517275
5.379681623988171
5.577181127404532
5.775773312140975
5.9751472079790116
6.173739392715455
6.373113288553491
6.5729567012140135
6.372956701214013
6.173113288553491
5.973113288553491
5.773269875892969
5.573895980054933
5.375303795318489
5.57280329873485
5.768900861613245
5.966400365029606
6.162497927908001
6.3568864862919385
6.552984049170334
6.750483552586695
6.94658111546509
6.753174011725013
6.5619312003899175
6.373152143490016
6.1871324451279985
6.004163388600437
5.8245314802850165
5.6485180010078215
5.4763985655931755
5.308442691285718
5.144913375720526
4.986066685102109
4.832151353237156
4.683408392048882
4.540070714182875
4.402362768295372
4.265784352013059
4.123593676266217
3.9759505586697896
3.8230861896535453
3.6652399354659355
3.5026589633568586
3.335597854545038
3.164318205576067
2.98908821869533
2.810182281877255
2.627880539168471
2.4424684520177102
2.2542363522793103
2.0634789875902992
1.8704950598329004
1.6755867574052088
1.4790592820324182
1.2812626965571559
1.4797408990735974
1.6790337614745727
1.8788292163690778
2.0
