2.0
2.0
1.992087325597727
1.9762743670395089
1.9525858854164448
1.9210589738916712
1.8817429996171642
1.8502160880923906
1.8265276064693265
1.795000694944553
1.771312213321489
1.7397853017967153
1.7160968201736513
1.6845699086488777
1.6608814270258137
1.6450684684675956
1.6213799868445316
1.6055670282863135
1.5976543538840404
1.5976543538840404
1.5897416794817674
1.5897416794817674
1.5818290050794943
1.5660160465212762
1.5423275648982122
1.5738544764229858
1.6131704506974929
1.6446973622222665
1.6840133364967735
1.7310568096829075
1.7703727839574146
1.8018996954821882
1.8412156697566953
1.790338639220765
1.7318496049841863
1.6658401534695564
1.5924136471208068
1.5116850625507001
1.4237808105020129
1.3288385379043173
1.2270069123363139
1.1184453892312258
1.0033239621897825
0.8818228967917552
0.75413244832289
0.6204525638592109
0.48099256917521793
0.3359708409662232
0.18988300672808145
0.04925373614782402
-0.08563988801464828
-0.21458663942213518
-0.3373846037872632
-0.4538414950447003
-0.563774956446786
-0.6670128461111162
-0.7633935065729316
-0.8527660179202428
-0.9349904341153075
-1.009938002132403
-1.0774913635687693
-1.137544738413003
-1.190004090683171
-1.234787275675244
-1.2718241685913105
-1.3013688466415403
-1.2768498103815016
-1.2602024379370411
-1.2514527969857616
-1.250000000000001
