0.7996868253210446
1.1102230246251565e-16
-1.1102230246251565e-16
-1.1102230246251565e-16
8.881784197001252e-16
1.4432899320127035e-15
1.1102230246251565e-16
-1.4432899320127035e-15
-0.7996868253210455
-0.799686825321043
0.00010439700946707209
-0.0002087776694900123
6.661338147750939e-16
-1.2212453270876722e-15
-5.551115123125783e-16
3.3306690738754696e-16
2.220446049250313e-16
7.771561172376096e-16
-4.440892098500626e-16
1.1102230246251565e-15
0.0
-1.1102230246251565e-15
-8.881784197001252e-16
-1.7763568394002505e-15
5.10702591327572e-15
-6.661338147750939e-16
-2.220446049250313e-15
1.7763568394002505e-15
-2.220446049250313e-15
9.992007221626409e-16
1.4432899320127035e-15
-9.16299394606579e-05
3.607127660920639e-05
5.5558662849231055e-05
0.0
6.661338147750939e-16
-1.5543122344752192e-15
2.886579864025407e-15
3.3306690738754696e-16
-1.887379141862766e-15
-1.1102230246251565e-15
1.9984014443252818e-15
1.9984014443252818e-15
-4.218847493575595e-15
-2.220446049250313e-16
3.219646771412954e-15
8.881784197001252e-16
-3.9968028886505635e-15
7.771561172376096e-16
3.1086244689504383e-15
-4.6730742190415064e-05
0.7998379367232543
0.7997912059810657
-2.220446049250313e-16
-0.2299766688017908
-0.5698145371792747
0.0
