0.0
-0.03957370045131725
0.0
-0.03957370045131725
-0.0791474009026345
-0.11872110135395175
-0.158294801805269
-0.11872110135395175
-0.0791474009026345
-0.03957370045131725
0.0
0.03957370045131725
0.0791474009026345
0.11872110135395175
0.158294801805269
0.19786850225658625
0.2374422027079035
0.27701590315922076
0.316589603610538
0.35616330406185526
0.3957370045131725
0.43531070496448976
0.474884405415807
0.5144581058671243
0.5540318063184415
0.5936055067697588
0.633179207221076
0.6727529076723933
0.7123266081237105
0.7519003085750278
0.791474009026345
0.8310477094776623
0.8706214099289795
0.8609237409462871
0.8213500404949698
0.7817763400436526
0.7422026395923349
0.7026289391410176
0.6630552386897004
0.6234815382383831
0.5839078377870659
0.5443341373357486
0.5047604368844314
0.46518673643311415
0.4256130359817969
0.38603933553047964
0.3464656350791624
0.30689193462784514
0.2673182341765279
0.22774453372521064
0.1881708332738934
0.14859713282257614
0.13553269575857385
0.0959589953072566
0.05638529485593935
0.0168115944046221
0.0
