0.0
0.3998434126605223
0.39984341266052237
0.3998434126605223
0.39984341266052226
0.3998434126605227
0.3998434126605234
0.3998434126605235
0.39984341266052276
0.0
-0.3998434126605215
-0.39979121415578794
-0.39989560299053295
-0.3998956029905326
-0.3998956029905332
-0.3998956029905335
-0.39989560299053334
-0.3998956029905332
-0.39989560299053284
-0.39989560299053306
-0.3998956029905325
-0.3998956029905325
-0.39989560299053306
-0.3998956029905335
-0.3998956029905344
-0.39989560299053184
-0.3998956029905322
-0.3998956029905333
-0.3998956029905324
-0.3998956029905335
-0.399895602990533
-0.3998956029905323
-0.3999414179602626
-0.399923382321958
-0.3998956029905334
-0.3998956029905334
-0.39989560299053306
-0.39989560299053384
-0.3998956029905324
-0.39989560299053223
-0.39989560299053317
-0.3998956029905337
-0.39989560299053273
-0.39989560299053173
-0.39989560299053384
-0.39989560299053395
-0.39989560299053234
-0.3998956029905319
-0.3998956029905339
-0.3998956029905335
-0.39989560299053195
-0.39991896836162716
0.0
0.39989560299053284
0.39989560299053273
0.28490726858963733
0.0
