7.0
7.2
7.399843412660522
7.5998434126605225
7.799686825321045
7.999060721159081
8.197652905895525
8.395152409311887
8.593744594048331
8.793118489886368
8.593275077225845
8.393275077225846
8.193640368673286
7.99463135574223
7.796559661351349
7.599735440697148
7.404466895590199
7.211059791850122
7.019816980515026
6.831037923615124
6.645018225253107
6.462049168725547
6.282417260410126
6.106403781132931
5.934284345718284
5.7663284714108265
5.602799155845636
5.443952465227218
5.290037133362265
5.141294172173992
4.997956494307983
4.860248548420483
4.728385967720202
4.600200456617587
4.46688599285255
4.327778171599389
4.183094818094414
4.033062488151543
3.877916113404593
3.7178986334340776
3.5532606153545796
3.384259861458382
3.211161005529706
3.034235098461723
2.8537591838251526
2.6700158640531253
2.4832928579215414
2.293882550017897
2.102081532904034
1.908190142689742
1.7125119887444384
1.5153534782833242
1.3171316339804626
1.5157804558513606
1.7151875042236755
1.9150405329056266
1.9999999999999982
