2.5
2.5
2.4920873255977267
2.4920873255977267
2.4841746511954534
2.4683616926372354
2.4446732110141713
2.4131462994893975
2.3894578178663335
2.3736448593081154
2.3815575337103887
2.3815575337103887
2.3696931688132192
2.3499398707218737
2.3223285706002925
2.286902504248731
2.2437171444019715
2.192840113866041
2.1343510796294622
2.068341628114833
1.9949151217660825
1.914186537195976
1.8262822851472889
1.7313400125495937
1.6295083869815894
1.5209468638765018
1.4058254368350585
1.2843243714370312
1.1566339229681661
1.022954038504487
0.8834940438204943
0.7384723156114987
0.5881159395433699
0.43460140079663856
0.2855308344050158
0.14185135055475406
0.003787933126989884
-0.12844322804613295
-0.2546350757073741
-0.37459000939984
-0.4881201948842908
-0.5950478582637713
-0.6952055643550286
-0.7884364788708131
-0.8745946140025125
-0.953545057018581
-1.0251641815207932
-1.0893398410275323
-1.1459715445809864
-1.1949706141032577
-1.2362603232550131
-1.2697760175792139
-1.2963464622551695
-1.2732504543191059
-1.2580317463345168
-1.2507141688713372
-1.2500000000000009
