1.9951099975359448
-2.220446049250313e-16
0.004119728034963854
0.0006871229465117423
0.0
0.0
0.0
0.0
0.0
-2.220446049250313e-16
0.0
0.0
0.0
2.220446049250313e-16
-2.220446049250313e-16
-2.220446049250313e-16
2.220446049250313e-16
4.440892098500626e-16
-0.0048068509814747085
-2.220446049250313e-16
0.0048068509814751526
-0.0048068509814749305
0.00480685098147382
0.0
-2.220446049250313e-16
0.0
0.0
-1.9999168485174192
-1.9967389343570079
-1.1102230246251565e-15
-1.5543122344752192e-15
1.5543122344752192e-15
-0.0011892844405470004
-6.519176560271234e-05
0.0012544762061483805
1.5543122344752192e-15
8.881784197001252e-16
1.3322676295501878e-15
-0.00047462963682121107
1.9972135639938278
1.269195918061605
-1.269195918061605
0.0
