0.0
-0.03957370045131725
-0.0791474009026345
-0.11872110135395175
-0.158294801805269
-0.19786850225658625
-0.2374422027079035
-0.25586964370928333
-0.27429708471066316
-0.292724525712043
-0.33229822616336024
-0.3718719266146775
-0.41144562706599475
-0.3718719266146775
-0.33229822616336024
-0.292724525712043
-0.27429708471066316
-0.25586964370928333
-0.2374422027079035
-0.19786850225658625
-0.158294801805269
-0.11872110135395175
-0.158294801805269
-0.19786850225658625
-0.2374422027079035
-0.25586964370928333
-0.27429708471066316
-0.292724525712043
-0.3111519667134228
-0.32957940771480265
-0.3480068487161825
-0.30843314826486523
-0.268859447813548
-0.22928574736223073
-0.22928574736223073
-0.22928574736223073
-0.22928574736223073
-0.24771318836361056
-0.2661406293649904
-0.2845680703663702
-0.30299551136775005
-0.3214229523691299
-0.3398503933705097
-0.30027669291919246
-0.2607029924678752
-0.22112929201655795
-0.1815555915652407
-0.14198189111392345
-0.1024081906626062
-0.06283449021128895
-0.0232607897599717
0.01631291069134555
0.03474035169272538
0.05316779269410521
0.07159523369548504
0.11116893414680229
0.15074263459811954
0.1903163350494368
0.22989003550075404
0.2694637359520713
0.30903743640338854
0.3274648774047684
0.3458923184061482
0.36431975940752803
0.4038934598588453
0.44346716031016253
0.4830408607614798
0.522614561212797
0.5621882616641143
0.6017619621154315
0.6413356625667488
0.680909363018066
0.7204830634693833
0.7600567639207005
0.7996304643720178
0.7966858827272638
0.7571121822759466
0.7175384818246293
0.6779647813733121
0.6383910809219948
0.5988173804706776
0.5592436800193603
0.5196699795680431
0.48009627911672537
0.4405225786654081
0.40094887821409086
0.3613751777627736
0.32180147731145636
0.2822277768601391
0.24265407640882186
0.2030803759575046
0.16350667550618736
0.12443788879923456
0.08486418834791731
0.04529048789660006
0.005716787445282812
0.0
