0.0
0.3998434126605223
0.39984341266052226
0.3998434126605218
0.3998434126605217
0.39984341266052165
0.3998434126605214
0.3999660439027042
0.3999660439027043
0.39996604390270485
0.39984341266052253
0.39984341266052215
0.3998434126605223
0.3998434126605223
0.3998434126605222
0.39984341266052204
0.3999660439027048
0.39996604390270507
0.39996604390270507
0.39984341266052187
0.3998434126605217
0.3998434126605217
0.3998434126605217
0.3998434126605216
0.3998434126605219
0.39996604390270485
0.3999660439027047
0.3999660439027045
0.3999660439027046
0.3999660439027046
0.3999660439027046
0.3998434126605218
0.3998434126605218
0.3998434126605219
0.40000000000000013
0.4000000000000001
0.4000000000000001
0.39996604390270474
0.39996604390270485
0.3999660439027048
0.3999660439027047
0.39996604390270485
0.39996604390270474
0.3998434126605218
0.3998434126605218
0.3998434126605218
0.3998434126605218
0.399843412660522
0.39984341266052187
0.39984341266052154
0.3998434126605217
0.3998434126605219
0.3999660439027046
0.39996604390270474
0.39996604390270474
0.3998434126605217
0.3998434126605215
0.39984341266052115
0.399843412660522
0.39984341266052215
0.39984341266052204
0.39996604390270474
0.3999660439027044
0.3999660439027046
0.3998434126605218
0.39984341266052176
0.0
-0.39989560299053306
-0.39989560299053295
-0.3998956029905328
-0.3998956029905329
-0.3998956029905336
-0.399895602990533
-0.39989560299053284
-0.39993743132766946
-0.3999316373780074
-0.39989560299053295
-0.39989560299053306
-0.3998956029905334
-0.3998956029905334
-0.39989560299053306
-0.3998956029905325
-0.39989560299053306
-0.3998956029905324
-0.3998956029905327
-0.3998956029905337
-0.399895602990533
-0.39989560299053206
-0.39989560299053284
-0.3998956029905324
-0.39989560299053345
-0.39989561565284704
0.0
0.3998956029905337
0.39989560299053356
0.22883949593435748
0.0
