-7.0
-6.5
-6.002445001232028
-5.512201094036039
-5.026191929105667
-4.538708558039352
-4.0526993931089805
-3.565216022042666
-3.079206857112294
-2.5917234860459795
-2.1057143211156077
-1.6182309500492933
-1.1322217851189216
-0.6447384140526071
-0.1587292491222354
0.3287541219440791
0.8147632868744508
1.3022466579407652
1.788255822871137
2.2757391939374516
2.7718198877950835
3.271646232813365
3.7712610955988195
4.270370877439654
4.769823745623209
5.268933527464044
5.767617219525497
6.266727001366331
6.765410693427785
6.27776798374664
5.803330213733541
5.346737387117297
4.9124549839923555
4.50473028840147
4.119853693744211
3.712893011995082
3.2792647411112
2.8232097677187777
2.349188311705081
1.861836305245955
1.3662434312707816
1.8645867745584486
1.9999999999999982
