3.0
3.0
2.9920873255977267
2.9762743670395087
2.9525858854164446
2.921058973891671
2.8817429996171637
2.83469952643103
2.7840821593426277
2.729908086034374
2.67219570190731
2.6069524239124044
2.534280414762858
2.4542934696243432
2.381621460474797
2.3163781824798915
2.2586657983528275
2.2044917250445737
2.1538743579561714
2.1068308847700377
2.0675149104955306
2.0359879989707568
2.0122995173476927
1.9807726058229191
1.941456631548412
1.894413158362278
1.8437957912738758
1.7896217179656222
1.7319093338385585
1.6706782357659902
1.605949215439154
1.5377442523071703
1.4770310328902752
1.423904626403465
1.3784482220732177
1.3329918177429705
1.2875354134127233
1.242079009082476
1.1930414902654847
1.1404395081893501
1.0842909244342853
1.0246148048680201
0.9614314131717764
0.8947622039595131
0.8356052979219946
0.7840533272845026
0.7401870159063071
0.7040750528773223
0.6757739849596888
0.6553281280427025
0.6427694977497433
0.638117759305862
0.6413801967445272
0.6483268695722813
0.6589554189701401
0.6732622358975291
0.6954502548565267
0.7254847322185621
0.7633186377946081
0.8088927284785022
0.8621356410141514
0.9229640037413552
0.9872927350125233
1.0550999913010766
1.126362747909096
1.2049630470406254
1.2907778105784324
1.1944030659461446
1.0911709587516105
0.9812431374049738
0.8647917349570273
0.7419990995606491
0.6130575089366812
0.47816886929136326
0.33754439915677426
0.1929659285599008
0.05276077349980013
-0.08169252137064165
-0.2101834192141463
-0.33251071955230915
-0.4484828733200752
-0.5579182828073239
-0.6606455860178917
-0.7565039250007641
-0.8453431977332595
-0.9270242931617949
-1.0014193090321812
-1.0684117521683631
-1.1278967208859816
-1.179781069255134
-1.2239835529551015
-1.260434956492677
-1.289078521209482
-1.2681878598728435
-1.25518242586963
-1.2500825840629364
-1.2499999999999998
