0.7996868253210433
-1.1102230246251565e-16
0.0
2.220446049250313e-16
-1.1102230246251565e-16
4.440892098500626e-16
3.3306690738754696e-16
-4.440892098500626e-16
-3.3306690738754696e-16
-1.1102230246251565e-16
-2.220446049250313e-16
2.220446049250313e-16
4.440892098500626e-16
0.0
4.440892098500626e-16
5.551115123125783e-16
2.220446049250313e-16
0.0
-1.2212453270876722e-15
-1.1102230246251565e-15
-1.1102230246251565e-16
1.1102230246251565e-15
1.1102230246251565e-16
-1.1102230246251565e-15
3.3306690738754696e-16
0.0
0.0
1.1102230246251565e-16
0.0
3.3306690738754696e-16
-0.7996868253210433
-0.7996868253210437
-7.771561172376096e-16
-2.220446049250313e-16
0.7996868253210447
0.7996868253210445
-8.881784197001252e-16
1.1102230246251565e-16
-1.1102230246251565e-16
1.1102230246251565e-16
-1.1102230246251565e-16
1.1102230246251565e-16
-0.7996868253210437
-0.7997912059810666
1.2212453270876722e-15
-1.1102230246251565e-15
3.3306690738754696e-16
1.7763568394002505e-15
-1.9984014443252818e-15
1.1102230246251565e-16
-2.220446049250313e-16
3.3306690738754696e-16
6.661338147750939e-16
-1.1102230246251565e-15
-6.661338147750939e-16
5.551115123125783e-16
2.1094237467877974e-15
-2.220446049250313e-16
-6.661338147750939e-16
-2.220446049250313e-16
-9.251378080876727e-05
4.163927744593732e-05
5.087450336194177e-05
-4.440892098500626e-16
0.0
1.7763568394002505e-15
-5.551115123125783e-16
-1.1102230246251565e-15
2.55351295663786e-15
6.661338147750939e-16
-2.220446049250313e-15
-2.220446049250313e-15
5.551115123125783e-16
4.218847493575595e-15
-2.1094237467877974e-15
-1.7763568394002505e-15
1.4432899320127035e-15
2.55351295663786e-15
-6.059457288365433e-05
0.7998518005539469
0.7997912059810667
8.881784197001252e-16
-0.19420601801157877
-0.6055851879694888
0.0
