0.0
-0.03957370045131725
-0.0791474009026345
-0.11872110135395175
-0.158294801805269
-0.19786850225658625
-0.2374422027079035
-0.27701590315922076
-0.316589603610538
-0.35616330406185526
-0.3957370045131725
-0.43531070496448976
-0.474884405415807
-0.5144581058671243
-0.474884405415807
-0.43531070496448976
-0.3957370045131725
-0.35616330406185526
-0.316589603610538
-0.27701590315922076
-0.2374422027079035
-0.27701590315922076
-0.316589603610538
-0.27701590315922076
-0.2374422027079035
-0.19786850225658625
-0.2374422027079035
-0.19786850225658625
-0.2374422027079035
-0.19786850225658625
-0.158294801805269
-0.11872110135395175
-0.0791474009026345
-0.03957370045131725
0.0
0.03957370045131725
0.0791474009026345
0.11872110135395175
0.0791474009026345
0.11872110135395175
0.0791474009026345
0.11872110135395175
0.0791474009026345
0.11872110135395175
0.158294801805269
0.19786850225658625
0.2374422027079035
0.27701590315922076
0.316589603610538
0.35616330406185526
0.3957370045131725
0.43531070496448976
0.474884405415807
0.5144581058671243
0.5540318063184415
0.5936055067697588
0.633179207221076
0.6727529076723933
0.7123266081237105
0.7519003085750278
0.791474009026345
0.8310477094776623
0.8195563812660875
0.7799826808147703
0.740408980363453
0.7008352799121353
0.6612615794608181
0.6216878790095008
0.5821141785581836
0.5425404781068663
0.5029667776555491
0.46339307720423184
0.4238193767529146
0.38424567630159734
0.3446719758502801
0.30509827539896284
0.2655245749476456
0.22595087449632834
0.18637717404501108
0.14680347359369383
0.13907225118322053
0.09949855073190328
0.05992485028058603
0.020351149829268778
0.0
