0.0
0.39984341266052165
0.3998434126605216
0.3998434126605216
0.3998434126605217
0.39984341266052165
0.39984341266052187
0.39984341266052204
0.3998434126605218
0.39984341266052165
0.3998434126605216
0.3998434126605215
0.3998434126605216
0.3998434126605218
0.3998434126605218
0.39984341266052204
0.3998434126605223
0.3998434126605224
0.3998434126605224
0.3998434126605218
0.39984341266052126
0.3998434126605212
0.39984341266052176
0.3998434126605218
0.39984341266052126
0.3998434126605214
0.3998434126605214
0.3998434126605214
0.3998434126605215
0.3998434126605215
0.39984341266052165
0.0
-0.39984341266052187
-0.39984341266052226
-0.39984341266052237
0.0
0.39984341266052226
0.3998434126605218
0.39984341266052187
0.3998434126605218
0.39984341266052187
0.3998434126605218
0.39984341266052187
0.0
-0.3998956029905333
-0.3998956029905327
-0.3998956029905332
-0.39989560299053306
-0.3998956029905322
-0.39989560299053317
-0.3998956029905331
-0.3998956029905332
-0.39989560299053306
-0.39989560299053273
-0.3998956029905333
-0.3998956029905336
-0.39989560299053334
-0.3998956029905323
-0.3998956029905324
-0.39989560299053273
-0.39989560299053284
-0.3999418598809372
-0.39992104024221425
-0.3998956029905333
-0.3998956029905335
-0.3998956029905335
-0.3998956029905326
-0.3998956029905329
-0.39989560299053345
-0.3998956029905322
-0.39989560299053184
-0.39989560299053295
-0.39989560299053406
-0.3998956029905338
-0.3998956029905317
-0.39989560299053273
-0.3998956029905336
-0.3998956029905329
-0.3998956029905316
-0.39992590027697345
0.0
0.39989560299053334
0.3998956029905338
0.3027925939847444
0.0
