1.0
1.2
1.3998434126605217
1.5992173084985577
1.7978094932350013
1.995308996651362
2.1914065595297574
2.385795117913695
2.5781702839313514
2.768230822428442
2.9556791226643373
3.1402216643328003
3.321569477177627
3.499438593483482
3.6735504927333884
3.8514196090392434
4.032767421884071
4.217309963552534
4.4047582637884295
4.594818802285521
4.787193968303177
4.981582526687114
5.17395769270477
5.364018231201861
5.556393397219517
5.750781955603454
5.9468795184818495
6.141268076865787
6.337365639744182
6.5317541981281195
6.727851761006515
6.925351264422876
6.726759079686432
6.527385183848396
6.327541771187874
6.1275417711878735
6.327385183848396
6.526759079686432
6.7253512644228755
6.924725160260912
7.123317344997355
7.3226912408353915
7.521283425571835
7.720657321409871
7.52258562701899
7.325761406364789
7.13049286125784
6.937085757517763
6.745842946182668
6.557063889282766
6.371044190920749
6.188075134393188
6.008443226077767
5.832429746800572
5.660310311385926
5.492354437078468
5.328825121513276
5.169978430894859
5.016063099029906
4.867320137841633
4.723982459975625
4.586274514088124
4.451947562955168
4.3125822535777
4.16765149422122
4.017382228105889
3.8620097578775723
3.7017773771536806
3.536935989556172
3.3677437158282437
3.1944654896499314
3.0173726427855003
2.836742480212262
2.6528578458960848
2.466006679893555
2.2764815674743
2.084579280969497
1.8906003150639856
1.6948484162596227
1.4976301072467253
1.2994115717124224
1.4979773997739674
1.6973293316687847
1.897155207510524
2.000000000000001
