3.5
3.5
3.4920873255977267
3.4762743670395087
3.4525858854164446
3.421058973891671
3.3817429996171637
3.33469952643103
3.2800022184563296
3.217736724752386
3.1480005451992037
3.0709028778249987
2.986564447815912
2.895117318475652
2.796704684431082
2.705257555090822
2.6209191250817354
2.5438214577075304
2.474085278154348
2.4118197844504046
2.357122476475704
2.3100790032895704
2.25538169531487
2.1931162016109265
2.138418893636226
2.0913754204500923
2.0520594461755852
2.0050159729894514
1.9656999987149444
1.9186565255288104
1.8793405512543033
1.8478136397295297
1.8715021213525938
1.8873150799108118
1.8952277543130849
1.8952277543130849
1.903140428715358
1.918953387273576
1.94264186889664
1.958454827454858
1.9821433090779221
1.9979562676361402
2.0216447492592042
2.0374577078174223
2.0098464076958407
1.9744203413442794
1.9312349814975194
1.8803579509615895
1.8218689167250108
1.7558594652103807
1.682432958861631
1.6017043742915245
1.5138001222428374
1.418857849645142
1.317026224077138
1.2084647009720508
1.0933432739306064
0.9718422085325795
0.8441517600637145
0.7104718756000354
0.5710118809160429
0.4259901527070473
0.2778202071793381
0.1343904663464084
-0.003413216498545868
-0.13537505823485585
-0.26128842332541913
-0.38095614738179284
-0.49419084589866413
-0.6008152076742577
-0.7006622724572344
-0.7935756923853043
-0.8794099768061829
-0.9580307200975362
-1.0293148121291646
-1.093150631037886
-1.1494382180132368
-1.198089433820316
-1.2390280968146694
-1.272190102233092
-1.29879487581193
-1.2749958855074675
-1.259071462030219
-1.2510465410112346
-1.2499999999999991
