0.7996868253210435
1.1102230246251565e-16
-1.1102230246251565e-16
0.0
0.0
0.0
1.1102230246251565e-16
0.0
0.0
0.0
-2.220446049250313e-16
-1.1102230246251565e-16
-1.1102230246251565e-16
2.220446049250313e-16
0.0
3.3306690738754696e-16
-1.1102230246251565e-16
0.0
0.0
-2.220446049250313e-16
0.0
3.3306690738754696e-16
-1.1102230246251565e-16
1.1102230246251565e-16
7.771561172376096e-16
2.220446049250313e-16
-1.1102230246251565e-16
-1.1102230246251565e-16
0.0
0.0
0.0
2.220446049250313e-16
-1.1102230246251565e-16
1.1102230246251565e-16
-1.1102230246251565e-16
-1.1102230246251565e-16
0.0
0.0
0.0
-0.7996868253210445
0.0
0.7996868253210445
-0.7996868253210445
-0.7997912059810666
1.1102230246251565e-15
-8.881784197001252e-16
2.220446049250313e-16
1.5543122344752192e-15
-1.7763568394002505e-15
1.1102230246251565e-16
-3.3306690738754696e-16
4.440892098500626e-16
8.881784197001252e-16
-1.5543122344752192e-15
-4.440892098500626e-16
6.661338147750939e-16
1.9984014443252818e-15
-2.220446049250313e-16
-7.994727564719639e-05
6.010343323259448e-05
1.9843842411937374e-05
1.4432899320127035e-15
9.992007221626409e-16
4.440892098500626e-16
-1.4432899320127035e-15
-3.219646771412954e-15
2.4424906541753444e-15
3.552713678800501e-15
-1.2212453270876722e-15
-3.3306690738754696e-16
-3.552713678800501e-15
1.6653345369377348e-15
1.9984014443252818e-15
-2.1094237467877974e-15
-8.974316174392705e-05
0.7998809491428107
0.7997912059810661
-1.6653345369377348e-15
-0.16548523585129926
-0.6343059701297652
0.0
