0.0
0.39984341266052176
0.3998434126605218
0.39984341266052176
0.39984341266052176
0.39984341266052176
0.39984341266052176
0.3998434126605218
0.3998434126605218
0.3998434126605218
0.3998434126605218
0.3998434126605217
0.39984341266052165
0.3998434126605216
0.3998434126605217
0.3998434126605217
0.39984341266052187
0.3998434126605218
0.3998434126605218
0.3998434126605218
0.3998434126605217
0.3998434126605217
0.39984341266052187
0.3998434126605218
0.39984341266052187
0.39984341266052226
0.39984341266052237
0.3998434126605223
0.39984341266052226
0.39984341266052226
0.39984341266052226
0.39984341266052226
0.39984341266052237
0.3998434126605223
0.39984341266052237
0.3998434126605223
0.39984341266052226
0.39984341266052226
0.39984341266052226
0.39984341266052226
0.0
0.0
0.39984341266052226
0.0
-0.3998956029905333
-0.39989560299053273
-0.39989560299053317
-0.39989560299053306
-0.3998956029905323
-0.39989560299053317
-0.3998956029905331
-0.3998956029905333
-0.39989560299053306
-0.3998956029905326
-0.3998956029905334
-0.3998956029905336
-0.3998956029905333
-0.3998956029905323
-0.3998956029905324
-0.399935576628356
-0.3999055249117397
-0.3998956029905337
-0.399895602990533
-0.3998956029905325
-0.3998956029905323
-0.399895602990533
-0.3998956029905346
-0.3998956029905334
-0.3998956029905316
-0.39989560299053223
-0.3998956029905324
-0.39989560299053417
-0.39989560299053334
-0.39989560299053234
-0.3998956029905334
-0.39994047457140536
0.0
0.39989560299053306
0.39989560299053223
0.3171529850648826
0.0
