-1.0
-0.8
-0.6001565873394782
-0.4007826915014421
-0.20219050676499845
-0.0028166109269623374
0.1957755738094813
0.3951494696475174
0.5949928823080393
0.7943667781460754
0.9929589628825191
1.1904584662988797
1.3890506510353233
1.5884245468733593
1.787016731609803
1.9845162350261636
2.183108419762607
2.3824823156006434
2.582325728261165
2.7816996240992014
2.980291808835645
3.1777913122520056
3.376383496988449
3.5757573928264854
3.774349577562929
3.973723473400965
4.173566886061487
4.373566886061488
4.57341029872201
4.772784194560046
4.972627607220568
5.172001503058604
5.371844915719127
5.571844915719127
5.771688328379649
5.971688328379649
6.171531741040171
6.3709056368782075
6.57074904953873
6.770122945376766
6.969966358037288
6.769966358037288
6.96980977069781
7.169183666535846
6.971111972144965
6.774287751490764
6.5790192063838155
6.385612102643738
6.194369291308643
6.005590234408741
5.819570536046724
5.636601479519163
5.456969571203742
5.280956091926547
5.108836656511901
4.940880782204443
4.777351466639251
4.618504776020834
4.464589444155881
4.315846482967608
4.169010361047118
4.017123827284223
3.860209130269415
3.6985119785519984
3.53228556939986
3.3617901923246007
3.1872928215011154
3.0090666977198355
2.8273909005262485
2.642549911217653
2.454833167381473
2.264534609672636
2.071952221539723
1.8773875626206182
1.6811452965382845
1.4835327138361132
1.2851893022947056
1.4836866883134663
1.6829925556103662
1.8827948164303852
2.000000000000001
