2.0
2.0
1.992087325597727
1.9762743670395089
1.9525858854164448
1.9367729268582268
1.9130844452351627
1.8972714866769447
1.8893588122746716
1.8735458537164535
1.8498573720933895
1.818330460568616
1.7946419789455519
1.7788290203873338
1.7551405387642698
1.7236136272394962
1.6999251456164322
1.684112187058214
1.676199512655941
1.660386554097723
1.636698072474659
1.6051711609498853
1.5814826793268213
1.5656697207686032
1.5419812391455392
1.5261682805873211
1.518255606185048
1.518255606185048
1.510342931782775
1.494529973224557
1.4866172988222839
1.4708043402640658
1.4628916658617928
1.4628916658617928
1.4549789914595197
1.4549789914595197
1.4470663170572466
1.4312533584990286
1.4233406840967555
1.4075277255385374
1.3996150511362644
1.3996150511362644
1.4075277255385374
1.4233406840967555
1.395729383975174
1.3603033176236126
1.3171179577768526
1.266240927240923
1.207751893004344
1.141742441489714
1.0683159351409641
0.9875873505708577
0.8996830985221705
0.8047408259244753
0.7029092003564712
0.5943476772513839
0.4792262502099396
0.35772518481191273
0.23003473634304772
0.09635485187936865
-0.03942262490842152
-0.16951974584033214
-0.2935058655232614
-0.41118683739107675
-0.5223783879408572
-0.6269064052818736
-0.7246072117727611
-0.8153278203199881
-0.8989261739362704
-0.9752713681838345
-1.0442438561541876
-1.1057356356634453
-1.1596504183700767
-1.205903780550255
-1.2444232952947243
-1.2751486459201653
-1.300806260974184
-1.2764430149466464
-1.2599520697248348
-1.2513592480411269
-1.250000000000001
