0.7996868253210446
-0.7996868253210446
0.0
0.7996868253210445
1.1102230246251565e-16
-1.1102230246251565e-16
1.1102230246251565e-16
-1.1102230246251565e-16
-0.7996868253210445
-0.7997912059810648
-4.440892098500626e-16
-2.9976021664879227e-15
1.9984014443252818e-15
1.1102230246251565e-16
-1.7763568394002505e-15
3.552713678800501e-15
-4.440892098500626e-16
-1.7763568394002505e-15
1.1102230246251565e-15
6.661338147750939e-16
-2.6645352591003757e-15
-6.661338147750939e-16
3.774758283725532e-15
-4.440892098500626e-16
-6.661338147750939e-16
-2.220446049250313e-16
-4.440892098500626e-16
4.440892098500626e-16
3.3306690738754696e-16
-4.7928433961508254e-05
-4.483460519622007e-05
9.276303915528583e-05
2.55351295663786e-15
-2.220446049250313e-16
-8.881784197001252e-16
1.887379141862766e-15
-1.887379141862766e-15
-8.881784197001252e-16
2.9976021664879227e-15
-1.2212453270876722e-15
-1.9984014443252818e-15
1.887379141862766e-15
-9.992007221626409e-16
8.881784197001252e-16
2.1094237467877974e-15
-1.5543122344752192e-15
-1.1102230246251565e-15
5.551115123125783e-16
5.551115123125783e-16
-2.3314683517128287e-15
-9.139409927527709e-06
0.799800345390995
0.7997912059810662
-1.1102230246251565e-15
-0.16887666041133176
-0.6309145455697334
0.0
