0.0
-0.03957370045131725
0.0
0.03957370045131725
0.0791474009026345
0.03957370045131725
0.0791474009026345
0.03957370045131725
0.0791474009026345
0.11872110135395175
0.158294801805269
0.19786850225658625
0.2374422027079035
0.27701590315922076
0.316589603610538
0.35616330406185526
0.3957370045131725
0.43531070496448976
0.474884405415807
0.5144581058671243
0.5540318063184415
0.5936055067697588
0.633179207221076
0.6727529076723933
0.7123266081237105
0.7519003085750278
0.791474009026345
0.8310477094776623
0.8706214099289795
0.9101951103802968
0.949768810831614
0.9623791501589283
0.922805449707611
0.8832317492562938
0.8436580488049765
0.8040843483536588
0.7645106479023416
0.7249369474510243
0.6853632469997071
0.6457895465483898
0.6062158460970726
0.5666421456457553
0.5270684451944381
0.4874947447431208
0.44792104429180357
0.4083473438404863
0.36877364338916907
0.3291999429378518
0.28962624248653457
0.2500525420352173
0.21047884158390007
0.17090514113258282
0.14157877780369654
0.10200507735237929
0.06243137690106204
0.02285767644974479
0.0
