0.0
0.3998434126605223
0.0
0.0
0.39984341266052226
0.3998434126605223
0.39984341266052226
0.3998434126605223
0.39984341266052226
0.0
-0.3998956029905324
-0.3998956029905326
-0.3998956029905341
-0.3998956029905331
-0.39989560299053306
-0.39989560299053395
-0.3998956029905322
-0.3998956029905324
-0.3998956029905333
-0.39989560299053273
-0.3998956029905324
-0.3998956029905337
-0.39989560299053406
-0.3998956029905322
-0.3998956029905324
-0.39989560299053273
-0.39989560299053284
-0.39989560299053306
-0.39989560299053284
-0.3998956029905327
-0.3999195672075134
-0.39994198451011154
-0.3998956029905339
-0.3998956029905326
-0.39989560299053273
-0.39989560299053317
-0.39989560299053223
-0.39989560299053317
-0.3998956029905336
-0.3998956029905321
-0.39989560299053273
-0.3998956029905337
-0.3998956029905328
-0.3998956029905333
-0.39989560299053284
-0.3998956029905318
-0.39989560299053256
-0.3998956029905331
-0.39989560299053284
-0.39989560299053256
-0.3998956029905337
-0.3999001726954975
0.0
0.3998956029905331
0.39989560299053256
0.3154572727848667
0.0
