7.0
7.2
7.399843412660522
7.199843412660522
7.399686825321044
7.599060721159081
7.798904133819603
7.998278029657639
8.198121442318161
8.397495338156197
8.199423643765316
8.002599423111116
7.807330878004167
7.613923774264089
7.422680962928994
7.233901906029091
7.047882207667074
6.864913151139514
6.685281242824093
6.509267763546898
6.337148328132252
6.169192453824795
6.005663138259602
5.846816447641185
5.692901115776232
5.544158154587959
5.400820476721951
5.26311253083445
5.131249950134169
5.005439214727996
4.88587732829928
4.771990777075534
4.654459924120108
4.530619487554426
4.400663385823306
4.264795113728938
4.123227423783788
3.9761819930671036
3.823889076106666
3.66658714432936
3.504522512645102
3.3379489537488816
3.1671273007448475
2.9923250387146947
2.8138158858698796
2.631879364943571
2.4468003654934236
2.2588686978006107
2.0683786390636083
1.8756284725973646
1.6809200207593875
1.4845581723341494
1.2868684529729641
1.4853740045322086
1.684685395246019
1.8844905287103995
2.0
