3.0
3.0
2.9920873255977267
2.9920873255977267
3.0
3.015812958558218
3.0237256329604913
3.0395385915187094
3.0474512659209827
3.0632642244792008
3.035652924357619
3.000226858006058
2.957041498159298
2.906164467623368
2.8476754333867893
2.781665981872159
2.7082394755234094
2.627510890953303
2.539606638904616
2.4446643663069203
2.3428327407389165
2.2342712176338293
2.1191497905923846
1.997648725194358
1.869958276725493
1.736278392261814
1.5968183975778214
1.4517966693688258
1.3014402933006968
1.1459847084224535
0.985673338498529
0.821272019479236
0.6594657197970268
0.502436021062997
0.3504288119045844
0.2036821163664242
0.062425721194833805
-0.07311918397914674
-0.20274035299470672
-0.32623481551188327
-0.44340919483741814
-0.5540800107281769
-0.6580739666979749
-0.7552282213779438
-0.8453906435054885
-0.9284200501425901
-1.0041864277504118
-1.072571135774039
-1.1334670924185675
-1.1867789423256365
-1.2324232058878515
-1.2703284099672754
-1.300566640115563
-1.2762700145589356
-1.25984596070474
-1.251320196541939
-1.25
