0.7996868253210437
-1.1102230246251565e-16
0.0
-2.220446049250313e-16
0.0
3.3306690738754696e-16
-1.1102230246251565e-16
-2.220446049250313e-16
0.0
2.220446049250313e-16
2.220446049250313e-16
0.0
-2.220446049250313e-16
-1.1102230246251565e-16
1.1102230246251565e-16
1.1102230246251565e-16
0.0
-1.1102230246251565e-16
-2.220446049250313e-16
0.0
0.0
0.0
0.0
0.0
4.440892098500626e-16
3.3306690738754696e-16
-5.551115123125783e-16
0.0
0.0
1.1102230246251565e-16
-1.1102230246251565e-16
-2.220446049250313e-16
0.0
0.0
8.881784197001252e-16
3.3306690738754696e-16
-9.992007221626409e-16
-2.220446049250313e-16
0.0
-0.7996868253210434
-0.7996868253210445
-2.220446049250313e-16
0.7996868253210447
0.7996868253210445
-8.881784197001252e-16
1.1102230246251565e-16
-1.1102230246251565e-16
1.1102230246251565e-16
-1.1102230246251565e-16
1.1102230246251565e-16
-1.1102230246251565e-16
1.1102230246251565e-16
-1.1102230246251565e-16
1.1102230246251565e-16
-1.1102230246251565e-16
1.1102230246251565e-16
-1.1102230246251565e-16
1.1102230246251565e-16
-0.7996868253210437
-0.7997912059810666
1.1102230246251565e-15
-8.881784197001252e-16
2.220446049250313e-16
1.5543122344752192e-15
-1.7763568394002505e-15
1.1102230246251565e-16
-4.440892098500626e-16
5.551115123125783e-16
8.881784197001252e-16
-1.5543122344752192e-15
-4.440892098500626e-16
8.881784197001252e-16
1.7763568394002505e-15
-2.220446049250313e-16
-6.661338147750939e-16
-2.220446049250313e-16
-7.98078110950673e-05
6.0083919841913414e-05
1.972389125370899e-05
-1.7763568394002505e-15
4.440892098500626e-16
9.992007221626409e-16
-1.1102230246251565e-15
-8.881784197001252e-16
1.7763568394002505e-15
-2.220446049250313e-16
-2.3314683517128287e-15
2.7755575615628914e-15
2.6645352591003757e-15
-3.3306690738754696e-16
-4.884981308350689e-15
2.220446049250313e-16
3.4416913763379853e-15
-4.099266910140287e-06
0.7997953052479745
0.7997912059810676
-1.5543122344752192e-15
-0.17372550242528362
-0.6260657035557824
0.0
