0.0
0.39984341266052187
0.3998434126605218
0.3998434126605218
0.3998434126605217
0.3998434126605217
0.39984341266052187
0.3998434126605218
0.3998434126605217
0.3998434126605217
0.3998434126605218
0.3998434126605219
0.3998434126605219
0.3998434126605218
0.39984341266052176
0.3998434126605218
0.39984341266052187
0.39984341266052187
0.3998434126605218
0.3998434126605217
0.3998434126605217
0.3998434126605217
0.3998434126605217
0.3998434126605217
0.3998434126605217
0.3998434126605219
0.3998434126605221
0.3998434126605218
0.3998434126605218
0.3998434126605218
0.39984341266052187
0.3998434126605218
0.3998434126605217
0.3998434126605217
0.3998434126605217
0.39984341266052215
0.3998434126605223
0.3998434126605218
0.3998434126605217
0.3998434126605217
0.0
-0.39984341266052226
-0.39984341266052237
0.0
0.39984341266052226
0.3998434126605218
0.39984341266052187
0.3998434126605218
0.39984341266052187
0.3998434126605218
0.39984341266052187
0.3998434126605218
0.39984341266052187
0.3998434126605218
0.39984341266052187
0.3998434126605218
0.39984341266052187
0.3998434126605218
0.39984341266052187
0.0
-0.3998956029905333
-0.39989560299053273
-0.39989560299053317
-0.39989560299053306
-0.3998956029905323
-0.39989560299053317
-0.3998956029905331
-0.39989560299053334
-0.39989560299053306
-0.3998956029905326
-0.3998956029905334
-0.3998956029905336
-0.39989560299053317
-0.3998956029905323
-0.3998956029905324
-0.39989560299053273
-0.39989560299053284
-0.3999355068960804
-0.3999054649361594
-0.39989560299053256
-0.39989560299053345
-0.3998956029905332
-0.39989560299053273
-0.3998956029905333
-0.3998956029905337
-0.39989560299053284
-0.39989560299053295
-0.3998956029905341
-0.39989560299053273
-0.3998956029905314
-0.39989560299053156
-0.399895602990534
-0.3998956029905339
-0.3998956029905322
-0.39989765262398724
0.0
0.3998956029905338
0.399895602990533
0.3130328517778912
0.0
