-3.0
-2.8
-2.600156587339478
-2.400782691501442
-2.2021905067649983
-2.0046910033486376
-1.806098818612194
-1.6067249227741578
-1.4081327380377142
-1.2106332346213535
-1.01204104988491
-0.8145415464685491
-0.6159493617321055
-0.41844985831574466
-0.21985767357930103
-0.02048377774126492
0.1793596349192569
0.37935963491925695
0.5792030475797788
0.7785769434178149
0.9771691281542585
1.1746686315706192
1.3732608163070628
1.5707603197234234
1.769352504459867
1.9668520078762277
2.1654441926126715
2.3648180884507077
2.5646615011112295
2.7640353969492657
2.9626275816857093
3.1620014775237455
3.360593662260189
3.5580931656765498
3.7566853504129933
3.954184853829354
4.152777038565798
4.352150934403834
4.550743119140278
4.7482426225566385
4.946834807293082
4.747460911455046
4.547617498794524
4.3476174987945235
4.547460911455046
4.746834807293082
4.9454269920295255
5.144800887867562
5.343393072604005
5.5427669684420415
5.741359153178485
5.940733049016521
6.139325233752965
6.338699129591001
6.537291314327445
6.736665210165481
6.9352573949019245
7.134631290739961
7.333223475476404
7.5325973713144405
7.334525676923559
7.137701456269358
6.94243291116241
6.749025807422332
6.557782996087237
6.369003939187335
6.182984240825318
6.000015184297757
5.820383275982336
5.644369796705141
5.472250361290495
5.3042944869830375
5.140765171417845
4.981918480799428
4.828003148934475
4.679260187746202
4.535922509880194
4.398214563992693
4.262566944407066
4.121434293362566
3.9748063643642677
3.8229127581851206
3.6659913209818797
3.504287771858131
3.33805531809929
3.1675542586820455
2.9930515766791244
2.814820521197589
2.633140179505345
2.448295040015802
2.260574546815042
2.0702726464290224
1.8776873275405324
1.683120154376649
1.4868757944973252
1.2892693124024497
1.4877864995841987
1.6871057482586966
1.8869149497173758
2.000000000000001
