2.5
2.5
2.4920873255977267
2.4762743670395087
2.4525858854164446
2.421058973891671
2.3973704922686068
2.3815575337103887
2.3578690520873247
2.326342140562551
2.302653658939487
2.271126747414713
2.247438265791649
2.215911354266875
2.192222872643811
2.176409914085593
2.1684972396833198
2.1684972396833198
2.1605845652810465
2.1447716067228284
2.1210831250997644
2.0895562135749906
2.0658677319519265
2.0343408204271527
2.0106523388040887
1.979125427279315
1.955436945656251
1.939623987098033
1.93171131269576
1.9158983541375418
1.8922098725144778
1.8763969139562597
1.8527084323331957
1.821181520808422
1.797493039185358
1.7659661276605845
1.7422776460375204
1.7264646874793024
1.7027762058562383
1.6712492943314647
1.6475608127084007
1.6633737712666188
1.6712864456688918
1.6712864456688918
1.679199120071165
1.695012078629383
1.718700560252447
1.734513518810665
1.758202000433729
1.7740149589919472
1.7977034406150112
1.8135163991732293
1.8372048807962933
1.8530178393545114
1.8767063209775754
1.8925192795357935
1.9162077611588575
1.9320207197170756
1.9557092013401396
1.9715221598983577
1.9439108597767762
1.9084847934252147
1.8652994335784547
1.8144224030425251
1.7559333688059462
1.689923917291316
1.6164974109425663
1.5357688263724598
1.4478645743237726
1.3529223017260774
1.2510906761580733
1.142529153052986
1.0274077260115417
0.9059066606135149
0.7782162121446499
0.6445363276809708
0.5050763329969783
0.3600546047879827
0.21309854009894358
0.07140748596202906
-0.06458894947268612
-0.19467781300516962
-0.31865540194505804
-0.436327583084281
-0.5475100966850877
-0.6520288450074643
-0.749720164924158
-0.8404310841964098
-0.9240195610091153
-1.0003547063903222
-1.069316989166792
-1.1307984231346817
-1.1847027361522675
-1.2309455208899316
-1.2694543670013523
-1.3002250275893863
-1.2760236555884987
-1.2596952410569988
-1.2512653522247803
-1.2499999999999993
