0.7996868253210433
-1.1102230246251565e-16
0.0
2.220446049250313e-16
-1.1102230246251565e-16
4.440892098500626e-16
3.3306690738754696e-16
-4.440892098500626e-16
0.0
5.551115123125783e-16
-4.440892098500626e-16
0.0
0.0
1.1102230246251565e-16
8.881784197001252e-16
-5.551115123125783e-16
-9.992007221626409e-16
1.1102230246251565e-16
-1.1102230246251565e-16
1.1102230246251565e-16
1.1102230246251565e-16
3.3306690738754696e-16
-0.7996868253210437
-0.7996868253210447
1.1102230246251565e-16
1.1102230246251565e-16
8.881784197001252e-16
0.7996868253210436
0.7996868253210432
-2.220446049250313e-16
-3.3306690738754696e-16
1.1102230246251565e-16
2.220446049250313e-16
0.0
0.0
0.0
-4.440892098500626e-16
9.992007221626409e-16
1.1102230246251565e-16
-1.1102230246251565e-15
-1.1102230246251565e-16
-0.7996868253210424
-0.7997912059810663
-2.220446049250313e-16
0.0
4.440892098500626e-16
4.440892098500626e-16
-1.1102230246251565e-15
2.220446049250313e-16
2.1094237467877974e-15
-6.661338147750939e-16
-9.992007221626409e-16
6.661338147750939e-16
-2.220446049250313e-15
-6.661338147750939e-16
-2.4850195092795957e-06
-3.3177737089440384e-05
3.566275660193963e-05
-5.551115123125783e-16
-2.220446049250313e-16
-6.661338147750939e-16
-1.1102230246251565e-15
2.4424906541753444e-15
2.6645352591003757e-15
-4.107825191113079e-15
-8.881784197001252e-16
2.9976021664879227e-15
-1.5543122344752192e-15
-9.992007221626409e-16
9.992007221626409e-16
1.1102230246251565e-15
5.551115123125783e-16
-5.551115123125783e-16
-1.5543122344752192e-15
-6.661338147750939e-16
-5.620659424554475e-07
0.7997917680470097
0.7997912059810655
-0.027759421202766532
-0.7720317847782989
0.0
