0.0
-0.03957370045131725
-0.0791474009026345
-0.11872110135395175
-0.158294801805269
-0.19786850225658625
-0.2374422027079035
-0.27701590315922076
-0.316589603610538
-0.27701590315922076
-0.2374422027079035
-0.19786850225658625
-0.2374422027079035
-0.19786850225658625
-0.2374422027079035
-0.19786850225658625
-0.158294801805269
-0.19786850225658625
-0.158294801805269
-0.19786850225658625
-0.158294801805269
-0.11872110135395175
-0.0791474009026345
-0.03957370045131725
0.0
0.03957370045131725
0.0791474009026345
0.11872110135395175
0.158294801805269
0.19786850225658625
0.2374422027079035
0.27701590315922076
0.2374422027079035
0.19786850225658625
0.2374422027079035
0.19786850225658625
0.2374422027079035
0.27701590315922076
0.316589603610538
0.27701590315922076
0.2374422027079035
0.27701590315922076
0.316589603610538
0.35616330406185526
0.3957370045131725
0.43531070496448976
0.474884405415807
0.5144581058671243
0.5540318063184415
0.5936055067697588
0.633179207221076
0.6727529076723933
0.7123266081237105
0.7519003085750278
0.791474009026345
0.8310477094776623
0.8706214099289795
0.9050387493041008
0.8654650488527835
0.8258913484014663
0.786317647950149
0.7467439474988313
0.7071702470475141
0.6675965465961968
0.6280228461448796
0.5884491456935623
0.5488754452422451
0.5093017447909278
0.4697280443396106
0.4301543438882933
0.39058064343697607
0.3510069429856588
0.31143324253434157
0.2718595420830243
0.23228584163170707
0.19271214118038982
0.15313844072907257
0.11597273797459895
0.0763990375232817
0.03682533707196445
0.0
