0.0
0.39984341266052165
0.3998434126605216
0.3998434126605216
0.3998434126605217
0.39984341266052165
0.39984341266052187
0.39984341266052204
0.3998434126605218
0.3998434126605218
0.3998434126605221
0.39984341266052187
0.39984341266052187
0.39984341266052187
0.3998434126605219
0.39984341266052237
0.3998434126605221
0.3998434126605216
0.39984341266052165
0.3998434126605216
0.39984341266052165
0.3998434126605217
0.39984341266052187
0.0
-0.39984341266052237
-0.3998434126605223
-0.39984341266052226
-0.3998434126605218
0.0
0.3998434126605216
0.3998434126605215
0.3998434126605213
0.39984341266052137
0.3998434126605215
0.3998434126605215
0.3998434126605215
0.3998434126605215
0.39984341266052126
0.39984341266052176
0.3998434126605218
0.39984341266052126
0.3998434126605212
0.0
-0.39989560299053317
-0.3998956029905333
-0.3998956029905333
-0.39989560299053306
-0.39989560299053284
-0.3998956029905334
-0.3998956029905333
-0.39989560299053223
-0.39989560299053256
-0.39989560299053306
-0.39989560299053273
-0.39989560299053384
-0.39989560299053417
-0.3998968455002888
-0.39991343436883353
-0.39989560299053256
-0.39989560299053284
-0.39989560299053295
-0.3998956029905333
-0.39989560299053384
-0.3998956029905326
-0.3998956029905313
-0.39989560299053334
-0.3998956029905338
-0.3998956029905323
-0.39989560299053306
-0.39989560299053356
-0.39989560299053306
-0.3998956029905325
-0.39989560299053223
-0.3998956029905325
-0.3998956029905333
-0.3998956029905336
-0.39989588402350484
0.0
0.39989560299053273
0.38601589238914946
0.0
