1.0
1.2
1.3998434126605217
1.5992173084985577
1.7978094932350013
1.995308996651362
2.1914065595297574
2.385795117913695
2.5781702839313514
2.768230822428442
2.9606059884460985
3.154994546830036
3.3510921097084316
3.5454806680923694
3.741578230970765
3.9359667893547026
4.132064352233098
4.329563855649459
4.5256614185278545
4.723160921944215
4.919258484822611
5.116757988238971
5.315350172975415
5.514724068813451
5.314880656152929
5.114880656152929
4.915037243492407
4.71566334765437
4.517071162917927
4.7145706663342875
4.910668229212683
5.10505678759662
5.297431953614276
5.491820511998213
5.687918074876609
5.882306633260546
6.0784041961389415
6.272792754522879
6.465167920540535
6.655228459037626
6.847603625055282
7.041992183439219
7.234367349456875
7.045588292556973
6.859568594194956
6.676599537667395
6.496967629351974
6.320954150074779
6.148834714660133
5.980878840352675
5.817349524787483
5.658502834169067
5.504587502304113
5.3558445411158395
5.212506863249832
5.07479891736233
4.942936336662049
4.817099128606923
4.690488484153858
4.557852368105231
4.4193984718263515
4.2753435965898055
4.125913314092115
3.971341613237018
3.8118705337384697
3.6477497871170947
3.479236365683556
3.3065941401211445
3.130093446297681
2.950010661953786
2.7666277739303204
2.5802319366127
2.3911150222834774
2.1995731640873046
2.0059062923239175
1.8104176647952608
1.6134133919421645
1.4152027964817782
1.6142653469786428
1.8139319091061168
2.000000000000001
