2.5
2.5
2.4920873255977267
2.4762743670395087
2.4525858854164446
2.421058973891671
2.3817429996171637
2.33469952643103
2.2800022184563296
2.217736724752386
2.1630394167776856
2.115995943591552
2.076679969317045
2.029636496130911
1.990320521856404
1.94327704867027
1.903961074395763
1.8724341628709893
1.8331181885964822
1.8015912770717086
1.7622753027972016
1.730748391272428
1.707059909649364
1.6912469510911459
1.699159625493419
1.699159625493419
1.6912469510911459
1.6754339925329278
1.6517455109098638
1.6832724224346374
1.7225883967091444
1.7696318698952784
1.824329177869979
1.871372651056113
1.9106886253306201
1.9577320985167541
1.9970480727912612
2.044091545977395
2.0987888539520956
2.161054347656039
2.2157516556307395
2.2627951288168733
2.3174924367915737
2.251482985276944
2.1780564789281938
2.097327894358087
2.0094236423094003
1.9144813697117047
1.8126497441437006
1.7040882210386132
1.5889667939971697
1.4674657285991426
1.3397752801302774
1.2060953956665985
1.0666354009826058
0.92161367277361
0.7712572967054805
0.6158223925783572
0.4610175970310031
0.31134314786611084
0.1670334163215057
0.0283143731664226
-0.10459676514011385
-0.23149187658275894
-0.3521722594825749
-0.4664489436387087
-0.5741429862317968
-0.6750857520257649
-0.7691191774292601
-0.8560960180032251
-0.9358800790270414
-1.0083464287622235
-1.0733815940797053
-1.1308837381443904
-1.1807628198787454
-1.222940734955726
-1.2573514381002657
-1.283948324454824
-1.2647420493614505
-1.2534263973045063
-1.2499999999999973
