0.7996868253210446
-1.1102230246251565e-16
-8.881784197001252e-16
-2.220446049250313e-16
-1.1102230246251565e-16
4.440892098500626e-16
0.00024526248436629317
1.1102230246251565e-16
-4.440892098500626e-16
-0.00024526248436629317
0.0
5.551115123125783e-16
-1.1102230246251565e-16
-2.220446049250313e-16
-4.440892098500626e-16
0.0003131746789565293
0.0
0.0
-0.00031317467895586315
0.0
-1.1102230246251565e-16
-1.1102230246251565e-16
0.0
0.0
-1.1102230246251565e-16
1.1102230246251565e-16
0.0
0.00031317467895641826
0.0
0.0
-0.00031317467895641826
1.1102230246251565e-16
2.220446049250313e-16
0.00024526248436562703
-3.3306690738754696e-16
0.0
-0.000245262484365516
0.0
-3.3306690738754696e-16
3.3306690738754696e-16
0.0
1.1102230246251565e-16
-1.1102230246251565e-16
-1.1102230246251565e-16
0.0
0.0003131746789560852
8.881784197001252e-16
0.0
-8.881784197001252e-16
0.0
0.0
-6.791219459001407e-05
2.220446049250313e-16
-6.661338147750939e-16
-0.0002452624843650719
-5.551115123125783e-16
-0.7996868253210436
-0.7997912059810659
0.0
-6.661338147750939e-16
5.551115123125783e-16
-5.551115123125783e-16
-1.1102230246251565e-15
1.3322676295501878e-15
2.220446049250313e-16
1.2212453270876722e-15
-3.7660245277848503e-06
-3.903285970119352e-05
4.2798884227090994e-05
6.661338147750939e-16
-7.771561172376096e-16
1.1102230246251565e-15
3.3306690738754696e-16
-1.1102230246251565e-15
-9.992007221626409e-16
1.887379141862766e-15
1.5543122344752192e-15
-3.552713678800501e-15
4.218847493575595e-15
3.3306690738754696e-16
-6.661338147750939e-15
-1.868632926171898e-08
0.799791224667399
0.7997912059810672
-2.3314683517128287e-15
-0.301444848817868
-0.4983463571631969
0.0
