0.0
-0.09893425112829313
-0.19786850225658625
-0.23712084833996672
-0.2242249082837371
-0.23712084833996672
-0.2242249082837371
-0.23712084833996672
-0.2242249082837371
-0.23712084833996672
-0.2242249082837371
-0.23712084833996672
-0.2242249082837371
-0.23712084833996672
-0.2242249082837371
-0.23712084833996672
-0.2242249082837371
-0.12529065715544396
-0.026356406027150836
-0.01346046597092121
-0.026356406027150836
-0.01346046597092121
-0.0005645259146915826
0.06684029821847526
0.16577454934676839
0.2647088004750615
0.36364305160335464
0.46257730273164777
0.5615115538599413
0.6604458049882345
0.6963645943534162
0.5974303432251231
0.49849609209683
0.39956184096853686
0.30062758984024374
0.2016933387119506
0.11408420307941824
0.015149951951124674
0.0
