0.0
0.9975549987679724
0.9975549987679723
0.9996148627854542
0.9999584242587101
0.9999584242587101
0.9999584242587098
0.9999584242587098
0.9999584242587098
0.9999584242587098
0.9999584242587101
0.99995842425871
0.9999584242587098
0.99995842425871
0.9999584242587102
0.9999584242587102
0.9999584242587102
0.9975549987679728
0.9975549987679732
0.9999584242587107
0.9999584242587107
0.9999584242587107
0.99995842425871
0.9988645774094626
0.0
-0.9983694671785043
-0.9983694671785037
-0.9983694671785046
-0.9983694671785055
-0.9987074723010305
-0.9990930121881826
-0.9983694671785043
-0.998369467178505
-0.9983694671785039
-0.9983694671785036
-0.9983845598959449
0.0
0.5757475631766137
0.0
