-5.0
-4.8
-4.600156587339478
-4.400782691501441
-4.202190506764998
-4.004691003348637
-3.8085934404702417
-3.614204882086304
-3.420716168852074
-3.2281930019832736
-3.0367007548337606
-2.8476417305146886
-2.661311971522282
-2.478003246668804
-2.2916734876763973
-2.1026144633573254
-1.9111222162078123
-1.7196299690582992
-1.5281377219087862
-1.336645474759273
-1.147586450440201
-0.9612566914477945
-0.7779479665943161
-0.5979473141350452
-0.4215365923027111
-0.24899203795318536
-0.07258131612085128
0.10741933633841963
0.290728061191898
0.47403678604537636
0.6573455108988547
0.8406542357523331
1.0269839947447394
1.2160430190638116
1.407535266213325
1.6000584330821253
1.7935471463163548
1.9879357047002923
2.184033267578688
2.3815327709950487
2.5801249557314923
2.7794988515695285
2.97934226423005
3.1793422642300504
3.379185676890572
3.5785595727286084
3.777151757465052
3.9757439422014955
4.1743361269379395
4.372928311674383
4.571520496410827
4.77011268114727
4.968704865883714
5.166826840149266
5.364411329453581
5.561391241815231
5.75684703619261
5.950472653557446
5.760172181730054
5.57245329090306
5.387609925093309
5.205931525609523
5.027702577823861
4.85320216570384
4.682703534802179
4.516473664388851
4.354772849395356
4.197854292825808
4.045929377723236
3.8932090818631946
3.7355000383960784
3.5730491997171683
3.4061109432727115
3.234946673237047
3.0598244111867587
2.8810183764128268
2.6988085565279287
2.513480269041293
2.3253237145875927
2.134633522509501
1.941708289505442
1.746850112064954
1.5503641134238482
1.3525579961490237
1.5513651686897862
1.7508748465768695
1.9507746229136682
2.000000000000001
