3.0
3.0
2.950613532207671
2.8523235965214035
2.7348710886568086
2.6236957184805783
2.5062432106159833
2.395067840439753
2.277615332575158
2.1664399623989277
2.0489874545343327
1.9378120843581021
1.8203595764935072
1.7091842063172766
1.5917316984526817
1.4805563282764511
1.3631038204118562
1.2519284502356256
1.189446891502424
1.1762702141645787
1.1695401844125275
1.156363507074682
1.1496334773226309
1.1493512143802775
1.1827464842628461
1.07599826573887
0.9215448550956414
0.720896807450414
0.4760164616979734
0.18929874882657582
-0.13270677402540354
-0.43394069698314186
-0.6943093493278476
-0.9112663243564647
-1.0826897817840244
-1.2069031993520918
-1.28285286710409
-1.2505799726877802
-1.2499999999999973
