0.7996868253210446
-1.1102230246251565e-16
-8.881784197001252e-16
-2.220446049250313e-16
-1.1102230246251565e-16
-4.440892098500626e-16
-4.440892098500626e-16
1.1102230246251565e-16
-1.1102230246251565e-16
1.1102230246251565e-16
3.3306690738754696e-16
0.0
0.0
1.1102230246251565e-16
0.0
3.3306690738754696e-16
-1.1102230246251565e-16
1.1102230246251565e-16
-1.1102230246251565e-16
1.7763568394002505e-15
1.9984014443252818e-15
-1.1102230246251565e-16
1.1102230246251565e-16
-0.799686825321047
-0.7996868253210445
1.5543122344752192e-15
1.1102230246251565e-16
-1.6653345369377348e-15
8.881784197001252e-16
2.220446049250313e-16
0.00010439700946696107
-0.00020877766949012333
1.1102230246251565e-15
-9.992007221626409e-16
3.3306690738754696e-16
2.220446049250313e-16
-1.9984014443252818e-15
3.219646771412954e-15
-1.1102230246251565e-16
-1.3322676295501878e-15
6.661338147750939e-16
2.220446049250313e-16
-1.9984014443252818e-15
-7.771561172376096e-16
3.4416913763379853e-15
-2.220446049250313e-16
-6.319202855431527e-06
-4.6841454006463223e-05
5.3160656861117594e-05
-9.992007221626409e-16
0.0
1.2212453270876722e-15
-1.1102230246251565e-16
-2.4424906541753444e-15
5.551115123125783e-16
2.9976021664879227e-15
-5.551115123125783e-16
-2.1094237467877974e-15
1.9984014443252818e-15
-1.1102230246251565e-16
-2.7755575615628914e-15
8.881784197001252e-16
2.3314683517128287e-15
-4.4084595786197944e-05
0.7998352905768509
0.7997912059810668
3.3306690738754696e-16
-0.2270983915621433
-0.5726928144189238
0.0
