0.0
-0.03957370045131725
-0.0791474009026345
-0.11872110135395175
-0.158294801805269
-0.19786850225658625
-0.2374422027079035
-0.27701590315922076
-0.2374422027079035
-0.27701590315922076
-0.2374422027079035
-0.19786850225658625
-0.2374422027079035
-0.19786850225658625
-0.2374422027079035
-0.19786850225658625
-0.158294801805269
-0.19786850225658625
-0.158294801805269
-0.19786850225658625
-0.158294801805269
-0.11872110135395175
-0.158294801805269
-0.11872110135395175
-0.0791474009026345
-0.03957370045131725
0.0
0.03957370045131725
0.0791474009026345
0.11872110135395175
0.158294801805269
0.11872110135395175
0.158294801805269
0.19786850225658625
0.2374422027079035
0.27701590315922076
0.316589603610538
0.35616330406185526
0.3957370045131725
0.43531070496448976
0.474884405415807
0.5144581058671243
0.5540318063184415
0.5936055067697588
0.633179207221076
0.6727529076723933
0.7123266081237105
0.7519003085750278
0.7830645334428494
0.7434908329915322
0.7039171325402149
0.6643434320888977
0.62476973163758
0.5851960311862627
0.5456223307349455
0.5060486302836282
0.466474929832311
0.42690122938099373
0.3873275289296765
0.34775382847835923
0.308180128027042
0.2686064275757247
0.22903272712440748
0.18945902667309023
0.14988532622177297
0.1358174968931265
0.09624379644180925
0.056670095990492
0.017096395539174747
0.0
