0.0
0.3998434126605223
0.39984341266052226
0.3998434126605218
0.3998434126605217
0.39984341266052165
0.3998434126605214
0.3998434126605212
0.39984341266052126
0.3998434126605212
0.39984341266052126
0.3998434126605214
0.3998434126605214
0.3998434126605214
0.3998434126605215
0.3998434126605215
0.39984341266052165
0.3998434126605216
0.39984341266052165
0.3998434126605216
0.3998434126605225
0.3998434126605235
0.3998434126605234
0.3998434126605235
0.0
-0.39984341266052226
-0.3998434126605215
-0.3998434126605214
-0.39984341266052226
-0.3998434126605218
-0.3998434126605217
-0.3997912141557882
-0.3998956029905333
-0.39989560299053273
-0.3998956029905332
-0.39989560299053306
-0.39989560299053295
-0.39989560299053395
-0.39989560299053234
-0.3998956029905324
-0.39989560299053306
-0.39989560299053273
-0.3998956029905326
-0.3998956029905336
-0.399895602990534
-0.3998956029905323
-0.3998956029905324
-0.3998987625919601
-0.39992218331896334
-0.3998956029905328
-0.3998956029905333
-0.3998956029905333
-0.3998956029905327
-0.39989560299053273
-0.39989560299053395
-0.39989560299053367
-0.3998956029905322
-0.39989560299053245
-0.3998956029905335
-0.3998956029905325
-0.39989560299053256
-0.39989560299053395
-0.3998956029905335
-0.39989560299053234
-0.39991764528842544
0.0
0.3998956029905334
0.39989560299053356
0.2863464072094619
0.0
