4.0
4.2
4.399843412660522
4.599217308498559
4.797809493235002
4.995308996651363
5.191406559529758
5.385795117913696
5.578170283931351
5.772558842315289
5.9649340083329445
6.159322566716882
6.355420129595277
6.549808687979215
6.74590625085761
6.940294809241547
7.136392372119943
7.333891875536303
7.529989438414699
7.7274889418310595
7.923586504709455
8.121086008125816
8.319678192862261
8.517177696278623
8.715769881015067
8.51639598517703
8.316552572516509
8.11655257251651
7.916709159855987
7.717335264017951
7.518743079281507
7.321243575865147
7.123171881474265
6.926347660820064
6.731079115713116
6.537672011973038
6.346429200637943
6.15765014373804
5.971630445376023
5.788661388848463
5.609029480533042
5.433016001255847
5.260896565841201
5.0929406915337445
4.929411375968551
4.770564685350134
4.616649353485181
4.467906392296908
4.32450541546346
4.1800000343391135
4.0301381681430986
3.875154481584584
3.7152916594949774
3.5508000268142035
3.3819371566135414
3.2089674667688035
3.0321618059154236
2.8517970293337784
2.6681555654288713
2.4815249734832108
2.2921974933753777
2.100469587969372
1.9066414788913075
1.7110166764203507
1.5139015042300503
1.3157055157380908
1.5143477517834443
1.7137504577633962
1.9136013942858048
2.0
