2.5
2.5
2.4920873255977267
2.4762743670395087
2.4525858854164446
2.421058973891671
2.3817429996171637
2.33469952643103
2.2800022184563296
2.2329587452701958
2.1782614372954954
2.1312179641093616
2.0919019898348545
2.0448585166487208
2.0055425423742137
1.9584990691880797
1.9191830949135726
1.887656183388799
1.848340209114292
1.8168132975895184
1.7774973233150113
1.7459704117902377
1.7222819301671737
1.6907550186424
1.667066537019336
1.6828794955775541
1.6907921699798272
1.6907921699798272
1.6828794955775541
1.667066537019336
1.643378055396272
1.6118511438714984
1.584239843749917
1.5488137773983555
1.5056284175515955
1.4547513870156656
1.396262352779087
1.3302529012644568
1.256826394915707
1.1760978103456006
1.0881935582969136
0.9932512856992182
0.8914196601312141
0.7828581370261268
0.6677367099846825
0.5462356445866556
0.4185451961177906
0.28486531165411155
0.1454683795012921
0.0072186965382345925
-0.12520562552356207
-0.2515972269613591
-0.37175819452914105
-0.4855003713647017
-0.5926456516194714
-0.693026259349721
-0.786485011232454
-0.8728755626945883
-0.9520626370700285
-1.0239222374258001
-1.088341840725545
-1.145220574026355
-1.194469372433025
-1.2360111185624048
-1.2697807632994573
-1.296541147021923
-1.2733885646134566
-1.258113065893228
-1.2507385703582763
-1.2500000000000009
