0.7996868253210446
1.1102230246251565e-16
-1.1102230246251565e-16
1.1102230246251565e-16
-1.1102230246251565e-16
1.1102230246251565e-16
-1.1102230246251565e-16
1.1102230246251565e-16
-1.1102230246251565e-16
1.1102230246251565e-16
-9.992007221626409e-16
1.1102230246251565e-16
-1.1102230246251565e-16
1.1102230246251565e-16
-1.1102230246251565e-16
1.1102230246251565e-16
-1.1102230246251565e-16
-1.1102230246251565e-16
0.0
-2.220446049250313e-16
0.0
0.0
0.0
3.3306690738754696e-16
-1.1102230246251565e-16
-1.1102230246251565e-16
0.0
0.0
0.0
2.220446049250313e-16
0.0
-1.1102230246251565e-16
-2.220446049250313e-16
2.220446049250313e-16
0.0
2.220446049250313e-16
2.220446049250313e-16
0.0
0.0
1.1102230246251565e-16
-4.440892098500626e-16
1.1102230246251565e-16
4.440892098500626e-16
-5.551115123125783e-16
0.0
5.551115123125783e-16
-4.440892098500626e-16
-5.551115123125783e-16
1.1102230246251565e-16
-5.551115123125783e-16
7.771561172376096e-16
8.881784197001252e-16
-8.881784197001252e-16
1.1102230246251565e-16
7.771561172376096e-16
2.220446049250313e-16
-1.1102230246251565e-16
-1.1102230246251565e-16
0.0
0.0
-8.881784197001252e-16
1.1102230246251565e-16
7.771561172376096e-16
-0.7996868253210445
-0.7996868253210446
1.1102230246251565e-16
8.881784197001252e-16
0.7996868253210436
0.7996868253210432
-2.220446049250313e-16
-3.3306690738754696e-16
-0.7996868253210426
-0.7997912059810663
-2.220446049250313e-16
2.220446049250313e-16
2.220446049250313e-16
2.220446049250313e-16
-8.881784197001252e-16
2.220446049250313e-16
1.9984014443252818e-15
-5.551115123125783e-16
-8.881784197001252e-16
5.551115123125783e-16
-5.275268778470732e-05
-3.947785426250405e-05
9.223054204665626e-05
5.551115123125783e-16
-8.881784197001252e-16
3.3306690738754696e-16
-3.3306690738754696e-16
1.3322676295501878e-15
-4.440892098500626e-16
-1.7763568394002505e-15
9.992007221626409e-16
2.220446049250313e-16
5.551115123125783e-16
-9.992007221626409e-16
1.3322676295501878e-15
1.4432899320127035e-15
-2.3314683517128287e-15
9.992007221626409e-16
-9.2650792271054e-05
0.7998838567733361
0.7997912059810669
-8.881784197001252e-16
-0.16996913193068874
-0.6298220740503773
0.0
