0.0
0.3998434126605223
0.39984341266052237
0.3998434126605223
0.39984341266052237
0.3998434126605223
0.39984341266052237
0.3998434126605223
0.39984341266052237
0.3998434126605223
0.39984341266052237
0.39984341266052187
0.3998434126605219
0.39984341266052187
0.3998434126605219
0.39984341266052187
0.3998434126605219
0.39984341266052187
0.3998434126605218
0.3998434126605218
0.3998434126605217
0.3998434126605217
0.3998434126605217
0.3998434126605217
0.39984341266052187
0.3998434126605218
0.39984341266052176
0.39984341266052176
0.39984341266052176
0.39984341266052176
0.39984341266052187
0.39984341266052187
0.3998434126605218
0.3998434126605217
0.3998434126605218
0.3998434126605218
0.3998434126605219
0.39984341266052204
0.39984341266052204
0.39984341266052204
0.3998434126605221
0.39984341266052187
0.3998434126605219
0.39984341266052215
0.39984341266052187
0.39984341266052187
0.39984341266052215
0.3998434126605219
0.39984341266052165
0.3998434126605217
0.3998434126605214
0.3998434126605218
0.39984341266052226
0.3998434126605218
0.39984341266052187
0.39984341266052226
0.39984341266052237
0.3998434126605223
0.39984341266052226
0.39984341266052226
0.39984341266052226
0.3998434126605218
0.39984341266052187
0.39984341266052226
0.0
-0.3998434126605223
-0.39984341266052226
-0.3998434126605218
0.0
0.3998434126605216
0.3998434126605215
0.3998434126605213
0.0
-0.39989560299053317
-0.3998956029905333
-0.39989560299053317
-0.39989560299053306
-0.39989560299053295
-0.3998956029905334
-0.3998956029905333
-0.3998956029905323
-0.39989560299053256
-0.399895602990533
-0.39989560299053273
-0.3999219793344251
-0.39994171826155633
-0.399895602990533
-0.39989560299053273
-0.39989560299053317
-0.399895602990533
-0.39989560299053317
-0.3998956029905325
-0.39989560299053273
-0.3998956029905336
-0.3998956029905331
-0.399895602990533
-0.39989560299053273
-0.3998956029905332
-0.39989560299053256
-0.39989560299053184
-0.399895602990533
-0.3998956029905325
-0.39994192838666803
0.0
0.39989560299053345
0.399895602990533
0.31491103702518863
0.0
