-6.0
-5.8
-5.600156587339478
-5.4001565873394775
-5.200313174678955
-5.000313174678955
-4.800469762018433
-4.600469762018433
-4.4006263493579105
-4.20062634935791
-4.000782936697388
-3.800782936697388
-3.6009395240368662
-3.400939524036866
-3.2010961113763443
-3.001096111376344
-2.8012526987158224
-2.601252698715822
-2.4014092860553005
-2.2020353902172642
-2.0034432054808207
-1.80594370206446
-1.6073515173280164
-1.4098520139116557
-1.2112598291752121
-1.011885933337176
-0.8132937486007323
-0.6139198527626962
-0.4153276680262526
-0.2159537721882165
-0.017361587451772853
0.18013791596458792
0.3762354788429835
0.570624037226921
0.7629992032445772
0.9530597417416681
1.1454349077593242
1.3354954462564153
1.5229437464923106
1.7130042849894016
1.9053794510070579
2.0997680093909956
2.295865572269391
2.490254130653329
2.682629296670985
2.872689835168076
3.065065001185732
3.25945355956967
3.4555511224480653
3.653050625864426
3.8516428106008695
4.051016706438905
4.2508601190994275
4.450234014937464
4.648826199673907
4.8482000955119435
5.048043508172466
5.248043508172466
5.447886920832988
5.647260816671024
5.8471042293315465
6.046478125169583
6.245070309906026
6.4444442057440625
6.644287618404585
6.4442876184045845
6.244444205744062
6.045070309906026
5.8464781251695825
6.043977628585943
6.240075191464339
6.434463749848276
6.626838915865932
6.43805985896603
6.252040160604013
6.069071104076452
5.889439195761031
5.713425716483836
5.54130628106919
5.373350406761732
5.20982109119654
5.050974400578124
4.89705906871317
4.7483161075248965
4.604978429658889
4.466506747065582
4.324680038481887
4.177386081022987
4.024855518378077
3.867327194097094
3.7050477775919552
3.5382713778834853
3.3672591456988674
3.192278864542659
3.013604531381736
2.8315159276007242
2.6462981808997785
2.458241318820699
2.2676398146005203
2.0747921260637083
1.8800002282749864
1.6835691406846207
1.4858064495065788
1.2874093681448793
1.4859175452755586
1.6852307104448148
1.8850367644700796
2.0000000000000018
