3.0
3.0
2.9920873255977267
2.9920873255977267
2.9841746511954534
2.9841746511954534
2.97626197679318
2.97626197679318
2.968349302390907
2.968349302390907
2.9604366279886336
2.9604366279886336
2.9525239535863603
2.9525239535863603
2.944611279184087
2.944611279184087
2.9366986047818138
2.9366986047818138
2.9287859303795405
2.9129729718213224
2.8892844901982584
2.8577575786734846
2.8340690970504205
2.8025421855256467
2.7788537039025827
2.7630407453443646
2.7393522637213006
2.7235393051630825
2.6998508235400185
2.6840378649818004
2.6603493833587364
2.6288224718339626
2.5895064975594555
2.5424630243733217
2.4877657163986213
2.425500222694678
2.3708029147199774
2.308537421016034
2.2388012414628515
2.176535747758908
2.1218384397842076
2.074794966598074
2.0354789923235668
1.9884355191374328
1.9337382111627321
1.8714727174587886
1.816775409484088
1.769731936297954
1.730415962023447
1.6988890504986733
1.6752005688756093
1.6593876103173912
1.6514749359151182
1.6356619773569
1.611973495733836
1.596160537175618
1.588247862773345
1.588247862773345
1.580335188371072
1.5645222298128538
1.5566095554105808
1.5407965968523627
1.5171081152292987
1.5012951566710806
1.4933824822688075
1.4933824822688075
1.4854698078665345
1.4696568493083164
1.4459683676852524
1.477495279210026
1.516811253484533
1.563854726670667
1.6185520346453677
1.5525425831307378
1.4791160767819878
1.398387492211881
1.3104832401631945
1.2155409675654987
1.1137093419974946
1.0051478188924072
0.8900263918509637
0.7685253264529365
0.6408348779840713
0.5071549935203925
0.3676949988363998
0.2233907053815447
0.08239437654424986
-0.05288041826015677
-0.18222185582950656
-0.3054274038478657
-0.42230413802550437
-0.5326690441939035
-0.6363493048827769
-0.7331825699303485
-0.8230172107031493
-0.9057125575272633
-0.9811391199592276
-1.0491787895516698
-1.1097250247961847
-1.1626830179538485
-1.207969843512135
-1.2455145880357694
-1.2752584612081863
-1.3004895720190417
-1.2762144072300288
-1.2598119012174838
-1.2513077382291788
-1.2500000000000013
