0.7996868253210446
-1.1102230246251565e-16
-8.881784197001252e-16
-2.220446049250313e-16
-1.1102230246251565e-16
-4.440892098500626e-16
-4.440892098500626e-16
1.1102230246251565e-15
1.4432899320127035e-15
-2.220446049250313e-16
-9.992007221626409e-16
-5.551115123125783e-16
0.00024526248436673725
0.0
-4.440892098500626e-16
1.1102230246251565e-16
-1.1102230246251565e-16
-3.3306690738754696e-16
3.3306690738754696e-16
2.220446049250313e-16
-3.3306690738754696e-16
-0.0002452624843660711
2.220446049250313e-16
3.3306690738754696e-16
0.0
1.1102230246251565e-16
1.1102230246251565e-16
0.0003131746789561962
-4.440892098500626e-16
0.0
-0.0003131746789561962
1.1102230246251565e-16
0.0
-1.1102230246251565e-16
1.1102230246251565e-16
0.0
0.0
-1.1102230246251565e-16
0.0
0.0002452624843658491
0.0
2.220446049250313e-16
-3.3306690738754696e-16
-2.220446049250313e-16
0.0
0.0
3.3306690738754696e-16
2.220446049250313e-16
-0.00024526248436573805
1.1102230246251565e-16
-1.1102230246251565e-16
0.0
-6.661338147750939e-16
-2.220446049250313e-16
0.0003131746789561962
0.0
8.881784197001252e-16
-6.791219458979203e-05
-1.1102230246251565e-15
2.220446049250313e-16
-0.0002452624843645168
-7.771561172376096e-16
-9.992007221626409e-16
9.992007221626409e-16
-6.661338147750939e-16
-1.4432899320127035e-15
0.00031317467895641826
0.0
-0.7999999999999985
-0.7997912059810669
7.771561172376096e-16
0.0
-2.220446049250313e-16
7.771561172376096e-16
-3.3306690738754696e-16
2.220446049250313e-16
-8.881784197001252e-16
1.1102230246251565e-15
5.551115123125783e-16
-7.771561172376096e-16
-9.263051010277579e-05
4.9603688300203785e-05
4.3026821802794046e-05
-7.771561172376096e-16
-9.992007221626409e-16
8.881784197001252e-16
9.992007221626409e-16
-9.992007221626409e-16
7.771561172376096e-16
5.551115123125783e-16
-2.220446049250313e-15
1.9984014443252818e-15
-1.1102230246251565e-15
-1.4432899320127035e-15
3.6637359812630166e-15
-2.9976021664879227e-15
-6.59713912999349e-05
0.7998571773723671
0.7997912059810643
4.9960036108132044e-15
-0.1260266654215103
-0.673764540559559
0.0
