0.0
0.3998434126605223
0.39984341266052226
0.3998434126605218
0.3998434126605217
0.39984341266052165
0.3998434126605214
0.3998434126605212
0.39984341266052176
0.3998434126605225
0.39984341266052237
0.39984341266052187
0.3998434126605216
0.39996604390270496
0.39996604390270496
0.39996604390270474
0.3999660439027048
0.39996604390270474
0.39996604390270457
0.39996604390270474
0.39996604390270485
0.3999660439027047
0.39984341266052165
0.39984341266052176
0.3998434126605219
0.3998434126605219
0.399843412660522
0.39984341266052204
0.40000000000000013
0.3999999999999999
0.3999999999999999
0.3998434126605218
0.39984341266052187
0.39984341266052187
0.3998434126605218
0.39984341266052187
0.39984341266052187
0.39984341266052187
0.3998434126605218
0.3998434126605218
0.39996604390270474
0.39996604390270474
0.39996604390270485
0.3999660439027047
0.39996604390270457
0.39996604390270457
0.39996604390270457
0.39996604390270474
0.39996604390270485
0.399843412660522
0.39984341266052204
0.399843412660522
0.399843412660522
0.39984341266052165
0.39984341266052154
0.39999999999999963
0.39999999999999963
0.4000000000000001
0.3999660439027052
0.3999660439027046
0.39996604390270474
0.3998434126605225
0.3998434126605221
0.3998434126605216
0.3998434126605221
0.39984341266052176
0.39984341266052104
0.39999999999999925
0.39999999999999925
0.0
-0.39989560299053345
-0.39989560299053306
-0.39989560299053306
-0.39989560299053317
-0.3998956029905328
-0.39989560299053295
-0.39989560299053284
-0.3998956029905333
-0.39989560299053273
-0.39989560299053245
-0.39989560299053284
-0.3999419182455842
-0.3999171164014341
-0.39989560299053273
-0.3998956029905331
-0.3998956029905336
-0.39989560299053317
-0.3998956029905327
-0.39989560299053317
-0.3998956029905328
-0.3998956029905325
-0.3998956029905336
-0.3998956029905326
-0.39989560299053317
-0.3998956029905339
-0.39989560299053206
-0.39989560299053356
-0.39992858868618353
0.0
0.3998956029905322
0.39989560299053467
0.3368822702797795
0.0
