-7.0
-6.8
-6.600156587339478
-6.400782691501441
-6.202190506764998
-6.004691003348637
-5.808593440470242
-5.614204882086304
-5.421829716068649
-5.231769177571557
-5.044320877335662
-4.859778335667198
-4.678430522822372
-4.500561406516517
-4.321037447703943
-4.139919605714773
-3.957269381099653
-3.773148794746562
-3.587620366820943
-3.400747095536294
-3.21259243576243
-3.02322027747869
-2.8326949240793913
-2.6399121648276336
-2.4451738731171018
-2.2487849844577306
-2.0540466927471988
-1.8612639334954408
-1.6707385800961418
-1.480213226696843
-1.2896878732975443
-1.0991625198982455
-0.911192910933325
-0.7260733830124885
-0.5440938098793618
-0.3589742819585253
-0.17100467299360478
0.019520680405694102
0.21230343965745194
0.4070417313679838
0.6034306200273548
0.8004833082921086
0.9981328847596947
1.1963122353476243
1.3939618118152104
1.591014500079964
1.787403388739335
1.9844560770040887
2.182105653471675
2.3802850040596044
2.579374428746929
2.7790621787003484
2.9790355681849467
3.1789814641904655
3.378586776757954
3.5775389492390053
3.7764911217200567
3.975443294201108
4.17439546668216
4.373690604465963
4.573261034701627
4.773038991059688
4.97228778028493
5.1706954039993605
5.367951180983685
5.563746233664756
5.75777397177875
5.949730572452705
6.141687173126661
6.333643773800616
6.142848130995846
5.954572967275066
5.769113097708046
5.5867589289703385
5.4077960046032
5.232504557888547
5.061159073039125
4.8940278553909735
4.731372611271246
4.573448038199233
4.420501426062288
4.272772269891179
4.127917896348334
3.9782537960660136
3.8234588793024087
3.6637755352993278
3.4994538079567348
3.330751004295661
3.1579312915479836
2.981265283503988
2.801029616765433
2.617506517567655
2.4309833598490154
2.241752215259698
2.0501093958144763
1.8563549899056238
1.660792392402474
1.463727829573469
1.2656576657494014
1.4640583990563156
1.663298349057306
1.8630655312154873
1.9999999999999991
