3.5
3.5
3.4803788663968724
3.411505253526366
3.294052745661771
3.182877375485541
3.065424867620946
2.9542494974447155
2.8367969895801206
2.7256216194038903
2.6081691115392953
2.496993741363065
2.37954123349847
2.2683658633222397
2.1509133554576447
2.0397379852814144
1.9222854774168194
1.8111101072405889
1.693657599375994
1.5824822291997633
1.4650297213351684
1.3961561084646619
1.376534974861534
1.3633582975236886
1.3437371639205609
1.3305604865827154
1.3109393529795876
1.2977626756417422
1.2781415420386144
1.264964864700769
1.2041185768469218
1.0945706976421676
0.9373926058849927
0.734121504087373
0.486745384626631
0.19768358717019052
-0.12620460186114868
-0.4287281914220371
-0.690476744007875
-0.9088903574844485
-1.0818329456355904
-1.2076131290969025
-1.2851836777975059
-1.2509249247480831
-1.249999999999999
