0.7996868253210446
-1.1102230246251565e-16
-8.881784197001252e-16
-2.220446049250313e-16
-1.1102230246251565e-16
-4.440892098500626e-16
-4.440892098500626e-16
1.1102230246251565e-15
1.4432899320127035e-15
-2.220446049250313e-16
-9.992007221626409e-16
-5.551115123125783e-16
4.440892098500626e-16
0.0
1.3322676295501878e-15
4.440892098500626e-16
-2.220446049250313e-15
-1.1102230246251565e-16
1.1102230246251565e-16
0.0
2.1094237467877974e-15
6.661338147750939e-16
-1.1102230246251565e-16
1.1102230246251565e-16
3.3306690738754696e-16
1.1102230246251565e-16
0.0
-0.7996868253210464
-0.799686825321047
1.4432899320127035e-15
8.881784197001252e-16
1.6653345369377348e-15
1.1102230246251565e-16
-1.1102230246251565e-16
1.1102230246251565e-16
-1.1102230246251565e-16
1.1102230246251565e-16
-1.1102230246251565e-16
0.00010439700946707209
-0.0002087776694900123
6.661338147750939e-16
-1.2212453270876722e-15
-5.551115123125783e-16
3.3306690738754696e-16
3.3306690738754696e-16
6.661338147750939e-16
-4.440892098500626e-16
1.1102230246251565e-15
0.0
-1.1102230246251565e-15
-8.881784197001252e-16
-1.7763568394002505e-15
5.10702591327572e-15
-6.661338147750939e-16
-2.220446049250313e-15
1.7763568394002505e-15
-2.220446049250313e-15
9.992007221626409e-16
-3.100026562752323e-05
2.9179636808818188e-05
1.8206288174837937e-06
4.440892098500626e-16
6.661338147750939e-16
-1.1102230246251565e-16
0.0
-1.6653345369377348e-15
3.774758283725532e-15
0.0
-4.440892098500626e-15
1.2212453270876722e-15
5.551115123125783e-16
1.7763568394002505e-15
7.771561172376096e-16
-1.6653345369377348e-15
3.3306690738754696e-16
-4.440892098500626e-16
-8.57976492530943e-05
0.7998770036303191
0.7997912059810651
4.440892098500626e-16
-0.14160879996078823
-0.6581824060202773
0.0
