0.0
-0.03957370045131725
-0.0791474009026345
-0.11872110135395175
-0.158294801805269
-0.19786850225658625
-0.2374422027079035
-0.27701590315922076
-0.316589603610538
-0.35616330406185526
-0.3957370045131725
-0.43531070496448976
-0.474884405415807
-0.5144581058671243
-0.474884405415807
-0.43531070496448976
-0.3957370045131725
-0.35616330406185526
-0.3957370045131725
-0.35616330406185526
-0.316589603610538
-0.27701590315922076
-0.2374422027079035
-0.27701590315922076
-0.2374422027079035
-0.19786850225658625
-0.2374422027079035
-0.19786850225658625
-0.158294801805269
-0.11872110135395175
-0.0791474009026345
-0.03957370045131725
0.0
0.03957370045131725
0.0
0.03957370045131725
0.0
0.03957370045131725
0.0
0.03957370045131725
0.0791474009026345
0.11872110135395175
0.158294801805269
0.19786850225658625
0.2374422027079035
0.27701590315922076
0.316589603610538
0.35616330406185526
0.3957370045131725
0.43531070496448976
0.474884405415807
0.5144581058671243
0.5540318063184415
0.5936055067697588
0.633179207221076
0.6727529076723933
0.7123266081237105
0.7519003085750278
0.791474009026345
0.8310477094776623
0.7958649263163684
0.7562912258650512
0.7167175254137339
0.6771438249624162
0.637570124511099
0.5979964240597817
0.5584227236084645
0.5188490231571472
0.47927532270582995
0.4397016222545127
0.40012792180319545
0.3605542213518782
0.32098052090056095
0.2814068204492437
0.24183311999792645
0.2022594195466092
0.16268571909529195
0.1231120186439747
0.1442772945697861
0.10470359411846886
0.0651298936671516
0.025556193215834355
0.0
