0.0
0.3998434126605223
0.39984341266052226
0.3998434126605218
0.3998434126605217
0.39984341266052165
0.3998434126605214
0.3998434126605212
0.39984341266052176
0.3998434126605225
0.39984341266052237
0.39984341266052187
0.3998434126605216
0.3998434126605218
0.3998434126605218
0.3998434126605225
0.3998434126605227
0.3998434126605216
0.39984341266052154
0.3998434126605216
0.3998434126605216
0.39984341266052265
0.399843412660523
0.3998434126605229
0.399843412660523
0.39984341266052315
0.3998434126605232
0.3998434126605232
0.0
-0.3998434126605235
-0.39984341266052276
-0.3998434126605223
-0.3998434126605215
-0.3998434126605214
-0.3998434126605215
-0.3998434126605214
-0.3998434126605215
-0.3998434126605214
-0.3998434126605215
-0.39979121415578794
-0.39989560299053295
-0.3998956029905326
-0.3998956029905332
-0.3998956029905335
-0.39989560299053334
-0.39989560299053317
-0.39989560299053284
-0.39989560299053306
-0.3998956029905325
-0.3998956029905325
-0.39989560299053306
-0.3998956029905335
-0.3998956029905344
-0.39989560299053184
-0.3998956029905322
-0.3998956029905333
-0.3998956029905324
-0.3998956029905335
-0.399895602990533
-0.39991110312334677
-0.39989651330494236
-0.3998956029905336
-0.3998956029905334
-0.39989560299053306
-0.3998956029905331
-0.3998956029905331
-0.39989560299053395
-0.39989560299053206
-0.39989560299053206
-0.3998956029905343
-0.39989560299053367
-0.3998956029905334
-0.3998956029905325
-0.3998956029905321
-0.39989560299053295
-0.3998956029905328
-0.399895602990533
-0.39993850181515955
0.0
0.39989560299053256
0.3998956029905328
0.32909120301013867
0.0
