5.0
5.2
5.399843412660522
5.599217308498559
5.797809493235002
5.995308996651363
6.191406559529758
6.385795117913696
6.578170283931351
6.768230822428443
6.955679122664338
7.140221664332802
7.321569477177628
7.499438593483483
7.67355049273339
7.851419609039245
8.032767421884072
8.217309963552536
8.40475826378843
8.589300805456894
8.776749105692788
8.96680964418988
9.159184810207536
9.353573368591475
9.545948534609131
9.74033709299307
9.936434655871466
10.130823214255404
10.3269207771338
10.129421273717439
9.930829088980994
9.731455193142958
9.531611780482436
9.331611780482437
9.131768367821914
8.931768367821915
8.731924955161393
8.531924955161394
8.332081542500871
8.132081542500872
7.932446833948312
7.733437821017256
7.535366126626375
7.338541905972174
7.143273360865225
6.949866257125148
6.758623445790052
6.56984438889015
6.383824690528133
6.200855634000573
6.021223725685152
5.845210246407957
5.67309081099331
5.505134936685852
5.341605621120662
5.182758930502244
5.028843598637291
4.880100637449018
4.736762959583009
4.599055013695509
4.461967142607156
4.319243201859429
4.171088649992351
4.017735478277008
3.859423818364994
3.696401566272649
3.5289239942072816
3.3572533508432114
3.1816584506735497
3.002414253080727
2.819801431784926
2.634105935344559
2.4456185393970333
2.2546343913409155
2.06145254817247
1.86637550820027
1.669708737371141
1.471760190949161
1.2733695908785476
1.4718088549083879
1.6710751993996862
1.8708565984851289
2.000000000000001
