3.5
3.5
3.4920873255977267
3.4762743670395087
3.4525858854164446
3.421058973891671
3.3817429996171637
3.33469952643103
3.2800022184563296
3.217736724752386
3.1480005451992037
3.0709028778249987
2.986564447815912
2.895117318475652
2.796704684431082
2.705257555090822
2.6209191250817354
2.5438214577075304
2.474085278154348
2.396987610780143
2.3272514312269608
2.2649859375230172
2.210288629548317
2.163245156362183
2.1085478483874827
2.061504375201349
2.022188400926842
1.9751449277407078
1.9358289534662008
1.9673558649909744
1.9910443466140384
2.0068573051722565
2.0147699795745297
2.0147699795745297
2.0068573051722565
2.0068573051722565
1.9989446307699834
1.9989446307699834
1.9910319563677104
1.9910319563677104
1.9791675914705409
1.9594142933791954
1.931802993257614
1.8963769269060529
1.8531915670592929
1.8023145365233626
1.743825502286784
1.6778160507721545
1.6043895444234042
1.5236609598532977
1.4357567078046105
1.3408144352069153
1.238982809638911
1.1304212865338235
1.01529985949238
0.8937987940943528
0.7661083456254878
0.6324284611618087
0.492968466477816
0.3479467382688204
0.20233812727271827
0.062250095126078264
-0.07208161659659806
-0.2004466614418492
-0.3226440360011318
-0.4384823946567109
-0.5477803492046736
-0.6503667528858887
-0.7460809683801641
-0.8347731193439567
-0.9163043250977463
-0.990546918095597
-1.0573846438363748
-1.116712842903575
-1.168438614848717
-1.212480963661688
-1.2487709246002376
-1.2772516721800353
-1.302509252183325
-1.2776770451816506
-1.260715206650588
-1.251650296681821
-1.25
