-0.7996868253210428
-1.6653345369377348e-15
0.0001043970094676272
-0.00020877766948790288
-4.440892098500626e-16
-2.9976021664879227e-15
1.9984014443252818e-15
4.440892098500626e-16
-2.1094237467877974e-15
3.219646771412954e-15
-1.1102230246251565e-16
-1.5543122344752192e-15
8.881784197001252e-16
4.440892098500626e-16
-2.220446049250313e-15
-8.881784197001252e-16
3.552713678800501e-15
-2.220446049250313e-16
-6.661338147750939e-16
-2.220446049250313e-16
-4.440892098500626e-16
-4.569335583037848e-05
-4.709605510933024e-05
9.278941093948667e-05
3.3306690738754696e-16
-1.1102230246251565e-16
2.220446049250313e-16
-3.3306690738754696e-16
-1.5543122344752192e-15
2.3314683517128287e-15
1.3322676295501878e-15
-1.5543122344752192e-15
-8.881784197001252e-16
1.3322676295501878e-15
-4.440892098500626e-16
-1.5543122344752192e-15
9.992007221626409e-16
1.4432899320127035e-15
-6.661338147750939e-16
-1.1102230246251565e-16
6.661338147750939e-16
-1.4432899320127035e-15
-4.518605434000733e-05
0.7998363920354064
0.7997912059810646
1.7763568394002505e-15
-0.3330196308321204
-0.46677157514894596
0.0
