0.0
0.03957370045131725
0.0791474009026345
0.11872110135395175
0.158294801805269
0.19786850225658625
0.2374422027079035
0.27701590315922076
0.316589603610538
0.35616330406185526
0.3957370045131725
0.43531070496448976
0.474884405415807
0.5144581058671243
0.5540318063184415
0.5936055067697588
0.633179207221076
0.6727529076723933
0.7123266081237105
0.7519003085750278
0.791474009026345
0.8310477094776623
0.8706214099289795
0.8840790961809741
0.8445053957296569
0.8049316952783396
0.7653579948270224
0.7257842943757047
0.6862105939243874
0.6466368934730702
0.6070631930217529
0.5674894925704357
0.5279157921191184
0.4883420916678012
0.44876839121648393
0.4091946907651667
0.36962099031384943
0.3300472898625322
0.2904735894112149
0.2508998889598977
0.21132618850858043
0.17175248805726318
0.13217878760594592
0.09260508715462867
0.12533747385129335
0.0857637733999761
0.046190072948658845
0.006616372497341594
0.0
