0.0
-0.3998434126605214
-0.39984341266052226
-0.39979121415578844
-0.3998956029905324
-0.3998956029905326
-0.3998956029905341
-0.3998956029905331
-0.3998956029905329
-0.39989560299053395
-0.39989560299053234
-0.3998956029905324
-0.39989560299053317
-0.39989560299053273
-0.3998956029905325
-0.3998956029905336
-0.39989560299053406
-0.3998956029905323
-0.3998956029905324
-0.39989560299053273
-0.39989560299053284
-0.39989560299053306
-0.39991844966844825
-0.3999419976960029
-0.39989560299053317
-0.399895602990533
-0.39989560299053306
-0.39989560299053295
-0.3998956029905331
-0.3998956029905339
-0.39989560299053273
-0.39989560299053206
-0.39989560299053284
-0.3998956029905333
-0.3998956029905326
-0.39989560299053284
-0.3998956029905336
-0.3998956029905331
-0.3998956029905324
-0.39989560299053273
-0.3998956029905328
-0.39989560299053245
-0.39989560299053317
-0.3999181960177032
0.0
0.3998956029905323
0.39989560299053317
0.23338578757447298
0.0
