9.0
8.8
8.600156587339479
8.400782691501442
8.202710997110561
8.00588677645636
7.8106182313494115
7.617211127609334
7.425968316274239
7.237189259374336
7.051169561012319
6.868200504484759
6.688568596169338
6.512555116892143
6.340435681477497
6.17247980717004
6.008950491604847
5.85010380098643
5.696188469121477
5.547445507933204
5.404107830067196
5.266399884179695
5.134537303479414
5.008053088465292
4.878225836213999
4.742481958242411
4.601034012277551
4.4541034878947485
4.301920459693019
4.144723227027358
3.9827579408621316
3.816278218329825
3.6455447455987215
3.470824869671368
3.292392179753021
3.1105260788455817
2.9255113462378732
2.737637691577329
2.5471993012213643
2.3544943775787806
2.1598246721625536
1.963495013085165
1.7658128277363705
1.5670876613908291
1.3682189655165313
1.5670929282912258
1.766644768731922
1.9665620139207949
2.000000000000001
