2.5
2.5
2.4920873255977267
2.4762743670395087
2.448663066917927
2.4132370005663657
2.370051640719606
2.319174610183676
2.260685575947097
2.1946761244324673
2.1212496180837173
2.040521033513611
1.9526167814649238
1.8576745088672284
1.7558428832992243
1.6472813601941372
1.5321599331526927
1.4106588677546659
1.2829684192858009
1.1492885348221218
1.0098285401381293
0.8648068119291337
0.7144504358610047
0.5595324409362745
0.4074151684582361
0.26055339805315914
0.11917709666003118
-0.01649235833214302
-0.1462425257333071
-0.2698702332083589
-0.3871818954193058
-0.4979938171553928
-0.6021324809765507
-0.6994348189197321
-0.7897484678427031
-0.8729320080054284
-0.9488551845154833
-1.0173991112907235
-1.0784564572198398
-1.1319316142292832
-1.1777408469934119
-1.2158124240534054
-1.246086730139647
-1.2685163595216915
-1.2896448330221588
-1.2685752591401833
-1.2553903059734282
-1.250110619489269
-1.2499999999999951
