0.7996868253210433
-1.1102230246251565e-16
0.0
2.220446049250313e-16
-1.1102230246251565e-16
4.440892098500626e-16
0.0
-3.3306690738754696e-16
0.0
0.00031317467895630724
0.0
0.0
-0.00031317467895630724
-1.1102230246251565e-16
4.440892098500626e-16
0.0
-4.440892098500626e-16
1.1102230246251565e-16
3.3306690738754696e-16
7.771561172376096e-16
2.220446049250313e-16
0.00031317467895597417
0.0
0.0
0.0
0.0
0.0
0.0
0.0
0.0
-0.0003131746789560852
-1.1102230246251565e-16
-0.7996868253210445
-0.7997912059810666
1.1102230246251565e-15
-8.881784197001252e-16
2.220446049250313e-16
1.5543122344752192e-15
-1.7763568394002505e-15
1.1102230246251565e-16
-4.440892098500626e-16
5.551115123125783e-16
8.881784197001252e-16
-1.5543122344752192e-15
-4.440892098500626e-16
8.881784197001252e-16
1.7763568394002505e-15
-2.220446049250313e-16
-6.661338147750939e-16
-2.220446049250313e-16
-6.192222666245861e-05
5.259883466179893e-05
9.32339200065968e-06
-1.5543122344752192e-15
1.6653345369377348e-15
1.1102230246251565e-16
-9.992007221626409e-16
7.771561172376096e-16
-1.7763568394002505e-15
2.220446049250313e-15
-2.220446049250313e-16
6.661338147750939e-16
-1.3322676295501878e-15
-1.4432899320127035e-15
1.887379141862766e-15
-4.440892098500626e-16
-9.992007221626409e-16
-8.411998782098529e-06
0.7997996179798492
0.7997912059810671
-1.9984014443252818e-15
-0.19616199982465954
-0.6036292061564056
0.0
