0.0
-0.03925234608338046
-0.026356406027150836
-0.03925234608338046
-0.026356406027150836
-0.03925234608338046
-0.026356406027150836
-0.03925234608338046
-0.026356406027150836
0.07257784510114229
0.17151209622943542
0.27044634735772854
0.28334228741395817
0.3822765385422513
0.4812107896705444
0.5801450407988376
0.6790792919271307
0.7780135430554243
0.8769477941837174
0.9729826811385189
0.8740484300102258
0.7751141788819327
0.6761799277536396
0.5772456766253464
0.4783114254970533
0.3793771743687602
0.28044292324046705
0.18150867211217392
0.12092782844895122
0.021993577320657653
0.0
