0.0
0.39984341266052165
0.3998434126605216
0.3998434126605216
0.3998434126605217
0.39984341266052165
0.39984341266052187
0.39984341266052187
0.3998434126605217
0.3998434126605217
0.39999999999999986
0.39999999999999986
0.39999999999999986
0.3998434126605217
0.39984341266052165
0.39984341266052187
0.39984341266052187
0.39984341266052165
0.3998434126605217
0.39984341266052187
0.39984341266052226
0.39984341266052237
0.40000000000000036
0.40000000000000036
0.40000000000000036
0.40000000000000036
0.40000000000000036
0.40000000000000036
0.40000000000000036
0.40000000000000036
0.40000000000000036
0.3998434126605223
0.39984341266052226
0.0
-0.3998956029905333
-0.39989560299053273
-0.39989560299053317
-0.39989560299053306
-0.3998956029905323
-0.39989560299053317
-0.3998956029905331
-0.39989560299053334
-0.39989560299053306
-0.3998956029905326
-0.3998956029905334
-0.3998956029905336
-0.39989560299053317
-0.3998956029905323
-0.3998956029905324
-0.39989560299053273
-0.39989560299053284
-0.39992656410386407
-0.39990026468653317
-0.39989560299053284
-0.3998956029905336
-0.3998956029905328
-0.39989560299053273
-0.3998956029905332
-0.39989560299053284
-0.3998956029905337
-0.3998956029905326
-0.39989560299053273
-0.3998956029905324
-0.39989560299053306
-0.3998956029905338
-0.39989560299053284
-0.39989560299053306
-0.39989560299053356
-0.3998998089899246
0.0
0.39989560299053356
0.39989560299053256
0.3018146030782028
0.0
