1.0
1.2
1.3998434126605217
1.5992173084985577
1.7978094932350013
1.995308996651362
2.1914065595297574
2.385795117913695
2.5818926807920906
2.7793921842084512
2.977984368944895
3.1765765536813384
3.375168738417782
3.5737609231542256
3.7712604265705862
3.9673579894489817
4.161746547832919
4.357844110711315
4.5553436141276755
4.753935798864119
4.953309694702155
5.1531531073626775
5.353153107362678
5.553153107362678
5.753153107362678
5.953153107362678
6.153153107362678
6.353153107362679
6.553153107362679
6.753153107362679
6.953153107362679
7.153153107362679
7.3529965200232015
7.552370415861238
7.354298721470356
7.157474500816155
6.962205955709207
6.768798851969129
6.577556040634034
6.388776983734132
6.202757285372115
6.019788228844554
5.840156320529133
5.664142841251938
5.492023405837292
5.324067531529835
5.1605382159646425
5.001691525346225
4.847776193481272
4.699033232292999
4.5556955544269915
4.41798760853949
4.28168859941079
4.139803154861788
3.992452845876814
3.8398684043844207
3.682288758302
3.5199606574049094
3.353138286947571
3.182082869641537
3.0070622566138
2.8283505079858413
2.6462274637301686
2.4609783054763623
2.272893109952733
2.0822663947629083
1.8893966572085352
1.6945859068803113
1.49813919274919
1.3003803319680207
1.4989507626831395
1.698305773068447
1.8981331984170664
2.0000000000000027
