2.5
2.5
2.4803788663968724
2.467202189059027
2.4475810554558994
2.434404378118054
2.4147832445149264
2.401606567177081
2.3819854335739534
2.368808756236108
2.4050658282629187
2.4904020553112844
2.623982848660126
2.7637659599162023
2.5546237298948324
2.301667855517265
2.0073722464815082
1.674615115294251
1.3066508283383689
0.9070840433553164
0.5083834461440806
0.1414013516575814
-0.1902731534115758
-0.48339629076928636
-0.7351013146876482
-0.9429265487923106
-1.1048394612695445
-1.2192565430373978
-1.286907662290393
-1.251222271204386
-1.2499999999999987
