0.7996868253210446
-1.1102230246251565e-16
-8.881784197001252e-16
-2.220446049250313e-16
0.0
3.3306690738754696e-16
8.881784197001252e-16
-1.1102230246251565e-16
-8.881784197001252e-16
-2.220446049250313e-16
0.0
3.3306690738754696e-16
-1.1102230246251565e-16
-2.220446049250313e-16
0.0
3.3306690738754696e-16
-1.1102230246251565e-16
-2.220446049250313e-16
0.0
3.3306690738754696e-16
0.0
1.1102230246251565e-16
-1.1102230246251565e-16
-1.1102230246251565e-16
0.0
-2.220446049250313e-16
0.0
0.0
0.0
2.220446049250313e-16
2.220446049250313e-16
-1.1102230246251565e-16
-2.220446049250313e-16
2.220446049250313e-16
-1.1102230246251565e-16
0.0
-1.1102230246251565e-16
1.1102230246251565e-16
2.220446049250313e-16
-2.220446049250313e-16
-2.220446049250313e-16
0.0
0.0
3.3306690738754696e-16
-1.1102230246251565e-16
-2.220446049250313e-16
0.0
3.3306690738754696e-16
-1.1102230246251565e-16
1.1102230246251565e-16
-1.1102230246251565e-16
0.0
0.0
-2.220446049250313e-16
-2.220446049250313e-16
1.1102230246251565e-16
1.1102230246251565e-16
0.0
0.0
3.3306690738754696e-16
7.771561172376096e-16
0.0
-8.881784197001252e-16
1.1102230246251565e-16
-1.1102230246251565e-16
1.1102230246251565e-16
-1.1102230246251565e-16
1.1102230246251565e-16
-1.1102230246251565e-16
1.1102230246251565e-16
-0.7996868253210437
-0.7996868253210447
0.7996868253210447
0.7996868253210445
-0.7996868253210445
-0.7997912059810666
1.1102230246251565e-15
-9.992007221626409e-16
3.3306690738754696e-16
2.220446049250313e-16
-1.9984014443252818e-15
3.219646771412954e-15
-2.220446049250313e-16
-1.2212453270876722e-15
8.881784197001252e-16
0.0
-1.9984014443252818e-15
-7.771561172376096e-16
3.4416913763379853e-15
-2.220446049250313e-16
-6.31359224035899e-05
-2.5810675233661762e-05
8.894659763603041e-05
-1.1102230246251565e-16
2.220446049250313e-16
2.220446049250313e-16
-1.2212453270876722e-15
-2.220446049250313e-16
2.4424906541753444e-15
-1.7763568394002505e-15
1.2212453270876722e-15
1.3322676295501878e-15
-3.1086244689504383e-15
1.1102230246251565e-15
8.881784197001252e-16
-4.440892098500626e-16
-3.1777172568969725e-05
0.7998229831536344
0.7997912059810668
1.7763568394002505e-15
-0.12225845285208792
-0.6775327531289806
0.0
