0.0
0.3998434126605223
0.39984341266052226
0.3998434126605218
0.3998434126605217
0.3998434126605217
0.39984341266052187
0.3998434126605223
0.39984341266052226
0.3998434126605218
0.3998434126605217
0.3998434126605217
0.39984341266052187
0.3998434126605218
0.3998434126605217
0.3998434126605217
0.39984341266052187
0.3998434126605218
0.3998434126605217
0.3998434126605217
0.39984341266052187
0.39984341266052187
0.3998434126605219
0.39984341266052187
0.3998434126605218
0.3998434126605218
0.3998434126605217
0.3998434126605217
0.3998434126605217
0.3998434126605217
0.3998434126605218
0.3998434126605219
0.39984341266052187
0.39984341266052176
0.39984341266052187
0.3998434126605218
0.3998434126605218
0.39984341266052176
0.3998434126605218
0.3998434126605219
0.3998434126605218
0.3998434126605217
0.3998434126605217
0.3998434126605217
0.39984341266052187
0.3998434126605218
0.3998434126605217
0.3998434126605217
0.39984341266052187
0.3998434126605218
0.39984341266052187
0.3998434126605218
0.3998434126605218
0.3998434126605218
0.3998434126605217
0.3998434126605216
0.39984341266052165
0.3998434126605217
0.3998434126605217
0.3998434126605217
0.39984341266052187
0.39984341266052226
0.39984341266052226
0.3998434126605218
0.39984341266052187
0.3998434126605218
0.39984341266052187
0.3998434126605218
0.39984341266052187
0.3998434126605218
0.39984341266052187
0.0
-0.39984341266052237
0.0
0.39984341266052226
0.0
-0.3998956029905333
-0.39989560299053273
-0.3998956029905332
-0.39989560299053306
-0.39989560299053295
-0.39989560299053395
-0.39989560299053234
-0.39989560299053245
-0.39989560299053306
-0.3998956029905326
-0.3998956029905326
-0.3998956029905336
-0.399895602990534
-0.3998956029905323
-0.3998956029905324
-0.3999271709517342
-0.399940076289351
-0.399895602990533
-0.39989560299053306
-0.39989560299053295
-0.39989560299053284
-0.39989560299053345
-0.39989560299053356
-0.39989560299053234
-0.3998956029905332
-0.3998956029905326
-0.39989560299053195
-0.3998956029905335
-0.39989560299053295
-0.3998956029905325
-0.39989560299053273
-0.3999114915768172
0.0
0.3998956029905334
0.3998956029905343
0.3387663765644903
0.0
