-7.0
-6.8
-6.600156587339478
-6.400782691501441
-6.202190506764998
-6.004691003348637
-5.806098818612194
-5.606724922774157
-5.406881510113635
-5.207507614275599
-5.008915429539155
-4.811415926122795
-4.612823741386351
-4.413449845548315
-4.214857660811871
-4.017358157395511
-3.818765972659067
-3.619392076821031
-3.4207998920845872
-3.2233003886682265
-3.024708203931783
-2.8253343080937467
-2.625490895433225
-2.425490895433225
-2.225647482772703
-2.026273586934667
-1.8276814021982233
-1.6301818987818626
-1.431589714045419
-1.2340902106290583
-1.0354980258926147
-0.837998522476254
-0.6394063377398103
-0.44003244190177415
-0.24144025716533052
-0.043940753748969746
0.1546514309874739
0.35402532682551
0.5526175115619536
0.7501170149783144
0.9487091997147581
1.1462087031311188
1.3448008878675624
1.542300391283923
1.7408925760203666
1.9402664718584028
2.1388586565948464
2.336358160011207
2.5349503447476507
2.734324240585687
2.9329164253221305
3.1322903211601667
3.3321337338206884
3.5315076296587247
3.7300998143951682
3.927599317811529
4.123696880689924
4.321196384106285
4.519788568842729
4.717288072259089
4.915880256995533
5.115254152833569
5.315097565494091
5.5144714613321275
5.713063646068571
5.912437541906607
6.111029726643051
6.310403622481087
6.508995807217531
6.708369703055567
6.9069618877920105
7.106335783630047
6.9064923709695245
6.706492370969524
6.9063357836300465
7.105709679468083
6.907637985077201
6.710813764423
6.515545219316052
6.322138115575974
6.130895304240879
5.9421162473409765
5.7560965489789595
5.573127492451399
5.393495584135978
5.217482104858783
5.045362669444137
4.877406795136681
4.7138774795714875
4.55503078895307
4.4011154570881175
4.252372495899844
4.108080321324405
3.9602384780644493
3.8071841570839617
3.6491570220721217
3.486404523515298
3.3191815112209144
3.1477498352549182
2.972377935917728
2.793340423400709
2.610917647781376
2.4253952600306787
2.2370637647197276
2.046218065126432
1.853157001454293
1.658182882886484
1.4616010142079396
1.2637929121692482
1.4621842565358767
1.661417752266491
1.861181424930777
2.0
