3.0
3.0
2.9920873255977267
2.9762743670395087
2.9525858854164446
2.921058973891671
2.8973704922686068
2.8815575337103887
2.8736448593081154
2.8578319007498973
2.8341434191268333
2.8026165076020595
2.7789280259789955
2.7631150674207774
2.7394265857977134
2.7078996742729395
2.6842111926498755
2.6683982340916574
2.6447097524685934
2.6131828409438196
2.5894943593207556
2.5736814007625375
2.565768726360264
2.565768726360264
2.557856051957991
2.542043093399773
2.518354611776709
2.486827700251935
2.463139218628871
2.431612307104097
2.407923825481033
2.3763969139562593
2.3527084323331953
2.336895473774977
2.313206992151913
2.2816800806271393
2.2579915990040753
2.2421786404458572
2.218490158822793
2.1869632472980194
2.1632747656749554
2.1317478541501815
2.1080593725271175
2.0765324610023437
2.0528439793792796
2.0370310208210616
2.0133425391979975
1.981815627673224
1.95812714605016
1.9423141874919418
1.9186257058688778
1.9028127473106597
1.8949000729083867
1.8790871143501686
1.8553986327271046
1.823871721202331
1.784555746927824
1.7530288354030503
1.7293403537799863
1.6978134422552127
1.6741249606321487
1.6583120020739306
1.6503993276716575
1.6345863691134395
1.6108978874903754
1.5950849289321574
1.5713964473090933
1.5555834887508753
1.5318950071278112
1.5160820485695932
1.4923935669465291
1.476580608388311
1.4844932827905841
1.4844932827905841
1.4924059571928572
1.5082189157510753
1.4806076156294938
1.4451815492779323
1.4019961894311723
1.3511191588952425
1.2926301246586638
1.2266206731440337
1.1531941667952839
1.0724655822251774
0.9845613301764903
0.889619057578795
0.7877874320107909
0.6792259089057037
0.5641044818642593
0.44260341646623247
0.31491296799736745
0.1812330835336884
0.04274755702628297
-0.09192823662193561
-0.22064946580531708
-0.3432145693757398
-0.4594316258983939
-0.5691186541764504
-0.6721038982105769
-0.7682260961470848
-0.8573347327935772
-0.9392902753066839
-1.0139643916828294
-1.0812401517099008
-1.141012210065158
-1.193186971272672
-1.2376827362619878
-1.274429830298529
-1.3039099820401332
-1.2786977926532401
-1.261354373375653
-1.2519068818061903
-1.249999999999997
