0.7996868253210446
-1.1102230246251565e-16
-8.881784197001252e-16
0.0002452624843660711
2.220446049250313e-16
-6.661338147750939e-16
-0.0002452624843649609
-6.661338147750939e-16
3.3306690738754696e-16
1.1102230246251565e-15
-7.771561172376096e-16
0.0
0.0002452624843665152
0.0
-4.440892098500626e-16
-0.0002452624843664042
-5.551115123125783e-16
-0.7996868253210434
-0.7997912059810661
8.881784197001252e-16
-8.881784197001252e-16
-9.992007221626409e-16
1.1102230246251565e-16
1.1102230246251565e-15
8.881784197001252e-16
-7.771561172376096e-16
-9.992007221626409e-16
8.881784197001252e-16
6.661338147750939e-16
-1.887379141862766e-15
-3.3306690738754696e-16
3.6637359812630166e-15
-8.881784197001252e-16
-3.245632177906188e-05
3.0441684653936818e-05
2.014637124458929e-06
-1.887379141862766e-15
0.0
-4.440892098500626e-16
8.881784197001252e-16
2.886579864025407e-15
2.220446049250313e-16
-3.3306690738754696e-15
-1.1102230246251565e-16
4.551914400963142e-15
-4.440892098500626e-15
-1.1102230246251565e-16
2.1094237467877974e-15
-3.4416913763379853e-15
2.1094237467877974e-15
6.661338147750939e-16
6.661338147750939e-16
-4.440892098500626e-16
-1.887379141862766e-15
2.9976021664879227e-15
9.992007221626409e-16
-1.7763568394002505e-15
2.220446049250313e-16
-3.885780586188048e-15
-6.661338147750939e-16
-4.2422552052334694e-05
0.7998336285331218
0.7997912059810655
-3.3306690738754696e-16
-0.18416974193304336
-0.6156214640480218
0.0
