0.0
-0.03925234608338046
-0.026356406027150836
-0.03925234608338046
-0.026356406027150836
0.07257784510114229
0.17151209622943542
0.27044634735772854
0.36938059848602167
0.4683148496143148
0.5672491007426079
0.666183351870901
0.7651176029991946
0.8640518541274878
0.9629861052557809
1.061920356384074
0.9988586131095971
0.899924361981304
0.8009901108530109
0.7020558597247177
0.6031216085964246
0.5041873574681315
0.40525310633983835
0.3063188552115452
0.2073846040832521
0.11306305150227214
0.014128800373979011
0.0
