0.0
0.3998434126605223
0.39984341266052226
0.3998434126605218
0.39996604390270485
0.39996604390270496
0.3999660439027046
0.39984341266052215
0.3998434126605218
0.399843412660522
0.39984341266052253
0.39984341266052215
0.39984341266052215
0.3999660439027054
0.3999660439027054
0.3999660439027052
0.399843412660522
0.3998434126605217
0.0
-0.39989560299053306
-0.3998956029905326
-0.39989560299053306
-0.39989560299053356
-0.3998956029905335
-0.39989560299053295
-0.3998956029905325
-0.3998956029905329
-0.3998956029905334
-0.39989560299053295
-0.3998956029905326
-0.39989560299053356
-0.3998956029905337
-0.3998956029905319
-0.39989560299053234
-0.39991183115142187
-0.3998966103090949
-0.3998956029905327
-0.3998956029905336
-0.3998956029905336
-0.39989560299053384
-0.3998956029905334
-0.39989560299053195
-0.39989560299053184
-0.3998956029905335
-0.39989560299053356
-0.3998956029905313
-0.3998956029905335
-0.39989560299053356
-0.3998956029905325
-0.3998956029905342
-0.39989560299053317
-0.39989560299053284
-0.3998956029905325
-0.39989560299053273
-0.39989560299053367
-0.3998956029905322
-0.3998956029905317
-0.39989560299053256
-0.39989560299053245
-0.3998956029905344
-0.3998956029905347
-0.3999168142665609
0.0
0.39989560299053273
0.39989560299053256
0.3078107320240109
0.0
