4.0
4.5
4.999614862785454
5.499441207803736
5.99905607058919
6.498882415607472
6.997566107668925
7.490230017807622
7.972055890554504
7.5154630639382605
7.081180660813319
6.673455965222434
6.296276526697794
5.953331162006952
5.647973878506658
5.383191071934378
5.132347693163551
4.841377416656471
4.511692129436113
4.146516155236218
3.7494209168840857
3.3242900077677318
2.875281210273405
2.406785832653364
1.9233857620095316
1.429811624773392
1.9285973758061932
1.9999999999999973
