3.5
3.5
3.5079126744022733
3.5237256329604913
3.5474141145835554
3.5747579130234204
3.605747743393284
3.6403730827561938
3.682764502221787
3.732855622194155
3.790568006321219
3.8558112843161245
3.928483293465671
4.008470238604185
4.09182132306258
4.178508244065519
4.268501566117764
4.365490806409222
4.469324092068942
4.355540299162648
4.2353388869123405
4.1089080755114775
3.976445839603912
3.8381595982806656
3.6942658902878898
3.544990034954608
3.39056577937117
3.231234932370901
3.0672469858880893
2.8988587242851955
2.7263338222610582
2.5499424319696926
2.3699607599962267
2.186670634852352
2.000359065668555
1.813722512855398
1.630064266152885
1.449681179629791
1.2728557103621716
1.0998647446478724
0.9309791644376433
0.7664634231682981
0.6065751316621131
0.4515646547408947
0.3016747191863649
0.1571400336607569
0.018186921182757665
-0.11496703526568375
-0.2421133334467518
-0.363052878354881
-0.47759629397432324
-0.5855642198180115
-0.6867875917833786
-0.7811079068853326
-0.8683774714518684
-0.948459632393658
-1.0212289911854837
-1.0865716002244605
-1.1443851412575476
-1.194579085598983
-1.2370748358867436
-1.2718058491560633
-1.2994931315668756
-1.275496947912699
-1.259374546485449
-1.251151172924577
-1.2500000000000027
