0.7996868253210437
-1.1102230246251565e-16
0.0
0.0003131746789560852
0.0
0.0
-0.00031317467895630724
-2.220446049250313e-16
6.661338147750939e-16
0.0002452624843658491
-3.3306690738754696e-16
-2.220446049250313e-16
0.0
1.1102230246251565e-16
1.1102230246251565e-16
-0.000245262484365516
1.1102230246251565e-16
-3.3306690738754696e-16
0.00031317467895630724
0.0
0.0
-0.0003131746789561962
1.1102230246251565e-16
0.0
0.0
-1.1102230246251565e-16
-3.3306690738754696e-16
-1.1102230246251565e-16
-1.1102230246251565e-16
6.661338147750939e-16
-1.1102230246251565e-16
-1.1102230246251565e-16
0.0
1.1102230246251565e-16
0.0
1.1102230246251565e-16
0.00024526248436618214
-1.1102230246251565e-16
-4.440892098500626e-16
6.791219459034714e-05
0.0
0.0
-0.0003131746789560852
3.3306690738754696e-16
-2.220446049250313e-16
4.440892098500626e-16
-6.661338147750939e-16
3.3306690738754696e-16
1.1102230246251565e-15
-7.771561172376096e-16
-0.7996868253210443
-0.7997912059810663
2.220446049250313e-16
4.440892098500626e-16
-1.1102230246251565e-15
0.0
3.3306690738754696e-16
4.440892098500626e-16
5.551115123125783e-16
-1.1102230246251565e-15
-5.568734343908144e-05
4.859364355236373e-05
7.0936998864956635e-06
-7.771561172376096e-16
1.3322676295501878e-15
7.771561172376096e-16
-1.2212453270876722e-15
-1.1102230246251565e-16
1.1102230246251565e-15
0.0
-4.440892098500626e-16
-2.220446049250313e-16
1.1102230246251565e-15
4.440892098500626e-16
0.0
-2.886579864025407e-15
3.3306690738754696e-15
-8.289452964049815e-05
0.7998741005107048
0.7997912059810691
-4.551914400963142e-15
-0.1255755510883252
-0.6742156548927394
0.0
