0.0
-0.03957370045131725
-0.0791474009026345
-0.11872110135395175
-0.11872110135395175
-0.11872110135395175
-0.11872110135395175
-0.158294801805269
-0.19786850225658625
-0.2374422027079035
-0.25586964370928333
-0.27429708471066316
-0.292724525712043
-0.27429708471066316
-0.25586964370928333
-0.2374422027079035
-0.19786850225658625
-0.158294801805269
-0.11872110135395175
-0.11872110135395175
-0.11872110135395175
-0.11872110135395175
-0.158294801805269
-0.19786850225658625
-0.2374422027079035
-0.19786850225658625
-0.158294801805269
-0.11872110135395175
-0.0791474009026345
-0.03957370045131725
0.0
-0.03957370045131725
-0.0791474009026345
-0.11872110135395175
-0.0791474009026345
-0.03957370045131725
0.0
0.01842744100137983
0.03685488200275966
0.05528232300413949
0.05528232300413949
0.05528232300413949
0.05528232300413949
0.09485602345545674
0.134429723906774
0.17400342435809124
0.2135771248094085
0.25315082526072574
0.292724525712043
0.33229822616336024
0.3718719266146775
0.41144562706599475
0.451019327517312
0.49059302796862925
0.5301667284199465
0.5697404288712637
0.609314129322581
0.6488878297738983
0.688461530225216
0.7280352306765332
0.7676089311278504
0.8071826315791677
0.7765526853183413
0.7369789848670241
0.6974052844157068
0.6578315839643896
0.6182578835130723
0.5786841830617551
0.5391104826104378
0.49953678215912056
0.4599630817078033
0.42038938125648606
0.3808156808051688
0.34124198035385156
0.3016682799025343
0.26209457945121706
0.2225208789998998
0.18294717854858256
0.1433734780972653
0.14586408302889797
0.10629038257758072
0.06671668212626347
0.02714298167494622
0.0
