0.0
0.999614862785454
0.99995842425871
0.9999584242587103
0.9999584242587104
0.9999584242587101
0.9999584242587102
0.9999584242587101
0.9999584242587102
0.9999584242587101
0.9999584242587101
0.9999584242587101
0.9999584242587102
0.9999584242587103
0.9999584242587104
0.9999584242587103
0.9999584242587108
0.9999584242587103
0.9999584242587104
0.9999584242587103
0.9999584242587104
0.9999584242587103
0.9999584242587104
0.0
-0.9983694671785046
-0.9983694671785038
-0.9983694671785045
-0.9983694671785047
-0.9983694671785043
-0.998369467178504
-0.9990519574387194
-0.9985901135420131
-0.9983694671785047
-0.9983694671785036
-0.9983694671785035
-0.9983694671785049
-0.9984102470562394
0.0
0.7063895706202388
0.0
