-4.0
-3.8
-3.600156587339478
-3.400782691501442
-3.2021905067649983
-3.0035983220285547
-2.805006137292111
-2.6064139525556675
-2.408914449139307
-2.2128168862609114
-2.0184283278769737
-1.8249396146427441
-1.6324164477739438
-1.4409242006244307
-1.2484010337556304
-1.0549123205214008
-0.8605237621374633
-0.6644261992590677
-0.46692669584270685
-0.2683345111062632
-0.06974232636981958
0.12884985836662405
0.3274420431030677
0.5249415465194285
0.7210391093978241
0.9154276677817617
1.1115252306601573
1.309024734076518
1.5076169188129616
1.7069908146509976
1.9068342273115193
2.1068342273115195
2.3066776399720412
2.5060515358100774
2.704643720546521
2.9040176163845572
3.103861029045079
3.303861029045079
3.503827072947784
3.7036912600887684
3.903385724390188
4.1030801886916075
4.302774652993027
4.502469117294447
4.701570025223382
4.89976560996523
5.09674552232688
5.292201316704259
5.485826934069094
5.677319181218608
5.86637820553768
6.052707964530087
5.871029565046301
5.692800617260639
5.518300205140619
5.347801574238957
5.18157170382563
5.019870888832135
4.862952332262585
4.711061748709861
4.564436979597666
4.4233076207509665
4.283377853242248
4.137975281345898
3.9872542715434864
3.8314508338542987
3.670808936736228
3.5055801250620586
3.3360231262320417
3.1624034450395455
2.9849929479241593
2.8040694372632706
2.6199162163687144
2.4328216458696525
2.2430786921763386
2.050984468731807
1.8568397707698416
1.660948604307717
1.463617710111274
1.2654344210174768
1.4638340317795473
1.6630732105664405
1.862839974048896
2.0
