2.0
2.0
1.992087325597727
1.9762743670395089
1.9525858854164448
1.9288974037933808
1.9052089221703168
1.8815204405472528
1.8499935290224792
1.810677554747972
1.763634081561838
1.7130167144734358
1.6588426411651822
1.6011302570381183
1.5469561837298647
1.4963388166414624
1.4492953434553284
1.4099793691808213
1.3784524576560477
1.3547639760329837
1.3310754944099197
1.3073870127868557
1.2836985311637916
1.252171619639018
1.212855645364511
1.165812172178377
1.12649619790387
1.0949692863790963
1.0712808047560323
1.0554678461978142
1.0475551717955411
1.0475551717955411
1.039642497393268
1.02382953883505
1.000141057211986
0.9843280986537678
0.9764154242514946
0.9764154242514946
0.9801007038747499
0.9874700117441259
0.9985208455302724
1.0095716793164191
1.0206225131025657
1.0316733468887123
1.0506161149513185
1.0774211553138513
1.1120464946767612
1.1544379141423544
1.2045290341147226
1.2622414182417865
1.327484696236692
1.4001567053862383
1.3165640072943072
1.22584894688814
1.1281535724673324
1.0236308626194832
0.9124444866750936
0.7947685484221169
0.6707873134814701
0.5406949207703989
0.4046950785055121
0.26300074522150796
0.12011943275150205
-0.017186328595956812
-0.14863197218074964
-0.27401167076672595
-0.3931290956196243
-0.5057977239330129
-0.6118411308993892
-0.711093265969093
-0.8033987128644426
-0.888612932941951
-0.9666024915215425
-1.037245266828366
-1.1004306412200355
-1.156059674399851
-1.20404525834478
-1.2443122537055897
-1.2767976074655545
-1.3036685568917878
-1.2785215001507257
-1.2612434895707079
-1.251861580328816
-1.2499999999999996
