0.7996868253210437
-1.1102230246251565e-16
0.0
-2.220446049250313e-16
-1.1102230246251565e-16
4.440892098500626e-16
3.3306690738754696e-16
-4.440892098500626e-16
-3.3306690738754696e-16
-1.1102230246251565e-16
8.881784197001252e-16
7.771561172376096e-16
-1.2212453270876722e-15
-1.1102230246251565e-16
1.1102230246251565e-16
-1.1102230246251565e-15
3.3306690738754696e-16
0.0
0.0
0.0
0.0
1.1102230246251565e-16
0.0
3.3306690738754696e-16
-1.1102230246251565e-16
1.1102230246251565e-16
-1.1102230246251565e-16
1.1102230246251565e-16
1.1102230246251565e-16
0.0
1.7763568394002505e-15
-0.7996868253210452
-0.7996868253210445
-2.220446049250313e-16
1.1102230246251565e-16
1.1102230246251565e-16
8.881784197001252e-16
0.00010439700946651698
-0.00020877766948834697
5.551115123125783e-16
-2.886579864025407e-15
3.3306690738754696e-16
1.1102230246251565e-15
-4.440892098500626e-16
1.9984014443252818e-15
0.0
-2.220446049250313e-15
2.220446049250313e-15
7.771561172376096e-16
-3.6637359812630166e-15
-8.881784197001252e-16
4.3298697960381105e-15
1.1102230246251565e-16
-7.785278013594521e-05
5.9716922311547904e-05
1.8135857821843793e-05
9.992007221626409e-16
-7.771561172376096e-16
-1.887379141862766e-15
1.7763568394002505e-15
1.1102230246251565e-16
1.2212453270876722e-15
3.3306690738754696e-16
-1.887379141862766e-15
1.7763568394002505e-15
-4.440892098500626e-16
-4.218847493575595e-15
4.773959005888173e-15
-2.220446049250313e-16
-1.3241216477943851e-05
0.7998044471975431
0.7997912059810658
1.6653345369377348e-15
-0.1219668397221898
-0.6778243662588777
0.0
