0.0
0.39984341266052187
0.3998434126605218
0.3998434126605218
0.3998434126605217
0.39984341266052165
0.39984341266052187
0.39984341266052204
0.3998434126605218
0.39984341266052165
0.3998434126605216
0.39984341266052204
0.3998434126605224
0.3998434126605218
0.39984341266052176
0.3998434126605218
0.39984341266052126
0.3998434126605214
0.3998434126605214
0.3998434126605214
0.3998434126605214
0.3998434126605214
0.3998434126605215
0.3998434126605215
0.39984341266052165
0.3998434126605216
0.39984341266052165
0.3998434126605216
0.39984341266052165
0.3998434126605217
0.3998434126605217
0.3998434126605226
0.0
-0.39984341266052226
-0.39984341266052237
-0.3998434126605223
-0.39984341266052226
-0.3998434126605218
-0.39979121415578855
-0.39989560299053273
-0.39989560299053245
-0.3998956029905339
-0.3998956029905337
-0.39989560299053317
-0.3998956029905334
-0.3998956029905324
-0.3998956029905324
-0.3998956029905335
-0.3998956029905324
-0.399895602990532
-0.39989560299053384
-0.3998956029905343
-0.3998956029905321
-0.39989560299053206
-0.39993452938060003
-0.39990467091944426
-0.39989560299053334
-0.39989560299053284
-0.3998956029905332
-0.39989560299053417
-0.3998956029905333
-0.3998956029905332
-0.3998956029905326
-0.39989560299053245
-0.3998956029905334
-0.3998956029905325
-0.39989560299053273
-0.39989560299053484
-0.39989560299053245
-0.39989560299053256
-0.39990222359877153
0.0
0.3998956029905329
0.3998956029905337
0.3389121831294388
0.0
