2.0
2.2
2.399843412660522
2.599217308498558
2.7978094932350017
2.9953089966513624
3.191406559529758
3.3857951179136956
3.578170283931352
3.7682308224284427
3.9556791226643377
4.140221664332801
4.327669964568696
4.5177305030657875
4.710105669083443
4.900166207580535
5.09254137359819
5.286929931982128
5.483027494860523
5.67741605324446
5.873513616122856
6.067902174506793
6.263999737385189
6.458388295769126
6.654485858647521
6.851985362063882
7.048082924942277
7.245582428358638
7.4416799912370335
7.639179494653394
7.837771679389838
8.035271182806198
8.233863367542643
8.034489471704607
7.8346460590440845
7.634646059044084
7.434802646383562
7.235428750545526
7.036836565809082
6.840012345154881
6.644743800047933
6.451336696307856
6.260093884972759
6.0713148280728575
5.8852951297108405
5.702326073183279
5.522694164867859
5.346680685590664
5.174561250176017
5.006605375868562
4.843076060303369
4.684229369684951
4.5303140378199975
4.381571076631725
4.2382333987657175
4.096794784024638
3.9500675505015628
3.7980789566078026
3.6410669972388465
3.479277533244532
3.312963906442084
3.1423865429149034
2.9678125452182877
2.789515274130653
2.6077739206051547
2.422873068592012
2.235102249416065
2.044755488407376
1.8521308444947913
1.6575299434833974
1.4612575057466817
1.2636486067368295
1.462039223361045
1.6612722184528366
1.8610356183658263
1.9999999999999982
