3.0
3.0
2.9920873255977267
2.9762743670395087
2.9525858854164446
2.921058973891671
2.8817429996171637
2.83469952643103
2.7800022184563296
2.717736724752386
2.6480005451992037
2.5709028778249987
2.5011666982718164
2.438901204567873
2.3842038965931724
2.321938402889229
2.2672410949145285
2.2201976217283947
2.1808816474538877
2.133838174267754
2.094522199993247
2.047478726807113
2.008162752532606
1.961119279346472
1.921803305071965
1.8902763935471913
1.8509604192726843
1.8194335077479107
1.7801175334734036
1.74859062194863
1.724902140325566
1.6933752288007924
1.6696867471777284
1.6854997057359464
1.6934123801382195
1.6934123801382195
1.6854997057359464
1.6696867471777284
1.6459982655546643
1.6105721992031028
1.5673868393563428
1.5165098088204128
1.4580207745838343
1.3920113230692044
1.3185848167204544
1.2378562321503475
1.1499519801016609
1.0550097075039648
0.9531780819359614
0.8446165588308738
0.7294951317894302
0.6079940663914027
0.4803036179225373
0.3466237334588591
0.2071637387748657
0.06577289993281976
-0.07011638940207843
-0.20009426190150226
-0.3239571886729937
-0.44151121605492283
-0.5525722693233617
-0.656966440929801
-0.7545302628183526
-0.8451109623960267
-0.9285667017552746
-1.0047667997741925
-1.073591936746612
-1.1349343412216564
-1.1886979587601851
-1.234798602343888
-1.2731640842014957
-1.3039312321103
-1.278713316876441
-1.2613641474429194
-1.2519108904125715
-1.2499999999999998
