0.7999999999999972
0.0
0.0
-0.00031317467895430884
1.6653345369377348e-15
-0.7996868253210445
-0.7997912059810648
-2.220446049250313e-15
-1.2212453270876722e-15
1.9984014443252818e-15
3.3306690738754696e-16
-4.440892098500626e-16
1.6653345369377348e-15
-1.1102230246251565e-16
-1.3322676295501878e-15
6.661338147750939e-16
2.220446049250313e-16
-1.7763568394002505e-15
-8.881784197001252e-16
3.3306690738754696e-15
-2.220446049250313e-16
-6.661338147750939e-16
-5.551115123125783e-16
-4.440892098500626e-16
7.771561172376096e-16
3.3306690738754696e-16
-5.551115123125783e-16
-1.192223996659969e-05
-5.5847652011054016e-05
6.776989197743166e-05
1.1102230246251565e-16
-1.2212453270876722e-15
-4.440892098500626e-16
2.220446049250313e-15
2.220446049250313e-16
-2.3314683517128287e-15
1.5543122344752192e-15
1.6653345369377348e-15
6.661338147750939e-16
-2.220446049250313e-16
-6.439293542825908e-15
1.887379141862766e-15
5.995204332975845e-15
-1.1102230246251565e-15
-2.55351295663786e-15
-1.5543122344752192e-15
9.992007221626409e-16
7.771561172376096e-16
9.992007221626409e-16
-1.9984014443252818e-15
-1.1102230246251565e-15
-5.5820848512078136e-05
0.7998470268295801
0.7997912059810668
-0.2165962785618174
-0.5831949274192494
0.0
