0.0
0.0
0.0
0.0
0.03957370045131725
0.0791474009026345
0.11872110135395175
0.158294801805269
0.19786850225658625
0.2374422027079035
0.27701590315922076
0.316589603610538
0.35616330406185526
0.3957370045131725
0.43531070496448976
0.474884405415807
0.5144581058671243
0.5540318063184415
0.5936055067697588
0.633179207221076
0.6727529076723933
0.7123266081237105
0.7519003085750278
0.791474009026345
0.8310477094776623
0.8706214099289795
0.9101951103802968
0.949768810831614
0.9893425112829313
1.0170745445796516
0.9775008441283344
0.9379271436770171
0.8983534432256999
0.8587797427743826
0.8192060423230649
0.7796323418717477
0.7400586414204304
0.7004849409691132
0.6609112405177959
0.6213375400664787
0.5817638396151614
0.5421901391638442
0.5026164387125269
0.4630427382612097
0.4234690378098924
0.3838953373585752
0.3443216369072579
0.30474793645594067
0.2651742360046234
0.22560053555330617
0.18602683510198892
0.14645313465067167
0.10687943419935442
0.09728297641003714
0.057709275958719886
0.018135575507402635
0.0
