0.0
0.3999999999999986
0.3999999999999986
0.3999999999999986
0.3998434126605214
0.39984341266052226
0.0
-0.3998956029905324
-0.3998956029905335
-0.3998956029905341
-0.3998956029905331
-0.39989560299053295
-0.39989560299053317
-0.39989560299053234
-0.3998956029905324
-0.39989560299053306
-0.39989560299053273
-0.3998956029905326
-0.3998956029905335
-0.39989560299053395
-0.3998956029905323
-0.3998956029905324
-0.39989560299053273
-0.399895602990533
-0.3998956029905332
-0.39989560299053284
-0.3998956029905327
-0.39989560299053295
-0.39990156411051625
-0.3999294879365218
-0.39989560299053306
-0.399895602990533
-0.3998956029905336
-0.39989560299053384
-0.39989560299053273
-0.3998956029905326
-0.3998956029905338
-0.399895602990533
-0.3998956029905322
-0.39989560299053184
-0.39989560299053195
-0.39989560299053517
-0.3998956029905342
-0.39989560299053123
-0.3998956029905318
-0.39989560299053306
-0.39989560299053384
-0.39989560299053334
-0.39989560299053295
-0.39989560299053245
-0.39989560299053345
-0.399895602990534
-0.39992351341479004
0.0
0.3998956029905334
0.2915974637096247
0.0
