8.0
8.2
8.399999999999999
8.599999999999998
8.799999999999997
8.99984341266052
9.199217308498556
9.001145614107674
8.804321393453474
8.609052848346524
8.415645744606447
8.224402933271351
8.03562387637145
7.849604178009432
7.666635121481872
7.487003213166451
7.310989733889256
7.13887029847461
6.9709144241671535
6.80738510860196
6.648538417983543
6.49462308611859
6.345880124930317
6.202542447064309
6.064834501176808
5.932971920476527
5.807161185070354
5.687599298641638
5.574473479967368
5.4678096255510535
5.359300178031633
5.244229454551226
5.122777641294249
4.995134916423829
4.861501152286877
4.722085602439303
4.577106573981427
4.426791085716717
4.271374512669069
4.111100217515325
3.9462191695101367
3.7769895514998764
3.603676355640994
3.426550968455855
3.245890745875789
3.061978578936831
2.875102450808165
2.6855549858469505
2.493632991385617
2.299636992969166
2.103870763770211
1.9066408489186513
1.7082560854908087
1.5091204482753433
1.7085071725988934
1.9083503377856417
1.9999999999999991
