3.5
3.5
3.5
3.5
3.5
3.5079126744022733
3.5237256329604913
3.4961143328389097
3.4606882664873484
3.4175029066405886
3.3666258761046586
3.30813684186808
3.24212739035345
3.1687008840047
3.0879722994345937
3.0000680473859065
2.9051257747882113
2.803294149220207
2.69473262611512
2.5796111990736756
2.458110133675649
2.3304196852067838
2.1967398007431047
2.057279806059112
1.9122580778501164
1.7619017017819874
1.606446116903744
1.4461347469798196
1.2812186193192567
1.112048243310341
0.9440587203861153
0.7804937222631234
0.6216093710202424
0.4676544594359311
0.318870061410236
0.1754891544735835
0.03773625497346611
-0.0941729334897361
-0.22003185782727996
-0.3396434388980496
-0.45282038010953984
-0.5593854607006041
-0.6591718132467332
-0.7520231849533094
-0.8377941823277104
-0.916350498847105
-0.9875691252654621
-1.0513385422304613
-1.1075588949086748
-1.1561421493455994
-1.1970122303156798
-1.2301051404464833
-1.2553690604304797
-1.2738959608015317
-1.2584132550689016
-1.250831082463303
-1.249999999999997
