1.999229725570908
0.0006871229465128526
-2.220446049250313e-16
2.220446049250313e-16
-0.004806850981475375
2.220446049250313e-16
-1.9951099975359456
-1.9967389343570092
4.440892098500626e-16
2.220446049250313e-16
-6.661338147750939e-16
1.7763568394002505e-15
-4.440892098500626e-16
-0.00025120803805900316
-0.0009202319646823831
0.001171440002740276
2.220446049250313e-16
1.3322676295501878e-15
-1.7763568394002505e-15
4.440892098500626e-16
2.220446049250313e-16
4.440892098500626e-16
4.440892098500626e-16
-0.0012697930121614576
1.9980087273691691
1.4186683814132477
-1.4186683814132477
0.0
