0.0
-0.03925234608338046
-0.026356406027150836
-0.03925234608338046
-0.026356406027150836
0.07257784510114229
0.17151209622943542
0.27044634735772854
0.36938059848602167
0.4683148496143148
0.5672491007426079
0.6661833518709015
0.7651176029991946
0.8640518541274878
0.9629861052557809
1.0269659905082236
0.9280317393799304
0.8290974882516373
0.7301632371233442
0.6312289859950511
0.5322947348667579
0.4333604837384648
0.3344262326101717
0.23549198148187855
0.13655773035358543
0.140528201736406
0.041593950608112884
0.0
