0.0
0.999614862785454
0.9999584242587104
0.9999584242587103
0.9999584242587104
0.9975549987679727
0.9975549987679728
0.0
-0.9983694671785046
-0.9983694671785044
-0.9983694671785043
-0.9983694671785046
-0.9983694671785037
-0.9983694671785039
-0.9984950711975334
-0.9989551871798746
-0.9983694671785045
-0.9983694671785044
-0.9983694671785037
-0.9983694671785046
-0.9983694671785044
-0.9983694671785043
-0.998369467178504
-0.9983694671785038
-0.9990043636845846
0.0
0.7093341907066238
0.0
