5.0
5.2
5.4
5.6000000000000005
5.800000000000001
5.999843412660523
6.199217308498559
6.397809493235003
6.595931467500555
6.79351595680487
6.99049586916652
7.185951663543899
7.379577280908735
7.571069528058248
7.760128552377321
7.946458311369727
7.764779911885942
7.5865509641002795
7.4120505519802595
7.241551921078598
7.07532205066527
6.9136212356717754
6.756702679102226
6.6048120955495015
6.458187326437306
6.317057967590607
6.181645009717647
6.052160492366466
5.928807171897821
5.8117782039943915
5.701256841203438
5.597416145986508
5.5004187197255385
5.410091425811959
5.3170795680979115
5.217136187282273
5.110417782046047
4.997091459900725
4.877334675519084
4.751334952863631
4.6192895915478225
4.481405357889848
4.337898161142751
4.188992715407878
4.034922187761045
3.875927833142411
3.7122586165817975
3.5441708233509583
3.371927657653303
3.19579883047943
3.0160601372738656
2.8329930260743135
2.6468841567996586
2.4580249523768325
2.2667111424093997
2.073242300102442
1.877921373168852
1.6810542094515526
1.4829490780045198
1.2844864207411124
1.4829803819627863
1.6822839304489232
1.8820849820754662
1.9999999999999991
