3.5
3.5
3.5
3.5
3.5
3.5079126744022733
3.5237256329604913
3.5474141145835554
3.5747579130234204
3.605747743393284
3.6403730827561938
3.682764502221787
3.732855622194155
3.790568006321219
3.8558112843161245
3.928483293465671
3.84489059537374
3.7541755349675725
3.656480160546765
3.5519574506989158
3.4407710747545264
3.3230951365015495
3.199113901560903
3.0690215088498314
2.9330216665849447
2.7913273333009405
2.6441603843844987
2.4917512646455204
2.3343386274697244
2.172168961117669
2.005496202755335
1.8345813408206766
1.6596920063487701
1.4812612627891175
1.3042200971302216
1.1309974062250778
0.9618644348767473
0.7970860239052446
0.6369201954403443
0.4816177488915927
0.331421868228186
0.18656774118365993
0.047282190981677186
-0.08621667884042106
-0.2137198259541493
-0.33502759657368975
-0.4499500380884496
-0.5583071965047979
-0.659929398231236
-0.7546575157657602
-0.8423432168693883
-0.9228491968356551
-0.9960493934924135
-1.0618291845992265
-1.1200855673312842
-1.1707273195687908
-1.2136751427392505
-1.2488617859889994
-1.2762321514895203
-1.3009067354445532
-1.2765156023874806
-1.2599966564733909
-1.2513757642802035
-1.2499999999999987
