0.7996868253210446
-1.1102230246251565e-16
-8.881784197001252e-16
-2.220446049250313e-16
0.0
3.3306690738754696e-16
-1.1102230246251565e-16
-2.220446049250313e-16
0.0
3.3306690738754696e-16
-1.1102230246251565e-16
-2.220446049250313e-16
-1.1102230246251565e-16
4.440892098500626e-16
3.3306690738754696e-16
-3.3306690738754696e-16
-4.440892098500626e-16
-1.1102230246251565e-16
3.3306690738754696e-16
3.3306690738754696e-16
-1.1102230246251565e-16
-1.1102230246251565e-16
0.0
2.220446049250313e-16
-1.1102230246251565e-16
1.1102230246251565e-16
-1.1102230246251565e-16
-2.220446049250313e-16
0.0
1.1102230246251565e-16
-2.220446049250313e-16
-0.7996868253210434
-0.7996868253210438
0.7996868253210438
0.7996868253210434
3.3306690738754696e-16
-1.1102230246251565e-16
1.1102230246251565e-16
-1.1102230246251565e-16
0.0
0.0
0.0
0.0
1.1102230246251565e-16
-1.1102230246251565e-16
2.220446049250313e-16
-1.1102230246251565e-16
1.1102230246251565e-16
7.771561172376096e-16
1.1102230246251565e-16
-1.1102230246251565e-16
-1.1102230246251565e-16
-8.881784197001252e-16
1.1102230246251565e-16
7.771561172376096e-16
0.0
0.0
2.220446049250313e-16
-1.1102230246251565e-16
1.1102230246251565e-16
-1.1102230246251565e-16
-1.1102230246251565e-16
-8.881784197001252e-16
1.1102230246251565e-16
-0.7996868253210437
-0.7997912059810666
1.1102230246251565e-15
-8.881784197001252e-16
2.220446049250313e-16
1.5543122344752192e-15
-1.7763568394002505e-15
1.1102230246251565e-16
-3.3306690738754696e-16
4.440892098500626e-16
8.881784197001252e-16
-1.5543122344752192e-15
-4.440892098500626e-16
6.661338147750939e-16
1.9984014443252818e-15
-6.116705766578967e-05
-2.8627589024887712e-05
8.979464669023329e-05
2.220446049250313e-16
-1.7763568394002505e-15
-2.220446049250313e-16
-2.220446049250313e-16
6.661338147750939e-16
1.5543122344752192e-15
-1.5543122344752192e-15
1.1102230246251565e-16
1.9984014443252818e-15
-2.7755575615628914e-15
4.440892098500626e-16
3.9968028886505635e-15
-1.9984014443252818e-15
-9.179128728864505e-05
0.7998829972683532
0.7997912059810648
1.887379141862766e-15
-0.15929986077396407
-0.6404913452071026
0.0
