0.0
-0.03957370045131725
-0.0791474009026345
-0.11872110135395175
-0.158294801805269
-0.11872110135395175
-0.0791474009026345
-0.11872110135395175
-0.158294801805269
-0.11872110135395175
-0.0791474009026345
-0.11872110135395175
-0.158294801805269
-0.19786850225658625
-0.2374422027079035
-0.27701590315922076
-0.2374422027079035
-0.27701590315922076
-0.316589603610538
-0.35616330406185526
-0.316589603610538
-0.27701590315922076
-0.2374422027079035
-0.27701590315922076
-0.2374422027079035
-0.27701590315922076
-0.2374422027079035
-0.27701590315922076
-0.316589603610538
-0.27701590315922076
-0.316589603610538
-0.27701590315922076
-0.2374422027079035
-0.19786850225658625
-0.158294801805269
-0.11872110135395175
-0.0791474009026345
-0.11872110135395175
-0.0791474009026345
-0.03957370045131725
-0.0791474009026345
-0.03957370045131725
-0.0791474009026345
-0.11872110135395175
-0.0791474009026345
-0.03957370045131725
0.0
0.03957370045131725
0.0
0.03957370045131725
0.0
0.03957370045131725
0.0791474009026345
0.11872110135395175
0.0791474009026345
0.03957370045131725
0.0791474009026345
0.03957370045131725
0.0
0.03957370045131725
0.0
0.03957370045131725
0.0791474009026345
0.11872110135395175
0.0791474009026345
0.11872110135395175
0.158294801805269
0.19786850225658625
0.2374422027079035
0.27701590315922076
0.316589603610538
0.35616330406185526
0.3957370045131725
0.43531070496448976
0.474884405415807
0.5144581058671243
0.5540318063184415
0.5936055067697588
0.633179207221076
0.6727529076723933
0.7123266081237105
0.7198306858734549
0.6802569854221376
0.6406832849708204
0.6011095845195031
0.5615358840681854
0.5219621836168682
0.48238848316555094
0.4428147827142337
0.40324108226291644
0.3636673818115992
0.32409368136028194
0.2845199809089647
0.24494628045764744
0.20537258000633019
0.16579887955501293
0.12622517910369568
0.14252650928174448
0.10295280883042723
0.06337910837910998
0.023805407927792732
0.0
