-5.0
-4.8
-4.600156587339478
-4.400782691501441
-4.202190506764998
-4.004691003348637
-3.8060988186121936
-3.6067249227741573
-3.4081327380377138
-3.210633234621353
-3.0120410498849095
-2.8126671540468733
-2.6140749693104297
-2.416575465894069
-2.2204779030156736
-2.026089344631736
-1.8337141786140796
-1.639325620230142
-1.446950454212486
-1.2568899157153952
-1.0694416154795
-0.879381076982409
-0.6870059109647528
-0.4926173525808153
-0.30024218656315915
-0.10585362817922159
0.08652153783843455
0.2809100962223721
0.47328526224002826
0.6633458007371191
0.8557209667547753
1.0457815052518662
1.2381566712695222
1.0437681128855847
0.847670550007189
1.0451700534235497
1.2437622381599933
1.4431361339980295
1.6417283187344731
1.8411022145725093
2.040945627233031
2.2403195230710673
2.440162935731589
2.6395368315696253
2.838129016306069
3.037502912144105
3.237346324804627
3.437346324804627
3.6371897374651487
3.837189737465149
4.037033150125671
4.237033150125671
4.4368765627861935
4.63625045862423
4.834842643360673
5.0342165391987095
5.234059951859232
5.433433847697268
5.63327726035779
5.83327726035779
6.0331206730183125
6.233120673018313
6.432964085678835
6.632337981516871
6.830930166253315
7.030304062091351
6.8322323677004695
6.6354081470462685
6.44013960193932
6.2467324981992425
6.0554896868641475
5.8667106299642455
5.6806909316022285
5.497721875074667
5.3180899667592465
5.1420764874820515
4.9699570520674055
4.802001177759948
4.638471862194756
4.479625171576338
4.325709839711386
4.176094685874991
4.023141877627251
3.865211404294831
3.702550565004148
3.5354140660358193
3.3640636219868782
3.1887675459588434
3.0098003294133786
2.827442212353409
2.6419787445027616
2.4537003381714486
2.2629018135067556
2.0698819368422168
1.874942952867369
1.6783901113508222
1.4805311891577748
1.2821269939425965
1.4806094296801016
1.679905165293171
1.879702128891716
2.0
