2.5
2.5
2.4920873255977267
2.4762743670395087
2.4525858854164446
2.421058973891671
2.3973704922686068
2.3815575337103887
2.3578690520873247
2.326342140562551
2.302653658939487
2.2868407003812687
2.2631522187582047
2.231625307233431
2.192309332958924
2.14526585977279
2.0905685517980896
2.043525078611956
1.9888277706372552
1.926562276933312
1.8568260973801296
1.794560603676186
1.7398632957014855
1.6928198225153515
1.6381225145406508
1.5910790413545168
1.5363817333798162
1.4893382601936822
1.4346409522189816
1.3723754585150383
1.3176781505403377
1.2554126568363944
1.2007153488616937
1.2477588220478277
1.2870747963223348
1.2555478847975612
1.2318594031744972
1.216046444616279
1.192357962993215
1.176545004434997
1.168632330032724
1.1528193714745059
1.1449066970722328
1.1290937385140147
1.1054052568909507
1.0895922983327326
1.0816796239304596
1.0816796239304596
1.0895922983327326
1.0895922983327326
1.0975049727350057
1.0975049727350057
1.1054176471372787
1.1212306056954968
1.1449190873185608
1.160732045876779
1.168644720279052
1.18445767883727
1.192370353239543
1.192370353239543
1.2002830276418162
1.2002830276418162
1.2081957020440892
1.2240086606023073
1.2476971422253713
1.2635101007835894
1.235898800662008
1.2004727343104464
1.1572873744636865
1.1064103439277568
1.047921309691178
0.9819118581765478
0.908485351827798
0.8277567672576915
0.7398525152090044
0.6449102426113091
0.5430786170433051
0.4345170939382178
0.31939566689677346
0.1978946014987466
0.07020415302988159
-0.06251255356825669
-0.19135438863128473
-0.3140440198405945
-0.43038933076685937
-0.5402081393830924
-0.643328483338635
-0.7395888892304263
-0.8288386254499092
-0.9109379382096463
-0.9857582703800578
-1.0531824627936095
-1.113104937701235
-1.1654318640937282
-1.21008130462922
-1.246983343936684
-1.276080198094556
-1.3012447441964115
-1.2767599996197199
-1.2601470594908883
-1.2514319375708742
-1.2499999999999993
