0.7996868253210435
1.1102230246251565e-16
-1.1102230246251565e-16
2.220446049250313e-16
1.1102230246251565e-16
-2.220446049250313e-16
-1.1102230246251565e-16
1.1102230246251565e-16
1.1102230246251565e-16
-3.3306690738754696e-16
2.220446049250313e-16
0.0
0.0
4.440892098500626e-16
-3.3306690738754696e-16
-5.551115123125783e-16
4.440892098500626e-16
0.0
0.0
6.661338147750939e-16
-4.440892098500626e-16
0.0
0.0
-5.551115123125783e-16
-1.1102230246251565e-16
1.1102230246251565e-16
1.1102230246251565e-16
0.0
0.0
3.3306690738754696e-16
-1.1102230246251565e-16
1.1102230246251565e-16
-1.1102230246251565e-16
1.1102230246251565e-16
-0.7996868253210437
-0.7996868253210447
0.7996868253210447
0.7996868253210445
-8.881784197001252e-16
1.1102230246251565e-16
-1.1102230246251565e-16
1.1102230246251565e-16
-1.1102230246251565e-16
1.1102230246251565e-16
-1.1102230246251565e-16
1.1102230246251565e-16
-0.7996868253210437
-0.7997912059810666
1.1102230246251565e-15
-8.881784197001252e-16
2.220446049250313e-16
0.0
-1.7763568394002505e-15
3.219646771412954e-15
-3.3306690738754696e-16
-1.1102230246251565e-15
8.881784197001252e-16
0.0
-1.9984014443252818e-15
-7.771561172376096e-16
3.4416913763379853e-15
-2.220446049250313e-16
-6.661338147750939e-16
-7.929945148898998e-05
2.0328507475131374e-06
7.726660074069969e-05
-5.551115123125783e-16
6.661338147750939e-16
1.1102230246251565e-16
5.551115123125783e-16
-1.5543122344752192e-15
6.661338147750939e-16
9.992007221626409e-16
6.661338147750939e-16
-9.992007221626409e-16
-1.1102230246251565e-16
-2.220446049250313e-15
1.6653345369377348e-15
2.9976021664879227e-15
-2.9976021664879227e-15
-4.3067794024964634e-05
0.7998342737750913
0.7997912059810677
-3.4416913763379853e-15
-0.15121005875984628
-0.648581147221218
0.0
