0.0
0.39984341266052176
0.3998434126605218
0.39984341266052176
0.39984341266052187
0.3998434126605219
0.3998434126605218
0.39984341266052176
0.3998434126605218
0.39984341266052187
0.3998434126605217
0.3998434126605218
0.3998434126605218
0.3998434126605218
0.39984341266052204
0.39984341266052187
0.3998434126605216
0.3998434126605218
0.3998434126605218
0.3998434126605218
0.39984341266052215
0.3998434126605219
0.3998434126605219
0.3998434126605219
0.39984341266052165
0.3998434126605216
0.39984341266052165
0.3998434126605217
0.3998434126605217
0.3998434126605217
0.39984341266052187
0.3998434126605218
0.39984341266052187
0.3998434126605218
0.39984341266052187
0.0
-0.39984341266052237
0.0
0.39984341266052226
0.3998434126605218
0.39984341266052187
0.3998434126605218
0.39984341266052187
0.3998434126605218
0.39984341266052187
0.3998434126605218
0.39984341266052187
0.0
-0.3998956029905333
-0.39989560299053273
-0.39989560299053317
-0.39989560299053306
-0.39989560299053306
-0.39989560299053395
-0.39989560299053234
-0.3998956029905325
-0.39989560299053306
-0.3998956029905326
-0.3998956029905326
-0.3998956029905336
-0.399895602990534
-0.3998956029905323
-0.3998956029905324
-0.39989560299053273
-0.3999352527162772
-0.39993423629090347
-0.3998956029905331
-0.3998956029905334
-0.39989560299053306
-0.399895602990533
-0.39989560299053273
-0.3998956029905335
-0.39989560299053317
-0.3998956029905327
-0.39989560299053234
-0.39989560299053284
-0.3998956029905329
-0.399895602990534
-0.39989560299053317
-0.3998956029905317
-0.39989560299053317
-0.39991713688754565
0.0
0.39989560299053384
0.3998956029905321
0.324290573610609
0.0
