-1.0
-0.8
-0.6001565873394782
-0.4007826915014421
-0.20219050676499845
-0.004691003348637673
0.1914065595297579
0.3857951179136955
0.5781702839313516
0.7682308224284425
0.9556791226643377
1.1457396611614286
1.3381148271790848
1.5281753656761756
1.715623665912071
1.905684204409162
2.093132504645057
2.283193043142148
2.475568209159804
2.665628747656895
2.858003913674551
3.052392472058489
3.2484900349368844
3.442878593320822
3.6389761561992175
3.8364756596155782
4.032573222493974
4.230072725910334
4.428664910646778
4.626164414063139
4.824756598799582
5.024130494637618
5.222722679374062
5.422096575212098
5.620688759948542
5.820062655786578
5.620219243126056
5.420219243126056
5.620062655786578
5.819436551624614
6.018028736361058
6.217402632199094
6.415994816935537
6.615368712773574
6.813960897510017
7.013334793348053
7.211926978084497
7.411300873922533
7.213229179531652
7.016404958877451
6.821136413770502
6.627729310030425
6.43648649869533
6.247707441795427
6.06168774343341
5.87871868690585
5.699086778590429
5.523073299313234
5.350953863898588
5.182997989591131
5.019468674025938
4.860621983407521
4.706706651542568
4.557963690354295
4.414626012488287
4.275446120161845
4.132036807973005
3.9832251829419607
3.829244265233184
3.670335169469018
3.50674672717471
3.3387350971397414
3.166563364305598
2.9905011278080593
2.8108240788190813
2.62781356884933
2.4417561691873306
2.2529432221651184
2.0616703849530227
1.8682371665979831
1.6729464590302845
1.4761040627731568
1.278122164225925
1.4765849340405053
1.6758673055812974
1.875657227884659
2.0000000000000018
