3.0
3.0
2.9920873255977267
2.9762743670395087
2.9525858854164446
2.921058973891671
2.8817429996171637
2.83469952643103
2.7800022184563296
2.717736724752386
2.6480005451992037
2.58573505149526
2.5310377435205598
2.4687722498166162
2.399036070263434
2.3367705765594904
2.267034397006308
2.2047689033023645
2.150071595327664
2.0878061016237206
2.03310879364902
1.9860653204628862
1.9467493461883791
1.8997058730022451
1.860389898727738
1.8288629872029645
1.7895470129284574
1.7580201014036838
1.7343316197806198
1.7028047082558462
1.6791162266327821
1.663303268074564
1.6396147864515
1.623801827893282
1.600113346270218
1.5843003877119999
1.592213062114273
1.592213062114273
1.600125736516546
1.615938695074764
1.639627176697828
1.6554401352560462
1.6791286168791102
1.6949415754373283
1.7186300570603923
1.7344430156186104
1.7581314972416744
1.7739444557998925
1.746333155678311
1.7109070893267495
1.6677217294799895
1.61684469894406
1.558355664707481
1.4923462131928509
1.418919706844101
1.3381911222739946
1.2502868702253074
1.1553445976276122
1.0535129720596081
0.9449514489545209
0.8298300219130765
0.7083289565150497
0.5806385080461847
0.4469586235825056
0.3074986288985131
0.1638753327224547
0.024489002005262828
-0.1091144420704746
-0.23672579342622835
-0.3581452288420379
-0.47318262085437657
-0.581657835471687
-0.6834010142414078
-0.778252840226801
-0.8660647874771101
-0.9466993536003929
-1.0200302750748567
-1.0859427249615494
-1.1443334927088096
-1.1951111457669195
-1.238196172759906
-1.2735211079902882
-1.301821071489037
-1.2771774311166355
-1.2604049415472194
-1.2515298663759686
-1.2499999999999984
