0.7996868253210446
-1.1102230246251565e-16
-8.881784197001252e-16
-2.220446049250313e-16
0.0
3.3306690738754696e-16
8.881784197001252e-16
-1.1102230246251565e-16
-8.881784197001252e-16
-2.220446049250313e-16
0.0
3.3306690738754696e-16
8.881784197001252e-16
-1.1102230246251565e-16
-8.881784197001252e-16
-2.220446049250313e-16
0.0
3.3306690738754696e-16
0.0
-1.1102230246251565e-16
0.0
1.1102230246251565e-16
0.0
1.1102230246251565e-16
-1.1102230246251565e-16
-1.1102230246251565e-16
0.0
-2.220446049250313e-16
0.0
1.1102230246251565e-16
1.1102230246251565e-16
0.0
-1.1102230246251565e-16
0.0
0.0
0.0
0.0
3.3306690738754696e-16
-1.1102230246251565e-16
1.1102230246251565e-16
-3.3306690738754696e-16
-1.1102230246251565e-16
-1.1102230246251565e-16
1.1102230246251565e-16
3.3306690738754696e-16
5.551115123125783e-16
-5.551115123125783e-16
1.1102230246251565e-16
-1.1102230246251565e-16
1.1102230246251565e-16
-1.1102230246251565e-16
-1.1102230246251565e-16
0.0
-2.220446049250313e-16
0.0
0.0
0.0
3.3306690738754696e-16
-1.1102230246251565e-16
1.1102230246251565e-16
7.771561172376096e-16
0.0
0.0
2.220446049250313e-16
-1.1102230246251565e-16
-1.1102230246251565e-16
-8.881784197001252e-16
1.1102230246251565e-16
7.771561172376096e-16
-0.7996868253210445
0.0
0.7996868253210445
-0.7996868253210445
-0.7997912059810666
1.1102230246251565e-15
-9.992007221626409e-16
3.3306690738754696e-16
1.7763568394002505e-15
-1.9984014443252818e-15
1.1102230246251565e-16
-3.3306690738754696e-16
4.440892098500626e-16
8.881784197001252e-16
-1.5543122344752192e-15
-4.440892098500626e-16
6.661338147750939e-16
1.9984014443252818e-15
-2.220446049250313e-16
-5.76685338771199e-05
-3.33705717647792e-05
9.103910564112194e-05
-7.771561172376096e-16
1.1102230246251565e-16
-7.771561172376096e-16
1.5543122344752192e-15
7.771561172376096e-16
-6.661338147750939e-16
-1.887379141862766e-15
3.3306690738754696e-16
2.55351295663786e-15
0.0
-2.1094237467877974e-15
1.887379141862766e-15
-8.881784197001252e-16
-7.985100414553692e-06
0.79979919108148
0.7997912059810657
-2.886579864025407e-15
-0.21383519191928357
-0.5859560140617792
0.0
