0.0
0.3998434126605223
0.39984341266052226
0.3998434126605218
0.3998434126605217
0.3998434126605217
0.39984341266052187
0.3998434126605223
0.39984341266052226
0.3998434126605218
0.3998434126605217
0.3998434126605217
0.39984341266052187
0.3998434126605223
0.39984341266052226
0.3998434126605218
0.3998434126605217
0.3998434126605217
0.39984341266052187
0.39984341266052187
0.3998434126605218
0.3998434126605218
0.39984341266052187
0.39984341266052187
0.3998434126605219
0.39984341266052187
0.3998434126605218
0.3998434126605218
0.3998434126605217
0.3998434126605217
0.39984341266052176
0.3998434126605218
0.3998434126605218
0.39984341266052176
0.39984341266052176
0.39984341266052176
0.39984341266052176
0.39984341266052176
0.3998434126605219
0.39984341266052187
0.3998434126605219
0.39984341266052176
0.3998434126605217
0.39984341266052165
0.3998434126605217
0.39984341266052187
0.39984341266052215
0.39984341266052187
0.3998434126605219
0.39984341266052187
0.3998434126605219
0.39984341266052187
0.3998434126605218
0.3998434126605218
0.3998434126605217
0.3998434126605217
0.3998434126605217
0.3998434126605217
0.39984341266052187
0.3998434126605218
0.39984341266052187
0.39984341266052226
0.39984341266052226
0.39984341266052226
0.39984341266052237
0.3998434126605223
0.39984341266052226
0.3998434126605218
0.39984341266052187
0.39984341266052226
0.0
0.0
0.39984341266052226
0.0
-0.3998956029905333
-0.39989560299053273
-0.3998956029905332
-0.39989560299053306
-0.3998956029905322
-0.39989560299053317
-0.3998956029905331
-0.3998956029905333
-0.39989560299053306
-0.3998956029905326
-0.3998956029905334
-0.3998956029905336
-0.3998956029905333
-0.3998956029905323
-0.3998956029905324
-0.39992443725747095
-0.39994112254335334
-0.3998956029905328
-0.39989560299053317
-0.3998956029905331
-0.3998956029905335
-0.39989560299053273
-0.39989560299053234
-0.3998956029905327
-0.3998956029905336
-0.39989560299053345
-0.3998956029905322
-0.3998956029905322
-0.3998956029905332
-0.3998956029905323
-0.39989560299053273
-0.39989959554074
0.0
0.39989560299053284
0.3998956029905314
0.2929780070308896
0.0
