-7.0
-6.8
-6.600156587339478
-6.400782691501441
-6.202190506764998
-6.004691003348637
-5.806098818612194
-5.606724922774157
-5.406881510113635
-5.207507614275599
-5.008915429539155
-4.811415926122795
-4.612823741386351
-4.413449845548315
-4.213606432887793
-4.0142325370497565
-3.815640352313313
-3.618140848896952
-3.4195486641605086
-3.2201747683224724
-3.0203313556619507
-2.8209574598239144
-2.622365275087471
-2.4229913792494346
-2.223147966588913
-2.0231479665889127
-1.823304553928391
-1.6239306580903548
-1.4253384733539112
-1.2278389699375505
-1.029246785201107
-0.8298728893630708
-0.6300294767025489
-0.43065558086451283
-0.2320633961280692
-0.03268950029003309
0.16715391237048874
0.3665278082085248
0.5663712208690467
0.7663712208690467
0.9662146335295686
1.1662146335295687
1.3660580461900904
1.5660580461900904
1.7659014588506121
1.965901458850612
2.165744871511134
2.365744871511134
2.565588284171656
2.765588284171656
2.965431696832178
3.165431696832178
3.3652751094927
3.564649005330736
3.7632411900671796
3.9607406934835403
4.159332878219984
4.356832381636345
4.555424566372788
4.754798462210824
4.953390646947268
5.152764542785304
5.352607955445826
5.551981851283863
5.751825263944385
5.951825263944385
6.151668676604907
6.351042572442943
6.549634757179387
6.749008653017423
6.948852065677945
6.748852065677945
6.948695478338467
7.148069374176504
6.949997679785622
6.753173459131421
6.557904914024473
6.364497810284395
6.1732549989493
5.984475942049398
5.798456243687381
5.61548718715982
5.435855278844399
5.259841799567204
5.087722364152558
4.919766489845101
4.756237174279908
4.597390483661491
4.443475151796538
4.294732190608265
4.150560685559246
4.003010642761711
3.8502352480717477
3.6924737284152784
3.529973118358654
3.3629878732837977
3.191779470943294
3.0166160020193304
2.837771750327633
2.655526763323734
2.470166413584118
2.2819809519488876
2.091265053025703
1.8983173537666485
1.703439985840581
1.5069381025331774
1.3091345417164284
1.5077462214475998
1.7071287082740838
1.9069697944643789
2.0000000000000018
