2.5
2.5
2.4920873255977267
2.4762743670395087
2.4525858854164446
2.421058973891671
2.3973704922686068
2.3815575337103887
2.3736448593081154
2.3578319007498973
2.3341434191268333
2.3026165076020595
2.2789280259789955
2.2631150674207774
2.255202393018504
2.239389434460286
2.215700952837222
2.184174041312448
2.160485559689384
2.144672601131166
2.136759926728893
2.1209469681706747
2.0972584865476107
2.0814455279893926
2.0735328535871194
2.0735328535871194
2.065620179184846
2.049807220626628
2.026118739003564
1.9945918274787904
1.9709033458557264
1.9550903872975083
1.9471777128952352
1.9313647543370172
1.9076762727139531
1.891863314155735
1.883950639753462
1.868137681195244
1.8602250067929709
1.8602250067929709
1.8523123323906978
1.8523123323906978
1.8443996579884248
1.8443996579884248
1.8364869835861517
1.8364869835861517
1.8285743091838786
1.8285743091838786
1.8206616347816056
1.8206616347816056
1.8127489603793325
1.8127489603793325
1.8048362859770595
1.7890233274188414
1.7653348457957774
1.7338079342710038
1.7101194526479397
1.6785925411231661
1.654904059500102
1.639091100941884
1.61540261931882
1.599589660760602
1.5916769863583289
1.5758640278001108
1.5679513533978378
1.5679513533978378
1.5600386789955647
1.5442257204373466
1.5205372388142826
1.5047242802560645
1.4968116058537915
1.4968116058537915
1.5047242802560645
1.5205372388142826
1.4929259386927012
1.4574998723411396
1.4143145124943797
1.3634374819584498
1.3049484477218711
1.238938996207241
1.1655124898584912
1.0847839052883848
0.9968796532396976
0.9019373806420024
0.8001057550739983
0.691544231968911
0.5764228049274667
0.4549217395294398
0.3272312910605748
0.19355140659689574
0.05494084510674746
-0.0800545803110202
-0.2091067356227574
-0.3320135414919205
-0.44858254142116305
-0.5586312031148384
-0.661987204301469
-0.7584887025686062
-0.8479845887875572
-0.930334723731149
-1.0054101575140169
-1.0730933315117972
-1.1332782624430542
-1.1858707083256754
-1.230788316047886
-1.2679607503227976
-1.2974435213410898
-1.2740302625409572
-1.2584930826113512
-1.2508563108089539
-1.2499999999999991
