0.0
-0.03957370045131725
-0.0791474009026345
-0.11872110135395175
-0.158294801805269
-0.19786850225658625
-0.2374422027079035
-0.27701590315922076
-0.316589603610538
-0.35616330406185526
-0.3957370045131725
-0.43531070496448976
-0.474884405415807
-0.5144581058671243
-0.474884405415807
-0.43531070496448976
-0.3957370045131725
-0.35616330406185526
-0.3957370045131725
-0.35616330406185526
-0.316589603610538
-0.27701590315922076
-0.2374422027079035
-0.19786850225658625
-0.158294801805269
-0.11872110135395175
-0.0791474009026345
-0.03957370045131725
-0.0791474009026345
-0.03957370045131725
0.0
0.03957370045131725
0.0791474009026345
0.11872110135395175
0.158294801805269
0.19786850225658625
0.2374422027079035
0.27701590315922076
0.316589603610538
0.35616330406185526
0.3957370045131725
0.43531070496448976
0.474884405415807
0.5144581058671243
0.5540318063184415
0.5936055067697588
0.633179207221076
0.6727529076723933
0.7123266081237105
0.7519003085750278
0.791474009026345
0.8310477094776623
0.8706214099289795
0.8666468581329827
0.8270731576816654
0.7874994572303482
0.747925756779031
0.7083520563277133
0.668778355876396
0.6292046554250788
0.5896309549737615
0.5500572545224443
0.510483554071127
0.47090985361980975
0.4313361531684925
0.39176245271717525
0.352188752265858
0.31261505181454075
0.2730413513632235
0.23346765091190624
0.193893950460589
0.15432025000927174
0.13726232439131536
0.09768862393999811
0.05811492348868086
0.018541223037363608
0.0
