0.0
0.3998434126605223
0.39984341266052226
0.3998434126605218
0.3998434126605217
0.39984341266052165
0.3998434126605214
0.3998434126605212
0.39984341266052176
0.3998434126605225
0.39984341266052154
0.3998434126605211
0.3998434126605216
0.3998434126605218
0.3998434126605218
0.39984341266052165
0.39984341266052187
0.3998434126605216
0.39984341266052154
0.3998434126605216
0.3998434126605216
0.39984341266052265
0.0
-0.39984341266052315
-0.39984341266052337
-0.3998434126605235
-0.39984341266052276
-0.3998434126605223
-0.39984341266052226
-0.3998434126605223
-0.3998434126605215
-0.39979121415578794
-0.39989560299053295
-0.3998956029905326
-0.3998956029905332
-0.3998956029905335
-0.39989560299053334
-0.3998956029905332
-0.39989560299053284
-0.399895602990533
-0.3998956029905325
-0.3998956029905326
-0.39989560299053306
-0.3998956029905335
-0.3998956029905344
-0.39989560299053184
-0.3998956029905322
-0.3998956029905333
-0.3998956029905324
-0.3998956029905335
-0.399895602990533
-0.3998956029905323
-0.39993824860012495
-0.39993046380393826
-0.39989560299053306
-0.39989560299053406
-0.3998956029905327
-0.39989560299053295
-0.39989560299053356
-0.39989560299053273
-0.39989560299053173
-0.3998956029905324
-0.39989560299053295
-0.39989560299053273
-0.39989560299053284
-0.39989560299053395
-0.3998956029905342
-0.3998956029905325
-0.39989560299053173
-0.3998956029905334
-0.39989560299053295
-0.39991373740546143
0.0
0.3998956029905322
0.39989560299053273
0.29364720540911393
0.0
