6.0
6.2
6.399843412660522
6.599217308498559
6.797809493235002
6.995308996651363
7.191406559529758
7.385795117913696
7.578170283931351
7.768230822428443
7.955679122664338
8.1402216643328
8.321569477177627
8.499438593483482
8.673550492733389
8.851419609039244
9.03276742188407
9.217309963552534
9.404758263788429
9.589300805456892
9.776749105692787
9.966809644189878
10.159184810207535
9.964796251823596
9.7686986889452
9.571199185528839
9.372607000792394
9.173233104954358
8.973389692293836
8.7740157964558
8.574172383795277
8.374172383795278
8.174537675242718
7.975528662311662
7.777456967920781
7.58063274726658
7.38536420215963
7.191957098419554
7.000714287084458
6.811935230184556
6.625915531822539
6.4429464752949785
6.263314566979558
6.087301087702363
5.915181652287716
5.747225777980258
5.583696462415068
5.42484977179665
5.270934439931697
5.1221914787434235
4.978853800877415
4.8411458549899145
4.709283274289634
4.581613055013351
4.449153918201224
4.3108706651500155
4.166979829926627
4.017706727361688
3.863285100235058
3.7039567532642357
3.5399711744687776
3.371585144503647
3.1990623345732176
3.022672893555555
2.8426930249834674
2.659404554544749
2.4730944887788286
2.2840545656608713
2.092580797777039
1.8989730088062586
1.7035343640343008
1.5065708956353294
1.3084715183993056
1.5070800956331505
1.7064605230309997
1.9063005960861554
2.0000000000000018
