3.5
3.5
3.4920873255977267
3.4762743670395087
3.4525858854164446
3.421058973891671
3.3817429996171637
3.33469952643103
3.2800022184563296
3.217736724752386
3.1480005451992037
3.0709028778249987
2.986564447815912
2.895117318475652
2.796704684431082
2.705257555090822
2.6209191250817354
2.5438214577075304
2.474085278154348
2.396987610780143
2.3272514312269608
2.2649859375230172
2.210288629548317
2.2573321027344506
2.2966480770089577
2.3281749885337315
2.3518634701567955
2.3676764287150136
2.375589103117287
2.391402061675505
2.3993147360777782
2.3993147360777782
2.3874503711806088
2.3676970730892632
2.340085772967682
2.3046597066161207
2.261474346769361
2.2105973162334305
2.152108281996852
2.0860988304822223
2.0126723241334723
1.9319437395633656
1.8440394875146784
1.7490972149169832
1.647265589348979
1.5387040662438913
1.423582639202448
1.3020815738044207
1.1743911253355557
1.0407112408718766
0.9012512461878839
0.7562295179788883
0.6058731419107595
0.4519285691651511
0.3020974739670428
0.15762421713777863
0.018735025506483982
-0.11435261803684282
-0.24143031509200252
-0.3622990780741069
-0.47676964180294146
-0.5846627598682774
-0.6858094853070567
-0.780051435152946
-0.8672410384440083
-0.9472417673001492
-1.019928350708489
-1.0851869706819115
-1.1429154404836201
-1.1930233646386306
-1.2354322804816418
-1.270075781019632
-1.2975350606216822
-1.2740954987139403
-1.2585319135251374
-1.2508686756592473
-1.2499999999999982
