0.7996868253210433
-1.1102230246251565e-16
0.0
2.220446049250313e-16
3.3306690738754696e-16
0.0
-3.3306690738754696e-16
2.220446049250313e-16
2.220446049250313e-16
-3.3306690738754696e-16
-2.220446049250313e-16
1.1102230246251565e-16
2.220446049250313e-16
-2.220446049250313e-16
4.440892098500626e-16
0.00024526248436629317
-4.440892098500626e-16
-3.3306690738754696e-16
-0.000245262484365516
-2.220446049250313e-16
0.0
5.551115123125783e-16
1.1102230246251565e-16
-6.661338147750939e-16
0.0003131746789560852
0.0
0.0
-0.00031317467895597417
3.3306690738754696e-16
-4.440892098500626e-16
-1.1102230246251565e-16
-3.3306690738754696e-16
6.661338147750939e-16
0.0003131746789576395
0.0
0.0
0.0
0.0
0.0
0.0
0.0
0.0
-6.791219459123532e-05
-8.881784197001252e-16
0.0
-0.00024526248436473885
1.1102230246251565e-16
-0.7996868253210447
-0.7997912059810652
-1.9984014443252818e-15
8.881784197001252e-16
-3.3306690738754696e-16
-7.771561172376096e-16
1.1102230246251565e-15
1.4432899320127035e-15
3.3306690738754696e-16
-2.55351295663786e-15
3.3306690738754696e-16
1.1102230246251565e-15
-4.440892098500626e-16
0.0
1.9984014443252818e-15
-1.277002220412271e-06
-2.5067678655066317e-05
2.6344680872814052e-05
7.771561172376096e-16
-6.661338147750939e-16
3.3306690738754696e-16
-1.1102230246251565e-15
9.992007221626409e-16
2.3314683517128287e-15
-2.1094237467877974e-15
-4.440892098500626e-16
1.1102230246251565e-16
1.7763568394002505e-15
9.992007221626409e-16
-4.218847493575595e-15
1.2212453270876722e-15
-1.8108543236028396e-06
0.7997930168353904
0.7997912059810676
-0.07512510154551155
-0.724666104435556
0.0
