0.0
-0.03925234608338046
-0.1381865972116736
-0.23712084833996672
-0.2242249082837371
-0.23712084833996672
-0.2242249082837371
-0.23712084833996672
-0.2242249082837371
-0.23712084833996672
-0.2242249082837371
-0.23712084833996672
-0.2242249082837371
-0.23712084833996672
-0.2242249082837371
-0.12529065715544396
-0.026356406027150836
0.07257784510114229
0.17151209622943542
0.27044634735772854
0.36938059848602167
0.4683148496143148
0.5672491007426079
0.6661833518709015
0.7651176029991946
0.8640518541274878
0.7725565715224905
0.6736223203941973
0.5746880692659042
0.4757538181376111
0.37681956700931796
0.27788531588102483
0.1789510647527317
0.12569842293349254
0.02676417180519941
0.0
