0.0
0.39984341266052165
0.3998434126605216
0.3998434126605216
0.3998434126605217
0.39984341266052187
0.39984341266052187
0.3998434126605217
0.3998434126605218
0.3998434126605219
0.39984341266052176
0.39984341266052165
0.3998434126605217
0.3998434126605218
0.3998434126605217
0.3998434126605219
0.39996604390270507
0.39996604390270485
0.3999660439027047
0.3998434126605219
0.3998434126605218
0.3998434126605218
0.3998434126605221
0.39984341266052215
0.3998434126605218
0.39999999999999986
0.39999999999999986
0.39999999999999986
0.39984341266052187
0.39984341266052204
0.3998434126605218
0.39984341266052176
0.3998434126605216
0.3998434126605219
0.40000000000000074
0.40000000000000074
0.40000000000000074
0.40000000000000074
0.40000000000000074
0.40000000000000074
0.40000000000000074
0.40000000000000074
0.40000000000000074
0.3999660439027051
0.3999660439027047
0.3999660439027047
0.3998434126605223
0.39984341266052237
0.0
-0.3998956029905326
-0.3998956029905336
-0.39989560299053317
-0.39989560299053334
-0.3998956029905337
-0.39989560299053317
-0.39989560299053245
-0.3998956029905323
-0.39989560299053356
-0.3998956029905334
-0.39989560299053284
-0.39989560299053306
-0.39989560299053306
-0.39989560299053206
-0.39989624149164227
-0.3999087753309698
-0.3998956029905334
-0.399895602990533
-0.39989560299053334
-0.39989560299053317
-0.3998956029905337
-0.3998956029905332
-0.39989560299053206
-0.3998956029905331
-0.39989560299053334
-0.3998956029905333
-0.3998956029905324
-0.3998956029905319
-0.399895602990534
-0.3998956029905334
-0.3998965084176952
0.0
0.3998956029905338
0.362333052217778
0.0
