-2.0
-1.5
-1.0003851372145458
-0.5051514293046706
-0.01914226437429889
0.4683411066920156
0.9543502716223873
1.4418336426887017
1.9278428076190735
2.415326178685388
2.90133534361576
3.3888187146820745
3.8748278796124462
4.3623112506787605
4.848320415609132
5.335803786675447
5.831884480533079
6.331710825551361
6.830394517612814
7.32305842775151
6.848620657738412
6.392027831122168
5.957745427997227
5.550020732406341
5.172841293881701
4.82989592919086
4.489611289807399
4.114881654864719
3.7093185423880386
3.2768883616160425
2.8218202818477396
2.348564871145893
1.861750569759419
1.3664091298177405
1.8647537312649245
2.000000000000001
