3.5
3.5
3.4803788663968724
3.411505253526366
3.294052745661771
3.182877375485541
3.065424867620946
2.9542494974447155
2.8367969895801206
2.7256216194038903
2.6081691115392953
2.496993741363065
2.37954123349847
2.2683658633222397
2.1509133554576447
2.0397379852814144
1.9772564265482129
1.9640797492103674
2.000336821237178
2.085673048285544
1.9284949565283687
1.725223854730749
1.4778477352700077
1.1887859378135668
0.8608654881650788
0.49729344993813474
0.13122553903839673
-0.19949163747221954
-0.49157846008093786
-0.7421783182232091
-0.9488403440514181
-1.109543381934512
-1.2227157553700319
-1.2898732004384574
-1.2518099852316946
-1.2499999999999996
