1.999229725570908
0.0006871229465128526
-0.004806850981474486
-8.881784197001252e-16
0.0048068509814747085
0.0
0.0
2.220446049250313e-16
-0.0006871229465119644
0.0006871229465117423
0.0
2.220446049250313e-16
-2.220446049250313e-16
0.0
-2.220446049250313e-16
2.220446049250313e-16
2.220446049250313e-16
-2.220446049250313e-16
-2.220446049250313e-16
4.440892098500626e-16
-0.0048068509814749305
2.220446049250313e-16
-2.220446049250313e-16
-1.1102230246251565e-15
0.004806850981475819
1.1102230246251565e-15
-2.220446049250313e-16
0.0
-1.999916848517421
-1.996738934357009
2.220446049250313e-16
0.0
-4.440892098500626e-16
-0.001412965740410499
0.00048571715971879037
0.0009272485806921527
-6.661338147750939e-16
1.1102230246251565e-15
-4.445537964414825e-07
1.9967393789108048
1.4132710204655008
-1.4132710204655008
0.0
