0.0
-0.03957370045131725
-0.0791474009026345
-0.11872110135395175
-0.11872110135395175
-0.11872110135395175
-0.11872110135395175
-0.158294801805269
-0.19786850225658625
-0.2374422027079035
-0.25586964370928333
-0.27429708471066316
-0.292724525712043
-0.27429708471066316
-0.25586964370928333
-0.2374422027079035
-0.19786850225658625
-0.158294801805269
-0.11872110135395175
-0.13714854235533158
-0.1555759833567114
-0.17400342435809124
-0.17400342435809124
-0.17400342435809124
-0.17400342435809124
-0.1555759833567114
-0.13714854235533158
-0.11872110135395175
-0.0791474009026345
-0.03957370045131725
0.0
-0.03957370045131725
-0.0791474009026345
-0.11872110135395175
-0.158294801805269
-0.19786850225658625
-0.2374422027079035
-0.2374422027079035
-0.2374422027079035
-0.2374422027079035
-0.25586964370928333
-0.27429708471066316
-0.292724525712043
-0.27429708471066316
-0.25586964370928333
-0.2374422027079035
-0.2374422027079035
-0.2374422027079035
-0.2374422027079035
-0.19786850225658625
-0.158294801805269
-0.11872110135395175
-0.0791474009026345
-0.03957370045131725
0.0
0.03957370045131725
0.0791474009026345
0.11872110135395175
0.13714854235533158
0.1555759833567114
0.17400342435809124
0.17400342435809124
0.17400342435809124
0.17400342435809124
0.2135771248094085
0.25315082526072574
0.292724525712043
0.33229822616336024
0.3718719266146775
0.41144562706599475
0.4298730680673746
0.4483005090687544
0.46672795007013423
0.5063016505214515
0.5458753509727687
0.585449051424086
0.6250227518754032
0.6645964523267205
0.7041701527780377
0.743743853229355
0.7833175536806722
0.8228912541319895
0.8028342878560641
0.7632605874047469
0.7236868869534296
0.6841131865021124
0.6445394860507951
0.6049657855994774
0.5653920851481602
0.5258183846968429
0.4862446842455257
0.44667098379420844
0.4070972833428912
0.36752358289157394
0.3279498824402567
0.28837618198893944
0.2488024815376222
0.20922878108630494
0.1696550806349877
0.13008138018367044
0.12952888944689622
0.08995518899557897
0.05038148854426172
0.01080778809294447
0.0
