0.0
0.999614862785454
0.9999584242587104
0.9975549987679732
0.9975549987679727
0.9999584242587101
0.9999584242587101
0.9999584242587101
0.9999584242587102
0.9996148627854542
0.9999584242587101
0.9999584242587101
0.9999584242587102
0.9999584242587101
0.9999584242587101
0.99995842425871
0.9999584242587101
0.9999584242587102
0.9999584242587101
0.99995842425871
0.9999584242587102
0.9975549987679727
0.9975549987679728
0.9975549987679727
0.9975549987679722
0.9999584242587101
0.9999584242587106
0.9999584242587105
0.9999584242587105
0.0
-0.9983694671785045
-0.9983694671785044
-0.9983694671785044
-0.9983694671785046
-0.9990759500487099
-0.9988330914688505
-0.9983694671785044
-0.9983694671785047
-0.9983694671785042
-0.9983696894554024
0.0
0.7066355102327504
0.0
