-8.0
-7.5
-7.000385137214546
-6.500558792196264
-6.004478098338632
-5.516994727272317
-5.030985562341946
-4.543502191275631
-4.057493026345259
-3.5700096552789446
-3.07853900660476
-2.588295099408771
-2.099359462706396
-1.609115555510407
-1.1201799188080321
-0.6326338640454271
-0.1436982273430522
0.34384782741955283
0.829923219887829
1.317469274650434
1.80354466711871
2.2910907218813152
2.7872066091483148
3.2870403130973243
3.7857034576404867
4.2783191147667035
4.771997856900489
5.266657583803189
5.760336325936975
6.252951983063192
5.763995503277393
5.2876556261848515
4.828590958130991
4.3912911538316965
3.9800330075280783
3.587322453030727
3.1703217066385263
2.7281470258538363
2.265122881233816
1.7857776511946843
1.2947996490904163
1.7925492233565024
2.000000000000001
