2.5
2.5
2.4803788663968724
2.467202189059027
2.4047206303258255
2.293545260149595
2.176092752285
2.06491738210877
1.947464874244175
1.8362895040679443
1.7443297221424958
1.6460397864562284
1.541436042916892
1.4431461072306246
1.3385423636912883
1.2276422082116003
1.123038464672264
1.012138309192576
0.8949601847972295
0.7840600293175416
0.6668819049221951
0.5559817494425072
0.49378025105800016
0.4808857407294102
0.5174243268312965
0.6030386618115164
0.6822933119287404
0.7551750968996513
0.8344297470168753
0.9200440819970953
0.8165177036246835
0.6652019026160236
0.46757654825068073
0.22557441746826734
-0.05843770769955159
-0.36781541443556975
-0.6433268073974155
-0.8763025611066512
-1.0644641715438707
-1.2059714172317166
-1.2994426003222301
-1.254259512099325
-1.2499999999999973
