0.7996868253210446
-1.1102230246251565e-16
-8.881784197001252e-16
-2.220446049250313e-16
0.0
3.3306690738754696e-16
-1.1102230246251565e-16
1.1102230246251565e-16
-1.1102230246251565e-16
-2.220446049250313e-16
0.0
3.3306690738754696e-16
-1.1102230246251565e-16
-2.220446049250313e-16
0.0
3.3306690738754696e-16
0.0
-1.1102230246251565e-16
0.0
-2.220446049250313e-16
0.0
3.3306690738754696e-16
-1.1102230246251565e-16
-2.220446049250313e-16
0.0
3.3306690738754696e-16
-1.1102230246251565e-16
-2.220446049250313e-16
0.0
1.1102230246251565e-16
1.1102230246251565e-16
2.220446049250313e-16
-2.220446049250313e-16
1.1102230246251565e-16
1.1102230246251565e-16
-2.220446049250313e-16
-1.1102230246251565e-16
1.1102230246251565e-16
0.0
0.0
2.220446049250313e-16
-2.220446049250313e-16
0.0
1.1102230246251565e-16
0.0
4.440892098500626e-16
-4.440892098500626e-16
0.0
0.0
1.1102230246251565e-16
0.0
0.0
0.0
-5.551115123125783e-16
9.992007221626409e-16
0.0
-8.881784197001252e-16
0.0
0.0
3.3306690738754696e-16
-1.1102230246251565e-16
1.1102230246251565e-16
-0.7996868253210437
-0.7996868253210447
0.7996868253210447
0.7996868253210445
-8.881784197001252e-16
1.1102230246251565e-16
-1.1102230246251565e-16
1.1102230246251565e-16
-1.1102230246251565e-16
1.1102230246251565e-16
-1.1102230246251565e-16
1.1102230246251565e-16
-1.1102230246251565e-16
1.1102230246251565e-16
-0.7996868253210437
-0.7997912059810666
1.1102230246251565e-15
-8.881784197001252e-16
2.220446049250313e-16
0.0
-1.7763568394002505e-15
3.219646771412954e-15
-3.3306690738754696e-16
-1.1102230246251565e-15
8.881784197001252e-16
0.0
-1.9984014443252818e-15
-7.771561172376096e-16
3.4416913763379853e-15
-2.220446049250313e-16
-6.661338147750939e-16
-5.7333852035101884e-05
-3.3806952817849734e-05
9.114080485206344e-05
-2.220446049250313e-16
5.551115123125783e-16
4.440892098500626e-16
-4.440892098500626e-16
-3.3306690738754696e-16
7.771561172376096e-16
1.2212453270876722e-15
-4.440892098500626e-16
-1.3322676295501878e-15
-6.661338147750939e-16
1.6653345369377348e-15
-3.3306690738754696e-16
5.551115123125783e-16
-8.881784197001252e-16
-1.5816141299085373e-05
0.7998070221223649
0.799791205981066
1.2212453270876722e-15
-0.168883679555071
-0.6309075264259962
0.0
