0.0
0.3998434126605223
0.39984341266052226
0.3998434126605218
0.3998434126605217
0.3998434126605217
0.39984341266052187
0.3998434126605218
0.39984341266052187
0.3998434126605218
0.3998434126605217
0.3998434126605217
0.39984341266052187
0.3998434126605218
0.3998434126605217
0.3998434126605217
0.39984341266052187
0.39984341266052187
0.3998434126605218
0.3998434126605218
0.3998434126605217
0.3998434126605217
0.39984341266052187
0.3998434126605218
0.3998434126605217
0.3998434126605217
0.39984341266052187
0.3998434126605218
0.3998434126605217
0.3998434126605217
0.39984341266052176
0.3998434126605218
0.3998434126605219
0.3998434126605218
0.39984341266052187
0.3998434126605219
0.3998434126605218
0.39984341266052176
0.3998434126605218
0.3998434126605218
0.3998434126605218
0.3998434126605219
0.3998434126605218
0.3998434126605218
0.39984341266052187
0.39984341266052187
0.3998434126605221
0.39984341266052187
0.39984341266052187
0.39984341266052187
0.3998434126605219
0.3998434126605219
0.3998434126605219
0.3998434126605219
0.39984341266052165
0.39984341266052215
0.39984341266052215
0.3998434126605217
0.3998434126605217
0.3998434126605217
0.39984341266052187
0.3998434126605218
0.39984341266052187
0.0
-0.39984341266052237
0.0
0.39984341266052226
0.3998434126605218
0.39984341266052187
0.3998434126605218
0.39984341266052187
0.3998434126605218
0.39984341266052187
0.3998434126605218
0.39984341266052187
0.3998434126605218
0.39984341266052187
0.0
-0.3998956029905333
-0.39989560299053273
-0.39989560299053317
-0.39989560299053306
-0.39989560299053306
-0.39989560299053395
-0.39989560299053234
-0.3998956029905325
-0.39989560299053306
-0.3998956029905326
-0.3998956029905326
-0.3998956029905336
-0.399895602990534
-0.3998956029905323
-0.3998956029905324
-0.39989560299053273
-0.3999242699165503
-0.3999411733929592
-0.39989560299053317
-0.3998956029905333
-0.399895602990533
-0.3998956029905328
-0.399895602990533
-0.39989560299053317
-0.3998956029905328
-0.3998956029905322
-0.3998956029905324
-0.39989560299053306
-0.3998956029905334
-0.39989560299053256
-0.39989560299053273
-0.39989560299053245
-0.3998956029905329
-0.39990351106118244
0.0
0.399895602990533
0.3998956029905336
0.3154537632129981
0.0
