-7.0
-6.8
-6.600156587339478
-6.400782691501441
-6.202190506764998
-6.004691003348637
-5.806098818612194
-5.606724922774157
-5.408132738037714
-5.2087588421996776
-5.010166657463234
-4.812667154046873
-4.61407496931043
-4.4147010734723935
-4.21610888873595
-4.018609385319589
-3.8200172005831456
-3.6206433047451094
-3.4207998920845877
-3.2214259962465515
-3.022833811510108
-2.825334308093747
-2.6267421233573036
-2.4273682275192674
-2.228776042782824
-2.031276539366463
-1.8326843546300196
-1.6333104587919833
-1.4347182740555398
-1.237218770639179
-1.0386265859027355
-0.8392526900646994
-0.6406605053282557
-0.4431610019118949
-0.24456881717545126
-0.047069313759090486
0.1490282491193051
0.34341680750324266
0.5357919735208988
0.7258525120179897
0.9182276780356459
1.1082882165327368
1.295736516768632
1.485797055265723
1.6781722212833792
1.8725607796673167
2.0686583425457123
2.26304690092965
2.4591444638080455
2.6535330221919833
2.8496305850703787
3.0440191434543165
3.240116706332712
3.4345052647166496
3.630602827595045
3.8281023310114057
4.02669451574785
4.2241940191642104
4.422786203900654
4.620285707317015
4.818877892053458
5.0182517878914945
5.216843972627938
5.416217868465974
5.216374455805452
5.016374455805452
5.216217868465974
5.41559176430401
5.614183949040454
5.81355784487849
6.012150029614934
6.21152392545297
6.4101161101894135
6.60949000602745
6.808082190763893
7.0074560866019295
7.206048271338373
7.405422167176409
7.207350472785528
7.010526252131327
6.8152577070243785
6.621850603284301
6.430607791949206
6.241828735049303
6.055809036687286
5.872839980159726
5.693208071844305
5.51719459256711
5.345075157152464
5.177119282845007
5.013589967279814
4.854743276661397
4.700827944796444
4.552084983608171
4.408747305742163
4.270179866432306
4.128104549559247
3.980572089640509
3.8278135038299435
3.670067992732897
3.5075825658483426
3.3406116547832774
3.169416714845041
2.994265815635406
2.815433221287514
2.633198961002976
2.447848390561588
2.259671745490313
2.0689636865911876
1.8760228385398108
1.6811513222769152
1.4846542819252146
1.2868719283376517
1.485377496773653
1.6846888988958124
1.8844940382822708
2.0000000000000018
