3.5
3.5
3.4920873255977267
3.4762743670395087
3.4525858854164446
3.421058973891671
3.3973704922686068
3.3815575337103887
3.3578690520873247
3.3420560935291066
3.3183676119060426
3.2868407003812687
3.2631522187582047
3.2473392601999866
3.2236507785769226
3.192123867052149
3.1684353854290848
3.1526224268708667
3.1447097524685934
3.1288967939103753
3.1052083122873113
3.0736814007625375
3.0499929191394735
3.0341799605812554
3.0104914789581914
2.9789645674334175
2.9552760858103535
2.9394631272521354
2.9157746456290714
2.8842477341042976
2.8605592524812335
2.8447462939230155
2.8210578122999515
2.7895309007751776
2.7658424191521136
2.7343155076273398
2.6949995333528327
2.647956060166699
2.5932587521919985
2.530993258488055
2.4762959505133546
2.414030456809411
2.3442942772562287
2.2820287835522852
2.227331475577585
2.180288002391451
2.140972028116944
2.09392855493081
2.054612580656303
2.0075691074701694
1.9682531331956623
1.9212096600095283
1.8818936857350212
1.8348502125488872
1.7955342382743802
1.7640073267496066
1.7403188451265426
1.708791933601769
1.685103451978705
1.6535765404539313
1.6298880588308673
1.6140751002726492
1.5903866186495852
1.5745736600913671
1.5824863344936402
1.5824863344936402
1.5903990088959132
1.6062119674541313
1.6299004490771953
1.6457134076354134
1.6694018892584774
1.6852148478166955
1.7089033294397595
1.7247162879979776
1.7484047696210416
1.7642177281792597
1.7879062098023237
1.8037191683605418
1.7761078682389604
1.7406818018873988
1.6974964420406389
1.6466194115047093
1.5881303772681303
1.5221209257535002
1.4486944194047504
1.367965834834644
1.2800615827859567
1.1851193101882616
1.0832876846202575
0.9747261615151702
0.8596047344737259
0.738103669075699
0.610413220606834
0.47673333614315494
0.33727334145916243
0.19306042825941394
0.0523146135838124
-0.082700027413394
-0.211772078897962
-0.3346994303784616
-0.45128959318571904
-0.5613600018856999
-0.6647383001538685
-0.7612626106633706
-0.8507817885644273
-0.9331556581580418
-1.0082552323933924
-1.0759629148452248
-1.1361726838549646
-1.1887902585472132
-1.2337332464616637
-1.2709312725692568
-1.3005661447647763
-1.2762696570931238
-1.259845741683648
-1.2513201163085268
-1.2500000000000007
