-0.028355803406364274
-0.028356447848021677
-0.02836083043638736
-0.028372674367680026
-0.02839570261826995
-0.028433638062038025
-0.028490203472197127
-0.028569121523158953
-0.028674114792450744
-0.028808905762671345
-0.028977216823498117
-0.029182770273738654
-0.029429288323419744
-0.029720493095926566
-0.030060106630168892
-0.03045185088280795
-0.030899447730497485
-0.031386050346344736
-0.03179655181917075
-0.0322552784745022
-0.032764900686764103
-0.0333274661456616
-0.03381157616750619
-0.034290176743711716
-0.034805219491734644
-0.035257282001521895
-0.035671147260432634
-0.03610936137946207
-0.036424579265034854
-0.036755642291640744
-0.037011848170390695
-0.037242011978646614
-0.03741153282487309
-0.03754722656390046
-0.03761917460658818
-0.03766670336692211
-0.03785089751574853
-0.03803949650206834
-0.03819076522001528
-0.038312001140983515
-0.03841088361204113
-0.03845674247356417
-0.03847088096080366
-0.03845223082338671
-0.038378469101173554
-0.03826018978917169
-0.038100197689282175
-0.03789469494381907
-0.0362090667504094
-0.03448948807234633
-0.03275179760123885
-0.03099719586831373
-0.029227845691603662
-0.02744508695666422
-0.025647913885739157
-0.023837133736658633
-0.022013454518050694
-0.020177485814296334
-0.018329740514034312
-0.016471620885302147
-0.014602212416763766
-0.012721689806241266
-0.01083023517624125
-0.008927952915891393
-0.007014874452709277
-0.00509096340522339
-0.003156121069771181
-0.0012101922030485106
0.000747028930688366
0.002715792272428864
0.004696385460251948
0.006689258133796153
0.00869478074625319
0.010713228967420264
0.012744959105521215
0.014790331114619436
0.01684970098489798
0.018923412934393615
0.021011800251300325
0.02311522324699991
0.02523410972886498
0.027368956407685375
0.029520300869038105
0.03168869029734589
0.03387465015288081
0.036078652228745914
0.03830108142445433
0.04054220057385128
0.042802112728333216
0.045080720502400945
0.04737769311718537
0.04969248085608356
0.052024367386461164
0.05437248547490306
0.05673581283970296
0.05911316479090344
0.061503187863436795
0.06390435463166401
0.06631495992765365
0.06873311870095768
0.07115676577058126
0.07358365772942965
0.07601137726665765
0.07843734017306482
0.0808588052875864
0.0832728876279779
0.08567657492450882
0.08806709304078526
0.09044055930320287
0.09279348297265708
0.09512242504109739
0.09742393652253886
0.09969459675713736
0.1019310554095584
0.10413007783256467
0.10628859333357069
0.10840035947235738
0.11046350863411153
0.11247610172703254
0.11443590335995861
0.11634109052314529
0.11818534212346037
0.11700081437200963
0.11533153622291177
0.11363045966074703
0.11188756446681732
0.11010528583952095
0.10831135081517361
0.10650548759121571
0.10466693046999154
0.10283861780076503
0.1010101129461761
0.09917691540508454
0.09744706482338739
0.09657575864955695
0.09567557659887828
0.09466476618735774
0.09360616107698758
0.09244862296411388
0.09126175960929529
0.08995030199666068
0.08869867054791471
0.08722658948374198
0.0858347935703477
0.08439710024854387
0.08286302651274328
0.08143461464177641
0.08003105844975877
0.07849912857990934
0.0771068982348424
0.07585278889395414
0.07473051741538962
0.07349004009542526
0.07235882591527579
0.07136876185440895
0.07051044219231667
0.06977446099571227
0.06915141211285528
0.06863188916796975
0.0682064855557713
0.0678657944361179
0.06760040872872171
0.06740092110803265
0.06725792399818281
0.06716200956808478
0.0671037697266241
0.06707379611799029
0.067062680117113
-0.10113106306496183
-0.10113345184644468
-0.10114949866062545
-0.10119279323805536
-0.10127692461599112
-0.10141548147670329
-0.10162205215789655
-0.10191022466336316
-0.10229358667368302
-0.1027857255570911
-0.1034002283804569
-0.10415068192040161
-0.10505067267447887
-0.10611305773539746
-0.10734565127802131
-0.10874703437314245
-0.11031366567629122
-0.11202940095479194
-0.11338690854951147
-0.11485570525250677
-0.11643325932051243
-0.11811704316892811
-0.11987266461230411
-0.12122028178155989
-0.12263830371821702
-0.12412493870463187
-0.1255767354759028
-0.12670341967753154
-0.1278741378090722
-0.12908765067681208
-0.12995695397307053
-0.13081437531287465
-0.13169766975217
-0.13226215567074615
-0.1328188903946004
-0.1333276862526609
-0.1335960299812529
-0.1338703542669408
-0.1339823616189305
-0.1339954260655966
-0.13405986134437128
-0.13435819910635827
-0.1346614502678643
-0.13480373597814854
-0.13491518097296662
-0.13491771301669486
-0.1348356163958871
-0.13468370467018845
-0.1344084138483872
-0.13409196044192198
-0.13362562316659515
-0.13313856405904112
-0.13248482498194797
-0.13182455831187567
-0.13098825547739384
-0.13014696759968195
-0.12914195324005678
-0.12812412509430002
-0.12397103587627264
-0.11949727328130381
-0.11505059831538496
-0.11059964246191087
-0.1061833241687265
-0.10176886350654638
-0.09739337437945444
-0.09302395677063964
-0.0886946764461658
-0.08437413037306543
-0.08009234564748523
-0.07582085877962243
-0.0715848815114489
-0.06735998309395855
-0.0631660498878917
-0.05898334606632024
-0.054827357449527464
-0.05068259917721918
-0.04655994384839571
-0.042448088796925784
-0.03835221003010713
-0.03426544782635091
-0.030188706068275194
-0.02611864672991237
-0.022053025488794575
-0.017990852481354024
-0.013928052454800124
-0.009864639381952709
-0.005796144586823071
-0.001722148460639846
0.0023607278504438308
0.006454787916333526
0.010560862902521331
0.014684528202749396
0.01882270686305628
0.022985499965584234
0.027164728754326906
0.03137607051733979
0.03560528249086635
0.03987439907241019
0.04416244444967581
0.04849825879075144
0.05285380109616165
0.05726474989994034
0.0616952285628305
0.0661855183266414
0.07069608694268868
0.07527263619256815
0.07987039801830816
0.084539222178113
0.08923048628295255
0.09399644965262627
0.09878644087909222
0.10365298287458923
0.10854548900811484
0.1135142918073354
0.11851121286127712
0.12358179370248856
0.128682565348496
0.13385176698427492
0.13905250664189484
0.14431351329756506
0.14960609605540165
0.15494836479054902
0.1603197445261001
0.16572782260029012
0.17115860925756907
0.17661109112285395
0.18190260671466962
0.1870662492151693
0.19182231527365728
0.19633506481201535
0.20067775882240918
0.20493819959227935
0.209338648991998
0.2137682514166556
0.214476381611525
0.21433586901077586
0.21391206780804226
0.21344137505349356
0.21266817412691108
0.2118539884376683
0.2107301207416849
0.20956248646773146
0.20804670696839053
0.20646018157783239
0.2045393479155983
0.20249943609307014
0.20027147081752628
0.1979077701878782
0.19547192526309132
0.19287006579495697
0.19036335991254252
0.18914295451537616
0.18794564413807455
0.18649556129763345
0.18491421120700202
0.1833281523590176
0.1813268406764778
0.17937551823412615
0.1772786824542578
0.17488487051875334
0.1725619464699001
0.1701876562862263
0.16769512610582743
0.1652908030139704
0.16297424692168852
0.1606950884041825
0.15851360251466257
0.15643217328555123
0.15440302525565663
0.1520956546369699
0.1499202725640459
0.14787981344667883
0.1459772115689646
0.14419558718689643
0.14186568690552498
0.13974696341470416
0.13784364131673574
0.13615994471842885
0.13469951182656256
0.13346040706919013
0.1324271639934887
0.13158107915514086
0.13090344870046697
0.1303755683510403
0.12997873338845548
0.12969423863926327
0.129503378460061
0.12938744672281152
0.1293277368003192
0.1293055415518706
0.0
0.0
0.0
0.0
0.0
0.0
0.0
0.0
0.0
0.0
0.0
0.0
0.0
0.0
0.0
0.0
0.0
0.0
0.0
0.0
0.0
0.0
0.0
0.0
0.0
0.0
0.0
0.0
0.0
0.0
0.0
0.0
0.0
0.0
0.0
0.0
0.0
0.0
0.0
0.0
0.0
0.0
0.0
0.0
0.0
0.0
0.0
0.0
0.0
0.0
0.0
0.0
0.0
0.0
0.0
0.0
0.0
0.0
0.0
0.0
0.0
0.0
0.0
0.0
0.0
0.0
0.0
0.0
0.0
0.0
0.0
0.0
0.0
0.0
0.0
0.0
0.0
0.0
0.0
0.0
0.0
0.0
0.0
0.0
0.0
0.0
0.0
0.0
0.0
0.0
0.0
0.0
0.0
0.0
0.0
0.0
0.0
0.0
0.0
0.0
0.0
0.0
0.0
0.0
0.0
0.0
0.0
0.0
0.0
0.0
0.0
0.0
0.0
0.0
0.0
0.0
0.0
0.0
0.0
0.0
0.0
0.0
0.0
0.0
0.0
0.0
0.0
0.0
0.0
0.0
0.0
0.0
0.0
0.0
0.0
0.0
0.0
0.0
0.0
0.0
0.0
0.0
0.0
0.0
0.0
0.0
0.0
0.0
0.0
0.0
0.0
