0.0
2.1643909396740213e-05
0.00016883542692358589
0.0005666200407130617
0.0013400358551778346
0.0026141175325671284
0.004513896354144453
0.007164400282883232
0.010690654027843305
0.015217679109862825
0.020870493928963896
0.027774113833261893
0.03605355118911957
0.045833815452998916
0.05723991324420874
0.07039684841969951
0.08542962214932759
0.10246317640408001
0.12162262039051099
0.14303289109526612
0.16681862361128857
0.19307539030263687
0.22178773776272073
0.25291302839082985
0.28640829775554905
0.3222305918578766
0.36033763217759024
0.40068661712615383
0.4432350197849273
0.4879403911159918
0.5347601617977663
0.5836524170176834
0.6345745175736064
0.6874847508643898
0.7423406282000256
0.7991005243123335
0.8577222525121037
0.9181639230145168
0.9803839977520523
1.0443403963607645
1.1099918457912439
1.1772966425550635
1.2462130502898199
1.3166999484874797
1.3887159118154544
1.462219431752259
1.53716942518078
1.6135248582011248
1.6912444910673756
1.770287191505869
1.8506120988235728
1.9321783709714317
2.014945163024149
2.098871620221233
2.183917021826403
2.270040755270557
2.3572022521806097
2.445360993133419
2.5344765111736107
2.624508376565262
2.7154162257272385
2.807159778098006
2.8996988068530642
2.992993138339703
3.0870026526945127
3.1816872840993495
3.2770070207514395
3.372921904608337
3.4693920309579833
3.5663775478562014
3.6638386554647737
3.7617356046558754
3.8600286952206813
3.9586782756156955
4.057644742750151
4.156888541083259
4.256370161908807
4.35605014214649
4.45588948490096
4.555851833586635
4.65590568258498
4.756024653744571
4.856186366830166
4.956371188435309
5.056561025821118
5.156738150103453
5.256884028299276
5.356978143182557
5.456996781956485
5.556911782577478
5.65668970142735
5.756293072553834
5.855683204275396
5.954821265475702
6.053668458923958
6.152186019941939
6.250335215887014
6.348077345742433
6.445373739847417
6.542185759808393
6.638474798642402
6.734202281215724
6.829329665052533
6.9238184416055795
7.017630138096788
7.110726320058008
7.203068594724228
7.294618360125838
7.385336936011817
7.475185884472673
7.564126852422552
7.65212153705205
7.739131695818008
7.8251191590024805
7.910045845317413
7.9938737811062675
8.076564294570929
8.158078372354998
8.23837788672378
8.317425048275005
8.395182278069944
8.471611489107785
8.54667326965612
8.620329345590655
8.692542688354152
8.76327560082817
8.832488304811221
8.900142976884082
8.966203263456688
9.030629357831119
9.093382807844801
9.154427559205143
9.213723360989933
9.271233675634157
9.326920200159472
9.380743519240047
9.43266759823818
9.482652277957184
9.530661728593895
9.576655875004661
9.620598552188639
9.662450763182633
9.702174553568645
9.739731866456744
9.775083823627902
9.808194127361082
9.839023904183453
9.867534603872492
9.893689295367041
9.917458892057622
9.938870344080938
9.958030923734542
9.975065399263706
9.990099218361022
10.00325715453882
10.014664209678335
10.024445388488624
10.032725698581997
10.039630150548186
10.04528375802709
10.049811537779865
10.053338509759193
10.055989697177298
10.057890126573115
10.059164827877447
10.059938834476853
10.060337183275694
10.060484914756794
10.060506826256216
10.060528801408037
10.060676421096325
10.061074701524625
10.061848652518648
10.063123280638477
10.065023589274425
10.06767457874504
10.071201246395537
10.075728586697771
10.081381591351244
10.08828524938537
10.096564547262336
10.106337761419853
10.117676776909041
10.130568540554044
10.144980474413794
10.16087991634628
10.178234663709995
10.197012161389047
10.217180042886975
10.238705994872825
10.261557334513412
10.285702699346203
10.311109512039453
10.337745670244532
10.365577725532019
10.394576476604644
10.424708578948568
10.455942138027629
10.488244569659063
10.52158556390524
10.555932638617604
10.59125358383909
10.62751779839399
10.664691750871539
10.70274674484439
10.741649867690732
10.781367644408464
10.821872749401983
10.863130557790658
10.905112268652246
10.94778538685223
10.991117606212107
11.035079986066709
11.079638469459985
11.124765687253193
11.170427173896053
11.216595177468685
11.263236120264255
11.310321223376505
11.357818118922063
11.405696995486078
11.453926570768948
11.502476248966598
11.551315322625609
11.60041296592505
11.649739034639703
11.699262458666725
11.748953409947209
11.798780749645275
11.848715128774803
11.89872782109583
11.948795609247751
11.998898463137063
12.04902188797165
12.099153699084923
12.14928606925619
12.199412453317553
12.249529421651056
12.299633998780603
12.349725401058334
12.399802788589934
12.449866844971476
12.499917915665593
12.54995737685814
12.59998614149167
12.65000578631488
12.700017406686747
12.750022489900942
12.800022094117578
12.8500174703574
12.900009521715287
12.949999198250582
12.999987185950205
13.049974121709276
13.09996046151601
13.14994657417158
13.199932711174275
13.24991903390173
13.299905617213673
13.34989247942749
13.399879553487374
13.449866787154379
13.499854018226214
13.549841199038891
13.599828119474916
13.649814808031525
13.699801056112676
13.749787037624557
13.79977259361587
13.849758108524906
13.899743518071341
13.94972947818315
13.999716055372946
14.049704230296346
14.099694219870841
14.14968737103272
14.199684044766567
14.24968597687234
14.299693618007526
14.34970906644828
14.399732726212909
14.449766958579653
14.499811874475137
14.549869887772974
14.599940414883843
14.650025545807168
14.700123396621509
14.750235136936281
14.800356745456831
14.850487607661663
14.900620444341273
14.950751604677315
15.000869045353365
15.050964324459178
15.101018718828906
15.151016776313579
15.200931239195818
15.250739154333742
15.300408288414728
15.349914079935392
15.399224198027722
15.448313912263785
15.497151211908356
15.545710997127872
15.593961628776155
15.641877728927643
15.689427855673022
15.736586604319204
15.78332234886908
15.829610163200734
15.875417644712398
15.920721019656702
15.965486490598495
16.009691993036434
16.053302137816747
16.09629640092306
16.138638879835415
16.180308597555882
16.221272946516617
16.261504868196454
16.300975438744487
16.33965248907008
16.377515480130175
16.41453104372028
16.4506733207571
16.48591282738414
16.520217676713436
16.553566837336138
16.58592843018751
16.617273369086977
16.647575054450733
16.676804406382033
16.70493317540583
16.731933115017576
16.757775980631575
16.782433529924646
16.805876872923672
16.82807907010135
16.849011234760415
16.868645131148742
16.886952524723714
16.90390468917152
16.919474377573895
16.93363286531117
16.94635192124316
16.957603317540837
16.967362741684756
16.975643128242258
16.982547832645793
16.988201841703766
16.99273014496017
16.996257734797393
16.998909606538003
17.00081075854543
17.00208619232359
17.00286091261499
17.003259927497805
17.003408248481804
17.003419007960062
17.003490866823146
17.00371059069479
17.004120370878468
17.00472327690112
17.00551641769428
17.006496906949796
17.007661863986872
17.009008413744965
17.010533686774863
17.01223481922901
17.01410895284988
17.016153234956814
17.018364818432147
17.02074086170549
17.023278528736594
17.02597498899723
17.028827417451588
17.03183299453569
17.034988906134803
17.038292343560766
17.041740503527265
17.045330588123917
17.04905980479008
17.0529253662862
17.056924490665548
17.061054401243243
17.065312326565977
17.069695500378977
17.074201161593376
17.078826554251503
17.083568927492067
17.08842553551363
17.09339363753775
17.09847045208489
17.1036533396794
17.108939528694098
17.114326298053207
17.119810931505235
17.125390717580686
17.131062949548962
17.1368249253746
17.142673947672975
17.148607323664805
17.15462236513044
17.160716388363138
17.166886714121773
17.173130667583358
17.179445578294214
17.185828498261294
17.192277329341195
17.198789132032335
17.205361252862605
17.211991042478463
17.218675855593524
17.225413050936456
17.232199991197948
17.239034042978457
17.245912576734202
17.252832966723734
17.259792590953808
17.26678883112494
17.27381907257663
17.280880635583845
17.287971049895418
17.29508764278833
17.302227813604944
17.30938896504919
17.31656850313011
17.323763837105425
17.33097237942545
17.33819154567605
17.34541875452214
17.35265142765079
17.359886989714447
17.367122519501066
17.374356144969198
17.38158495055271
17.388806372196434
17.396017848525965
17.40321682079074
17.41040073280769
17.41756703090433
17.424713163862357
17.431836582861234
17.438934741422155
17.446005095351808
17.453045102686616
17.4600519538259
17.467023650721888
17.47395738795641
17.480850631931894
17.48770085100482
17.494505515432326
17.50126209731784
17.507968070557904
17.514620910788842
17.52121809533443
17.5277571031535
17.53423541478773
17.540650512311284
17.546999598286277
17.553280719683723
17.55949108187728
17.56562817256532
17.571689480728814
17.577672496583684
17.58357471153295
17.589393618120443
17.595126709983703
17.600771481809165
17.606325429286944
17.611786049066655
17.617150838713936
17.62241729666793
17.6275829221991
17.63264521536826
17.63760141932629
17.64244955091411
17.64718685466472
17.65181083340488
17.65631899055854
17.66070883011044
17.66497785657117
17.669123574943413
17.673143490687938
17.67703510969232
17.680795938239005
17.684423482975664
17.68791525088583
17.69126874926079
17.694481485672608
17.697550967948697
17.700474704146515
17.703250202530107
17.705874971548077
17.708346519811794
17.71066235607562
17.712819989218165
17.714816928224618
17.716650682170133
17.718318760205705
17.71981867154331
17.72114792544434
17.722304031208193
17.72328449816264
17.72408683565564
17.724708553048085
17.725147160585735
17.725404298138763
17.725515153353
