3.905124837953327
4.081666484495512
4.565123214665514
5.209271274320554
5.854412960060753
6.430516056580295
6.942451602213428
7.423684698430696
7.903084304423798
8.394394687014726
8.900161333331821
9.418697725311235
9.94703852330942
10.480444590167407
11.017831961232043
11.583705182763097
12.217153928117371
12.889924640010644
13.440344194585904
13.641180526982783
13.893121582189966
14.469585844457788
15.138763539297866
15.7497123216535
16.292979830171713
16.84431709232368
17.459195631077947
18.1242340717916
18.802357442680492
19.430196035767175
19.78050179249175
19.887369564995844
20.284658236821514
20.513550228432695
