-0.013921325871088965
-0.030353439154569777
-0.058247098424352654
-0.09216953521143918
-0.11375092223024333
-0.11652643576900198
-0.10884552141585098
-0.0900091074568418
-0.0561788553209142
-0.000929729934301175
0.07693142119111776
0.16958671990371607
0.19786744016833457
0.1978680426713057
0.19786553114272556
0.19786820168512237
0.19786836212338688
0.19786836030689456
0.05321010148292725
-0.07574326471891023
-0.19786838325005782
-0.19786835072865186
-0.08982556826559776
0.03963480405364228
0.1806605169047168
0.19786836024625068
0.19786841992372486
0.19786844450776225
0.19786845116820065
0.07574447772184423
-0.05320905502850717
-0.1978683435274221
-0.19786836847354716
0.0
