0.0
2.1607663429793454e-05
0.00016874094264339153
0.0005664435268033041
0.0013397520313800887
0.002613699775187976
0.004513316838952243
0.007163630125799051
0.010689663423096643
0.015216437465420979
0.020868969999117425
0.027772275848163185
0.03605136698126251
0.04583125258014496
0.057236939109359376
0.07039343038685782
0.08542572765617651
0.10245882642974802
0.12161772948190162
0.14302742754611836
0.16680879420730982
0.19304248124709017
0.2217100331934743
0.25276932453786216
0.28617827814883745
0.3218948875749709
0.3598772649429032
0.4000835554729189
0.44247199494330347
0.48700089350031844
0.5336286229029115
0.5823136701791899
0.6330145342598403
0.68568986615105
0.7402983051835592
0.7967986464203203
0.8551496907751078
0.915310324044075
0.9772395599352981
1.0408963826436162
1.1062399580395197
1.173229462501381
1.241824097771986
1.3119832358546561
1.3836662785105087
1.4568326297649064
1.5314418329600215
1.6074535187052388
1.6848273396754425
1.7635229718689802
1.843500215606924
1.924718953081128
2.0071391246940418
2.0907207039381546
2.1754236940734493
2.2612081992416444
2.348034402849451
2.435862546008054
2.5246529296371834
2.6143659038476845
2.7049618827693473
2.796401316093755
2.8886447034040854
2.9816526227539795
3.075385711687019
3.169804669049395
3.2648702396523572
3.360543223532415
3.456784472886144
3.553554894422195
3.6508154368275183
3.7485271079529365
3.846650962238176
3.9451481029915665
4.043979679604371
4.143106895119889
4.242490993043799
4.342093264197573
4.441875093160725
4.541798645448696
4.641829017585014
4.741936083975378
4.842093764194768
4.942278776028372
5.042469412027587
5.1426443363680745
5.242781388952408
5.342856381896211
5.442841879127893
5.5427061547278855
5.64241334892968
5.741925643252788
5.841204927552447
5.940213119929428
6.038912168261949
6.137264055597114
6.235230792420039
6.332774421085821
6.42985701166929
6.526440662350268
6.622487494049144
6.7179596711660245
6.812819371382983
6.9070288075898105
7.0005502249985145
7.093345913651253
7.185378177065552
7.276609393523347
7.367001989085878
7.456518436600621
7.545120826311614
7.632771202684107
7.7194320191287416
7.805065795970786
7.8896351720104825
7.973102935327583
8.055432070361213
8.13658434468045
8.216521310716201
8.295205916181922
8.37260147056975
8.448671529541246
8.523377242989753
8.596680069922163
8.668543908211046
8.738932905350534
8.807807391355167
8.875129518404103
8.940865174955757
9.00497468288529
9.067419371916957
9.128165512718104
9.18717240745251
9.244404733233187
9.299825400061389
9.353394406254534
9.405078203291612
9.454835558463971
9.502633295122795
9.548430367871212
9.592192891214415
9.633881760645695
9.67345994941503
9.710890058816561
9.74613312526816
9.77915526579226
9.80991752154829
9.838381497052147
9.86451219543265
9.888276756174712
9.909687043396687
9.928846527067293
9.945879783961288
9.96091264497888
9.974069691734192
9.98547592562055
9.99525635063536
10.003535973452049
10.01043980349049
10.016092852986144
10.020620137058176
10.024146673776073
10.02679748422481
10.028697592569033
10.02997202611554
10.030745815374168
10.031143994117791
10.031291599440278
10.031327285123119
10.031349433701445
10.031497323377993
10.031895972687385
10.03267039283281
10.033945591260814
10.035846571772332
10.038498334636124
10.04202587670259
10.046554191519492
10.052208269448867
10.059113097785275
10.067393660874803
10.077168841443035
10.088512934056794
10.101413377175888
10.115837451452261
10.131752296226955
10.149125680676711
10.167924851234586
10.18811729975284
10.209670571281693
10.232551548856632
10.2567293135493
10.282170853960228
10.308843926248942
10.336714297125328
10.36575391066256
10.395928637547389
10.427206441874667
10.459554929813129
10.492942986734077
10.527338153763784
10.562708933437277
10.599023377274227
10.636247366253944
10.67435399455669
10.713309242532597
10.753079458060347
10.793637246468212
10.83494677415994
10.876981162475118
10.9197067170365
10.96309214991719
11.007106140765922
11.051715899303588
11.096893312389298
11.142603725141477
11.188819944740445
11.235507184518118
11.282637961006065
11.330178097645316
11.378099541723968
11.426368842691817
11.474957419500962
11.52383252049926
11.57296504363055
11.622322741908006
11.671876367335386
11.72159400629361
11.771446226226969
11.821401828598791
11.87143398870812
11.9215184311259
11.971637011714954
12.02177424823427
12.07191935198496
12.122063554346088
12.172201426427149
12.222328664425726
12.272443148279605
12.322543362460996
12.372629123808828
12.422700539060987
12.472758454686877
12.522803828911856
12.57283793346449
12.622862060928238
12.67287758406283
12.72288580841393
12.772887991886224
12.822885290144653
12.872878747786176
12.922869281329694
12.972857677033673
13.022844579130043
13.072830515162757
13.12281588511919
13.172800995236276
13.222786048056737
13.272771162793017
13.32275639863629
13.372741730143957
13.42272714871944
13.4727125263498
13.522697866302112
13.572682991932089
13.622667974894735
13.67265262181923
13.722637194777896
13.772621514078725
13.822606081725283
13.872590783033331
13.922576423519775
13.972562989083062
14.022551637454447
14.07254251357206
14.122537089280751
14.172535647276694
14.222540095688563
14.272550800656573
14.32256996967863
14.372597999514541
14.422637231319154
14.47268792060735
14.522752244484934
14.572830054795183
14.622922806269086
14.673029433884267
14.723150100453545
14.773282106448942
14.823423258238586
14.873568322733721
14.923711390624186
14.9738433907527
15.02395265068405
15.0740247421846
15.12404020439838
15.173977269132513
15.223807915289447
15.27350551056698
15.323039404396246
15.372383251438482
15.421505952416497
15.47038159187766
15.518978868624032
15.567271940017683
15.615229498949795
15.662825734542821
15.710029685389575
15.756814904168934
15.803151563606681
15.849011665333084
15.89436644458381
15.939186320476695
15.9834449710118
16.027110537211026
16.070159135410428
16.112557105669282
16.154281788765584
16.195300660068884
16.23558762076907
16.27511305844176
16.313845970667998
16.351763067664603
16.388832478983193
16.42502754428641
16.460318971680003
16.49467606440354
16.528074993491696
16.56048507001742
16.591875658916457
16.622222841113224
16.651495987835048
16.679666710668872
16.706706445815406
16.732587165643622
16.75728031081795
16.78075697953309
16.802989838726987
16.823949989873395
16.843609058157604
16.861938669975327
16.87891033078882
16.89449591294565
16.908666923603096
16.92139499256009
16.932651753361032
16.94241339274741
16.95069527572014
16.95760136915459
16.96325665785345
16.967786129787026
16.971314776212004
16.973967591788714
16.975869574697317
16.97714572675247
16.977921053516784
16.978320564412467
16.97846927283209
16.97849078834136
16.97854415799531
16.978734085991835
16.979113027170328
16.979686595499302
16.980451878602338
16.98140596800392
16.982545960856555
16.983868959932618
16.98537207361624
16.987052415892684
16.988907106337397
16.99093327010276
16.993128037904164
16.995488546004058
16.998011936195432
17.00069535578307
17.003535957564523
17.006530899808862
17.009677346234994
17.012972465988195
17.016413433615728
17.01999742904101
17.023721637537296
17.02758324969919
17.031579461414026
17.035707473831522
17.039964493332683
17.044347731497655
17.048854405072348
17.053481735934206
17.058226951057183
17.063087282475323
17.06805996724566
17.07314213505412
17.07833125760199
17.083624474427662
17.089019042291717
17.094512222779194
17.100101282257246
17.10578349183207
17.11155612730533
17.11741646912938
17.123361802362293
17.12938941662183
17.1354966060388
17.14168066920987
17.14793890914978
17.15426863324268
17.160666883289075
17.167131515072903
17.173659578885992
17.18024839909454
17.186895304183427
17.193597626704566
17.20035270322499
17.20715787427386
17.214010484290167
17.220907881568387
17.22784741820569
17.23482645004715
17.241842336631617
17.248892441136974
17.255974060277662
17.263084704438302
17.270221677335172
17.27738235614864
17.284564121420512
17.291764356997582
17.29898044997523
17.306209790641113
17.313449772418505
17.320697791809266
17.32795124833751
17.33520754449234
17.34246372001565
17.34971791446704
17.3569671732341
17.364208910097172
17.371440541517167
17.37865948657889
17.385863166933913
17.393049006744246
17.400214432625784
17.407356873591702
17.414473760996625
17.42156252848034
17.428620611911963
17.435645240521186
17.442634272095876
17.449584940047536
17.456494688609414
17.46336096396879
17.47018121421275
17.476952889274568
17.48367344087983
17.490340322493754
17.49695098926824
17.503502897989893
17.509993507027797
17.51642027628271
17.522780344722893
17.529071819985205
17.535291843848686
17.541437881836046
17.54750740075265
17.553497868637812
17.559406754717827
17.565231529358787
17.570969664020485
17.576618631210636
17.58217590444023
17.587638958179312
17.59300526781337
17.598272309600727
17.603437560630674
17.60849849878227
17.613452360864088
17.618297109854044
17.623029983941986
17.62764846377079
17.632150030580007
17.636532166169562
17.64079235286485
17.644928073482625
17.64893681129756
17.652816050010504
17.656563273716852
17.66017596687679
17.663651614285783
17.666987701046967
17.67018171254386
17.673231134414756
17.67613345252781
17.678886152957613
17.68148672196278
17.683932645964553
17.686221411526986
17.688350505338157
17.69031741419237
17.692119624974232
17.693754624643464
17.695219900221144
17.696512938777534
17.697631227420874
17.69857225328786
17.699333503535502
17.69991246533311
17.700306627608303
17.7005201939392
17.700598692481275
