-0.009995233667031839
-0.009995476396697536
-0.009997129218243582
-0.010001596809828124
-0.010010283770146965
-0.010024594660862933
-0.01004593400726381
-0.010075706298941795
-0.010115315990488238
-0.010166167502200939
-0.01022966522080942
-0.010307213500214785
-0.010400216662243424
-0.010510078997414251
-0.010638204765722737
-0.010785998197433819
-0.010954863493892719
-0.011141499598210952
-0.011320003209649843
-0.01151947749133891
-0.011741048623173506
-0.011985468038273165
-0.012222046656852448
-0.012467788188674327
-0.012732120280024848
-0.012991339841510735
-0.013251388190388557
-0.013526530057435072
-0.013782800873319491
-0.01405201241557534
-0.014314227169998285
-0.014580178763512775
-0.014838493582587303
-0.015096660118871036
-0.015345234918214174
-0.015595583210894817
-0.016057774842863713
-0.016545066917301027
-0.01704622264095165
-0.017558887372403745
-0.018083712866077697
-0.01862128752729207
-0.019170577989460535
-0.01973104514701889
-0.020300805499745056
-0.020879682318247262
-0.021467762270273586
-0.02201635974191131
-0.022150854676839887
-0.02226935593484384
-0.022371939609068706
-0.022455833862325705
-0.022517584425038897
-0.022549128078763872
-0.022546636587547703
-0.022515043731380434
-0.022452404405491587
-0.022356835240105684
-0.022227147408473175
-0.022061605321442496
-0.021855656450022933
-0.021600916616082835
-0.02129651295249942
-0.02093903926705591
-0.020523624630667883
-0.020048546404830093
-0.019512956695247014
-0.018914812875429676
-0.0182526315217117
-0.017525958616114154
-0.016732453198088696
-0.01586752491960502
-0.014927499723274822
-0.013909383488542159
-0.012808821555166732
-0.011622922687667535
-0.010352152533196868
-0.008996547551421465
-0.007555109594746454
-0.006028739085054538
-0.004417465482207969
-0.0027176419136994453
-0.0009260478631536253
0.0009589520293609537
0.002940909312785561
0.005022696283000592
0.007203057994196485
0.009480858696598976
0.011856715371589348
0.014328923883751047
0.01689578404144218
0.019559790809289726
0.02232344300874831
0.02518909904406183
0.028156416253156312
0.031227100767841243
0.034398264856101715
0.03766666938133355
0.04103080967499285
0.044487202813296024
0.048031778347477246
0.05166336808891103
0.05538130601771371
0.05918309999660481
0.06305640190677934
0.0669985014175561
0.07101535161936343
0.07509979377723246
0.07924448929452896
0.08344392536145875
0.0876854655897762
0.09196261415803142
0.09626896116042222
0.1005972550034788
0.10493909013967362
0.10928191378394761
0.1136070636890524
0.11793270009543144
0.12223231670328176
0.1265023416111816
0.1307236803190026
0.13486745825400873
0.13451067828377966
0.13393373401810288
0.13326472613364548
0.13248138247921826
0.1315537114597828
0.1305450456176862
0.12946096563074233
0.1282297644614484
0.12696320029505134
0.1256468753158127
0.12423127054581645
0.12290333779291042
0.12229421126344325
0.12161477870552825
0.12075984491179566
0.11980680353823822
0.11869262215305557
0.11751069332056403
0.11613530626682039
0.11481812950212113
0.11315658414681341
0.11158521803940429
0.10991869954901443
0.10808588081281459
0.10637849183612869
0.10467634589901983
0.10275095155110489
0.10099990187508127
0.09942232268434725
0.09801058997704697
0.09641327104244618
0.09495250531213376
0.09367401527688445
0.09256565436317525
0.09161527574444098
0.0908107323340829
0.09013987677862643
0.08959056145100193
0.08915063844392604
0.08880795956342784
0.08855037632251733
0.08836573993494783
0.0882419013091453
0.08816671104229168
0.08812801941449422
0.0881136763831545
-0.11223720441683015
-0.11223989506321609
-0.11225786094878454
-0.11230628953448268
-0.11240036739062143
-0.11255528063115006
-0.11278621492714191
-0.11310835552057587
-0.11353688723816319
-0.11408699450540481
-0.11477386136079427
-0.11561267147018343
-0.1166186081412382
-0.11780611344654751
-0.11918421281450636
-0.12075138024817544
-0.12250364094636013
-0.12442071175118105
-0.12591961579823463
-0.12754153079769473
-0.12928365208047993
-0.1311431795672094
-0.1330685953230954
-0.1345130477158454
-0.13603300187161382
-0.13762653144637688
-0.1391512102508396
-0.14030344127566827
-0.1415007112199757
-0.14274174896616343
-0.14353068723672568
-0.14432573895303144
-0.14513836853112258
-0.14555244112571158
-0.14597756084654967
-0.14630246548781206
-0.14637038290268994
-0.14643981281177113
-0.14627061758644266
-0.1460164695082553
-0.14580321697163065
-0.14568139900706603
-0.14555684134292773
-0.14516242861487538
-0.14476230172779647
-0.1441832269975015
-0.14354104860223182
-0.14275109210293185
-0.1418485287229334
-0.14083397983656826
-0.13968016386068116
-0.13843935016942546
-0.13704557161120165
-0.13558299375179106
-0.13396625747865443
-0.1322960444062396
-0.13048644763861134
-0.12775321147144325
-0.12198421629619417
-0.11621560209633179
-0.11049873908318047
-0.10479494807446081
-0.09916869357898686
-0.09356449122153093
-0.08805205905609609
-0.08256867743982022
-0.07719039130471927
-0.07183682040888457
-0.06656900649567273
-0.06132810534524391
-0.05618113700976798
-0.05105959731330688
-0.04603137137480126
-0.041027917756388185
-0.036124125242681646
-0.031243303729457085
-0.026467561748394382
-0.021706757735367576
-0.017025510115302345
-0.01235707791030156
-0.007773163678242431
-0.00319866993110219
0.001294624769594554
0.005780947238868635
0.010181093427734243
0.01457798016889209
0.018907372878568834
0.023235710285885756
0.027503659377672098
0.031771603577219726
0.0359756294568185
0.04017895590988026
0.044325798287447454
0.0484704579739653
0.05255647171310979
0.056638595297219534
0.06069392122087372
0.06474674188547332
0.06876898766076896
0.07278761276040843
0.07677137280991594
0.0807502331817636
0.08469797208878221
0.08864077283000481
0.09254737995776638
0.09644774375267891
0.10033833924306086
0.10422733880297909
0.10809953768239919
0.11196887675767533
0.11581401454050062
0.11965506315883206
0.12347190760224597
0.12728502701743147
0.13106496876569051
0.13484020170476993
0.13860575292525962
0.14237083084097368
0.1461027617996115
0.14983168952464704
0.15352489791272841
0.15721568200953273
0.16086446268438606
0.1645111108574366
0.16809775814223243
0.17168114041480093
0.17522656353145827
0.17876234972120508
0.1822235104284714
0.18566915033133566
0.1890427497383047
0.19239159752454782
0.19564897819664795
0.19819323838553607
0.1973174761495644
0.19641325054137246
0.19535677897474807
0.19427322851022127
0.19301230598853858
0.19173906868040907
0.19029101743642596
0.18885196309164456
0.18722822598705124
0.1856223804880727
0.18385836314664478
0.18209557909895482
0.18023931996621964
0.1783614602286521
0.17642671369885907
0.17442088754622584
0.1725605477687329
0.17160046671939483
0.17065853357237126
0.16953955149957226
0.16834739857182812
0.16715346398751932
0.16568605244035475
0.1642552759618641
0.16274211196192265
0.16102704080976896
0.1593627483068074
0.15760834541651975
0.15562522015614438
0.15371228088098127
0.15187138271480013
0.14964203087657812
0.14749915155028803
0.14545460137369448
0.14347354232123213
0.14112323335494054
0.13890746655928923
0.13682924152964498
0.1348915577334167
0.13308615111544772
0.1309657636910327
0.12903782590295806
0.12730619746059899
0.12577473756376717
0.12444668595887518
0.12331995226813827
0.12238039200514048
0.12161100123629845
0.12099477559707957
0.12051471027584601
0.12015379999790152
0.11989503900968349
0.11972142106316311
0.11961593940041136
0.11956158673840651
0.11954135525396777
0.0
0.0
0.0
0.0
0.0
0.0
0.0
0.0
0.0
0.0
0.0
0.0
0.0
0.0
0.0
0.0
0.0
0.0
0.0
0.0
0.0
0.0
0.0
0.0
0.0
0.0
0.0
0.0
0.0
0.0
0.0
0.0
0.0
0.0
0.0
0.0
0.0
0.0
0.0
0.0
0.0
0.0
0.0
0.0
0.0
0.0
0.0
0.0
0.0
0.0
0.0
0.0
0.0
0.0
0.0
0.0
0.0
0.0
0.0
0.0
0.0
0.0
0.0
0.0
0.0
0.0
0.0
0.0
0.0
0.0
0.0
0.0
0.0
0.0
0.0
0.0
0.0
0.0
0.0
0.0
0.0
0.0
0.0
0.0
0.0
0.0
0.0
0.0
0.0
0.0
0.0
0.0
0.0
0.0
0.0
0.0
0.0
0.0
0.0
0.0
0.0
0.0
0.0
0.0
0.0
0.0
0.0
0.0
0.0
0.0
0.0
0.0
0.0
0.0
0.0
0.0
0.0
0.0
0.0
0.0
0.0
0.0
0.0
0.0
0.0
0.0
0.0
0.0
0.0
0.0
0.0
0.0
0.0
0.0
0.0
0.0
0.0
0.0
0.0
0.0
0.0
0.0
0.0
0.0
0.0
0.0
0.0
0.0
0.0
0.0
0.0
