-0.014625390598224076
-0.014625390598224076
0.004324373792269619
-0.009085160310349014
-0.003289001009961269
-0.004646762707755537
-0.0072305747016770975
-0.008754496508044676
0.002034797539159674
0.010290921684334093
0.00867356444865462
-0.01797763067139563
-0.044290880385796545
-0.07030516677152299
-0.09605055317752244
-0.1215297292899795
-0.12965533279884572
-0.11264194719977605
-0.08777962511632816
-0.06304234485149722
-0.03842621983264564
-0.013956874087086962
0.010309343965676756
0.03423637871285138
0.0581598964550819
0.08509349062461342
0.1182882256632184
0.15881039404721115
0.19141181724850778
0.2002234478601114
0.20048154995053674
0.20063917753494634
0.20082218242416297
0.20100858586639922
0.20120868127944525
0.20143533980969772
0.20167693050729846
0.2019330053677201
0.2021025171910442
0.20223306029304547
0.20239975501116592
0.20234878771466383
-0.20237486929993254
-0.20237486929993254
-0.20239132188074233
-0.20219918943378887
-0.20195226337556516
-0.20170129364310715
-0.20145062129020727
-0.20120350772086795
-0.20096464545927895
-0.20073760108428865
-0.20036237881122612
-0.13807491694214696
-0.031335396915894174
0.06707626647907375
0.15866961451597847
0.20078998640713736
0.20108614131268188
0.20137822177678413
0.20168681707669175
0.20203370498478068
0.2023989601919472
0.20272886002579832
0.20306263316005105
0.20342305661664617
0.20386983884165388
0.2043395327905042
0.20476161996777859
0.20519308471560826
0.20553809959018737
0.2058767748804518
0.20583559068401713
0.20340582804158877
0.2011197460065223
0.20161473973930033
-0.20157170130042473
-0.20157170130042473
-0.14365890687979116
-0.05025592400512484
0.0529190720024834
0.0529190720024834
