0.0
0.2520131655662765
0.5100650151566513
0.7744036165090937
1.0413491536912014
1.313802548149116
1.587290176223957
1.8699900469930009
2.140758256674186
2.411437442912936
2.67353029060286
2.9356232782696483
3.1914769508304155
3.4473305279285724
3.6981171064987395
3.948908992495526
4.1949544217435415
4.441018159817172
4.682233804756283
4.923469139796493
5.159208246030695
5.394965446086716
5.623713319847421
5.852483363791806
6.070797188821544
6.289090815405629
6.507082550228771
6.728044432310585
6.948600245414954
7.1645504184036115
7.379761005177889
7.595308942875154
7.813728244902739
8.0317876911355
8.242283195594466
8.452347168898914
8.66183984912212
8.872017188083538
9.080974425575674
9.272802376675296
9.4614273687383
9.642563879096771
9.78301578344325
9.92955222040233
10.11196610046695
10.301831885179075
10.492214277750238
10.682472444900379
10.872629221031117
11.061721383183611
11.250754714465387
11.439749721266264
11.634845617911253
11.831570450216987
12.026727621362864
12.221866937278879
12.416810501703408
12.622967301568591
12.828934722332228
13.031090287667793
13.233329599513104
13.435684369622878
13.643207739212675
13.850928750463638
14.055820506217596
14.260986552513502
14.466469492023883
14.679625632084505
14.893221974950212
15.107925220118663
15.323178221625644
15.533314723258165
15.74407103101621
15.962026564490115
16.126050376489243
16.27682201355433
16.390759095355644
16.528563432121715
16.700897438165466
16.862619555971367
17.01920824385326
17.138595005535606
