1.999229725570908
-0.004119728034961412
-1.9951099975359465
-1.9967389343570079
-1.1102230246251565e-15
-2.220446049250313e-16
4.440892098500626e-16
6.661338147750939e-16
1.5543122344752192e-15
-3.3306690738754696e-15
-0.0011830116881985653
0.0009239071197688631
0.00025910456842992424
1.3322676295501878e-15
-6.661338147750939e-16
1.7763568394002505e-15
-1.1102230246251565e-15
-1.7763568394002505e-15
-4.1640737105552716e-05
1.9967805750941157
1.0963010122641756
-1.0963010122641756
0.0
