0.0
-0.03957370045131725
-0.0791474009026345
-0.11872110135395175
-0.0791474009026345
-0.03957370045131725
0.0
0.03957370045131725
0.0791474009026345
0.11872110135395175
0.158294801805269
0.19786850225658625
0.2374422027079035
0.27701590315922076
0.316589603610538
0.35616330406185526
0.3957370045131725
0.43531070496448976
0.474884405415807
0.5144581058671243
0.5540318063184415
0.5936055067697588
0.633179207221076
0.6727529076723933
0.7123266081237105
0.7519003085750278
0.791474009026345
0.8310477094776623
0.8706214099289795
0.9101951103802968
0.949768810831614
0.9219671008218411
0.8823934003705238
0.8428196999192066
0.8032459994678889
0.7636722990165716
0.7240985985652544
0.6845248981139371
0.6449511976626199
0.6053774972113026
0.5658037967599854
0.5262300963086681
0.4866563958573509
0.4470826954060336
0.4075089949547164
0.3679352945033991
0.3283615940520819
0.2887878936007646
0.24921419314944737
0.20964049269813012
0.17006679224681287
0.13049309179549562
0.09091939134417837
0.119038858059894
0.07946515760857675
0.0398914571572595
0.00031775670594225147
0.0
