0.0
0.3998434126605223
0.39984341266052226
0.3998434126605218
0.39984341266052187
0.3998434126605223
0.3998434126605215
0.3998434126605214
0.39984341266052226
0.0
-0.3998956029905324
-0.3998956029905335
-0.3998956029905341
-0.39989560299053223
-0.3998956029905329
-0.39989560299053395
-0.39989560299053234
-0.3998956029905324
-0.39989560299053306
-0.39989560299053273
-0.3998956029905326
-0.3998956029905335
-0.39989560299053406
-0.39989560299053245
-0.3998956029905324
-0.39989560299053273
-0.39989560299053284
-0.39989560299053306
-0.39989560299053284
-0.3998956029905327
-0.39992935833274756
-0.3999015002626953
-0.399895602990533
-0.39989560299053417
-0.39989560299053334
-0.39989560299053295
-0.39989560299053273
-0.3998956029905321
-0.39989560299053284
-0.3998956029905334
-0.3998956029905329
-0.3998956029905334
-0.3998956029905332
-0.3998956029905325
-0.3998956029905331
-0.39989560299053306
-0.39989560299053173
-0.39989560299053256
-0.39989560299053284
-0.39989560299053345
-0.39989560299053367
-0.39989560299053295
-0.39992875769955316
0.0
0.3998956029905331
0.3998956029905344
0.20155369984175162
0.0
