7.0
7.2
7.399843412660522
7.599217308498559
7.797809493235002
7.997183389073038
8.19702680173356
8.39702680173356
8.596870214394082
8.796244110232118
8.598172415841237
8.401348195187037
8.206079650080087
8.01267254634001
7.821429735004915
7.632650678105012
7.446630979742995
7.263661923215435
7.084030014900014
6.908016535622819
6.735897100208173
6.567941225900716
6.404411910335523
6.245565219717106
6.091649887852153
5.94290692666388
5.799569248797872
5.661861302910371
5.52999872221009
5.404187986803917
5.284626100375201
5.166816643861454
5.042844605157541
4.9127611140353675
4.776769864772782
4.63508380244893
4.487924789499214
4.335523258306815
4.178117850374752
4.0159550426434985
3.849288761539305
3.6783799853575605
3.5034963356038213
3.3249116579324207
3.1429055933388392
2.9577631402773124
2.769774208389335
2.579233164541864
2.386438371886072
2.191691722658434
1.9952981654556954
1.7975652277239895
1.5988025342097805
1.3998139129353424
1.5988166390766683
1.7984475675692932
1.998394101653516
2.0
