3.0
3.0
2.9920873255977267
2.9762743670395087
2.9525858854164446
2.9367729268582266
2.9288602524559533
2.9288602524559533
2.9367729268582266
2.9525858854164446
2.924974585294863
2.8895485189433017
2.846363159096542
2.795486128560612
2.736997094324033
2.6709876428094033
2.5975611364606532
2.516832551890547
2.4289282998418598
2.3339860272441646
2.2321544016761603
2.123592878571073
2.008471451529629
1.8869703861316018
1.7592799376627368
1.6256000531990578
1.4861400585150653
1.3411183303060696
1.1907619542379406
1.0353063693596973
0.8749949994357729
0.7133883284954026
0.5564625064237183
0.40456429922315085
0.2579315602550736
0.11679389782423888
-0.018627684358750063
-0.14812113324127418
-0.27148367847693056
-0.388522149938221
-0.4990532801965184
-0.6029039914956571
-0.699911666769784
-0.7899244042810971
-0.8728012554787368
-0.948412445706369
-1.0166395774128687
-1.0773758155478936
-1.130526054852051
-1.1760070687796857
-1.2137476398211233
-1.2436886710202635
-1.265783278512941
-1.285764976412032
-1.2659484428705885
-1.2540206433060734
-1.2500002551424845
-1.2499999999999978
