1.9992297255709084
-0.00411972803496341
0.0
0.0048068509814747085
0.0
0.0
0.0
4.440892098500626e-16
0.0
-6.661338147750939e-16
0.0
-0.0006871229465110762
0.0006871229465124085
-0.0006871229465115203
0.0006871229465121864
-4.440892098500626e-16
-0.004806850981475597
-1.9951099975359454
-1.9967389343570088
1.5543122344752192e-15
-1.3322676295501878e-15
-1.5543122344752192e-15
8.881784197001252e-16
-0.00012588844047911607
-0.000788821729509781
0.0009147101699880089
1.3322676295501878e-15
-2.220446049250313e-16
-1.7763568394002505e-15
4.6629367034256575e-15
-0.00023628523709762206
1.9969752195941037
0.0
0.0
