0.21972448618848195
-0.5126904677731248
-0.5126904677731248
0.07324149539616016
-0.07324149539616016
0.07324149539616016
-0.07324149539616016
0.07324149539616016
-0.07324149539616016
0.07324149539616016
-0.07324149539616016
0.21972448618848195
0.07324149539616016
0.21972448618848195
0.07324149539616016
0.07324149539616016
0.5126904677731248
0.5126904677731248
-0.5126904677731248
-0.5126904677731248
-0.5126904677731248
-0.5126904677731248
-0.5126904677731267
-0.5126904677731248
-0.40324817847627553
0.5126904677731248
0.5126904677731248
0.5126904677731248
0.5126904677731248
0.5126904677731248
0.5126904677731248
0.35500267220443876
0.4631414809742106
0.0
