0.0
-0.03925234608338046
-0.1381865972116736
-0.23712084833996672
-0.2242249082837371
-0.23712084833996672
-0.2242249082837371
-0.23712084833996672
-0.2242249082837371
-0.23712084833996672
-0.2242249082837371
-0.23712084833996672
-0.19786850225658625
-0.18497256220035663
-0.14572021611697616
-0.13282427606074654
-0.11992833600451691
-0.020994084876223784
0.07794016625206934
0.17687441738036247
0.2758086685086556
0.3747429196369487
0.47367717076524185
0.5726114218935354
0.6715456730218285
0.746529380367364
0.6475951292390709
0.5486608781107778
0.44972662698248467
0.35079237585419154
0.2518581247258984
0.1529238735976053
0.08776847229607387
0.0
