0.0
0.39984341266052176
0.3998434126605218
0.39984341266052176
0.39999999999999997
0.39999999999999997
0.39999999999999997
0.39984341266052187
0.39984341266052187
0.39984341266052176
0.3999660439027046
0.39996604390270474
0.3999660439027046
0.3998434126605219
0.3998434126605219
0.39984341266052176
0.39984341266052176
0.3998434126605218
0.3998434126605216
0.39999999999999986
0.39999999999999986
0.39999999999999986
0.39996604390270474
0.399966043902705
0.3999660439027051
0.3999660439027046
0.3999660439027045
0.39996604390270496
0.3999660439027052
0.3999660439027049
0.39996604390270457
0.39984341266052187
0.39984341266052204
0.3998434126605219
0.39984341266052137
0.3998434126605215
0.39984341266052154
0.39996604390270424
0.39996604390270474
0.3999660439027046
0.39984341266052215
0.39984341266052265
0.0
-0.39989560299053345
-0.39989560299053306
-0.39989560299053306
-0.39989560299053317
-0.3998956029905328
-0.39989560299053295
-0.39989560299053273
-0.3998956029905333
-0.3998956029905335
-0.3998956029905325
-0.39989560299053284
-0.3998956029905337
-0.3998960029660481
-0.3999061901092452
-0.3998956029905334
-0.3998956029905326
-0.3998956029905327
-0.3998956029905338
-0.3998956029905333
-0.39989560299053273
-0.3998956029905335
-0.39989560299053334
-0.39989560299053273
-0.39989560299053206
-0.3998956029905323
-0.39989560299053317
-0.3998956029905343
-0.39989560299053356
-0.3998956029905323
-0.39989560299053317
-0.3998956029905332
-0.3998985660652733
0.0
0.39989560299053273
0.2646259118818158
0.0
