-1.0
-0.5
-0.0003851372145458054
0.4948485706953294
0.9808577356257011
1.4683411066920156
1.9543502716223873
2.4418336426887017
2.9278428076190735
3.415326178685388
3.90133534361576
4.388818714682074
4.874827879612446
5.365071786808435
5.85654243548262
6.3512432272180295
6.846839135710172
7.343247741889944
7.8431375580370615
7.347392464788965
6.860344194143763
6.386756080588594
5.931259818207919
5.498310162692559
5.092141363807077
4.71622724390434
4.333017858093868
3.9199907637776565
3.4811853679735654
3.020893189615034
2.5436158884747844
2.0540212389100407
1.5569995722276966
2.000000000000001
