3.0
3.0
2.9803788663968724
2.911505253526366
2.794052745661771
2.682877375485541
2.565424867620946
2.4542494974447155
2.3367969895801206
2.2256216194038903
2.1081691115392953
1.9969937413630647
1.8795412334984698
1.7812512978122024
1.6892915158867539
1.6166889907491313
1.5504719575488424
1.4906514283748522
1.4801551570177887
1.4166496244724665
1.3044884359759676
1.14476852850453
0.9390519635403416
0.6893506501025455
0.39810666826712016
0.06869445737306412
-0.252158650403983
-0.5335920697133065
-0.7728533803271265
-0.9676026054485332
-1.1159350966960953
-1.2164001615744107
-1.269453224832865
-1.2499999999999976
