1.9992297255709084
0.0006871229465124085
-6.661338147750939e-16
-2.220446049250313e-16
6.661338147750939e-16
1.1102230246251565e-15
-1.1102230246251565e-15
2.220446049250313e-16
-2.220446049250313e-16
2.220446049250313e-16
-0.004806850981475375
2.220446049250313e-16
2.220446049250313e-16
-1.9951099975359459
-1.9967389343570092
2.886579864025407e-15
-1.9984014443252818e-15
-1.5543122344752192e-15
1.1102230246251565e-15
-4.440892098500626e-16
-0.0005380077279557582
0.0005021064916155282
3.590123634089615e-05
2.220446049250313e-16
-8.881784197001252e-16
1.3322676295501878e-15
1.3322676295501878e-15
-2.6645352591003757e-15
-2.220446049250313e-16
-0.0003280204423534716
1.997066954799363
1.2681032806085633
-1.2681032806085633
0.0
