0.0
-0.03925234608338046
-0.026356406027150836
-0.03925234608338046
-0.026356406027150836
-0.03925234608338046
-0.026356406027150836
-0.03925234608338046
-0.026356406027150836
-0.03925234608338046
-0.026356406027150836
0.07257784510114229
0.17151209622943542
0.27044634735772854
0.36938059848602167
0.4683148496143148
0.5672491007426079
0.666183351870901
0.7651176029991946
0.8640518541274878
0.9629861052557809
1.061920356384074
0.9753721803160591
0.876437929187766
0.7775036780594728
0.6785694269311797
0.5796351758028866
0.48070092467459347
0.38176667354630034
0.2828324224180072
0.18389817128971409
0.12562333232126743
0.026689081192974307
0.0
