0.0
0.39984341266052165
0.3998434126605216
0.3998434126605216
0.3998434126605217
0.39984341266052165
0.39984341266052187
0.39984341266052204
0.3998434126605218
0.39984341266052165
0.3998434126605216
0.3998434126605218
0.3998434126605221
0.40000000000000036
0.40000000000000036
0.40000000000000036
0.39984341266052187
0.3998434126605217
0.3998434126605217
0.39984341266052187
0.3998434126605223
0.39984341266052237
0.3998434126605223
0.39984341266052226
0.3998434126605218
0.3998434126605217
0.39984341266052165
0.3998434126605214
0.3999660439027042
0.3999660439027043
0.39996604390270485
0.39984341266052253
0.39984341266052215
0.0
-0.39989560299053317
-0.39989560299053317
-0.39989560299053284
-0.3998956029905333
-0.3998956029905333
-0.3998956029905332
-0.39989560299053317
-0.39989560299053284
-0.3998956029905325
-0.39989560299053295
-0.39989560299053317
-0.3998956029905336
-0.3998956029905337
-0.3998956029905323
-0.3999130307127755
-0.39994097182371435
-0.39989560299053356
-0.39989560299053345
-0.39989560299053284
-0.39989560299053334
-0.39989560299053306
-0.39989560299053284
-0.39989560299053317
-0.3998956029905333
-0.3998956029905322
-0.3998956029905336
-0.399895602990534
-0.3998956029905324
-0.3998956029905325
-0.39989560299053356
-0.3998956029905324
-0.39989560299053284
-0.39989560299053384
-0.3998956029905326
-0.3998956029905329
-0.3998956029905332
-0.39989560299053256
-0.39990639373698045
0.0
0.399895602990534
0.3998956029905343
0.2517891864151539
0.0
