1.0
1.2
1.3998434126605217
1.5992173084985577
1.7978094932350013
1.995308996651362
2.1914065595297574
2.385795117913695
2.5781702839313514
2.768230822428442
2.9556791226643373
3.145739661161428
3.3381148271790844
3.532503385563022
3.72689194394696
3.9212805023308976
4.115669060714835
4.311766623593231
4.5092661270095915
4.707858311746035
4.907232207584071
5.1070756202445935
5.307075620244594
5.506919032905116
5.706292928743152
5.904885113479596
6.102384616895956
6.298482179774352
6.492870738158289
6.686359451392518
6.8788826182613185
7.070374865410832
7.259433889729904
7.445763648722311
7.2640852492385255
7.085856301452863
6.911355889332843
6.740857258431181
6.574627388017854
6.412926573024359
6.2560080164548095
6.104117432902085
5.95749266378989
5.8163633049431915
5.6809503470702305
5.551465829719049
5.428112509250404
5.311083541346975
5.200562178556022
5.096197694215023
4.988627961636661
4.874472349633647
4.753909611441685
4.627128533044909
4.494327637560943
4.355714874378829
4.211507293536611
4.0619307058484555
3.907219329313506
3.7476154223601483
3.5833689044999826
3.414736964985514
3.2419836600843377
3.0653794996004597
2.885201023290188
2.701730367835891
2.5152548250556652
2.3260663920407305
2.1344613139249438
1.9407396200024323
1.7452046539197008
1.548162598677889
1.3499635008910449
1.5487594185536286
1.7482619218373454
1.9481586150801107
1.9999999999999973
