3.5
3.5
3.4803788663968724
3.467202189059027
3.4475810554558994
3.434404378118054
3.4147832445149264
3.401606567177081
3.3819854335739534
3.368808756236108
3.3491876226329804
3.336010945295135
3.3722680173219457
3.4576042443703114
3.5911850377191525
3.3879139359215324
3.140537816460791
2.851476019004351
2.523555569355863
2.159983531128918
1.7643156406490994
1.3404215318351933
0.9133737874612748
0.5139541657322146
0.14616237740634386
-0.1864045720139922
-0.4804941761245365
-0.7332302371477821
-0.9421409951614104
-1.105183301922514
-1.2207626028674783
-1.2898256378480992
-1.2517998437498354
-1.2500000000000009
