0.7996868253210446
-1.1102230246251565e-16
-8.881784197001252e-16
-2.220446049250313e-16
0.0
0.0
-1.1102230246251565e-16
-4.440892098500626e-16
0.0
0.0
-4.440892098500626e-16
1.1102230246251565e-15
1.1102230246251565e-16
-1.1102230246251565e-15
-1.1102230246251565e-16
1.1102230246251565e-15
1.4432899320127035e-15
-1.1102230246251565e-16
-1.2212453270876722e-15
-2.220446049250313e-16
3.3306690738754696e-16
0.0
0.0
1.1102230246251565e-16
0.0
0.0
0.0
0.0
0.0
-4.440892098500626e-16
4.440892098500626e-16
0.0
0.0
0.0
0.0
0.0
-2.220446049250313e-16
1.1102230246251565e-16
1.1102230246251565e-16
-2.220446049250313e-16
1.1102230246251565e-16
-1.1102230246251565e-16
-0.7996868253210436
-0.7996868253210438
0.0
0.7996868253210438
0.7996868253210436
-1.1102230246251565e-16
1.1102230246251565e-16
2.220446049250313e-16
-1.1102230246251565e-16
1.1102230246251565e-16
-3.3306690738754696e-16
-1.1102230246251565e-16
-1.1102230246251565e-16
1.1102230246251565e-16
-1.1102230246251565e-16
5.551115123125783e-16
-1.1102230246251565e-16
-1.1102230246251565e-16
0.0
2.220446049250313e-16
-1.1102230246251565e-16
-1.1102230246251565e-16
0.0
2.220446049250313e-16
7.771561172376096e-16
1.1102230246251565e-16
-1.1102230246251565e-16
1.1102230246251565e-16
-1.1102230246251565e-16
1.1102230246251565e-16
-1.1102230246251565e-16
1.1102230246251565e-16
-1.1102230246251565e-16
1.1102230246251565e-16
-1.1102230246251565e-16
1.1102230246251565e-16
-1.1102230246251565e-16
1.1102230246251565e-16
-1.1102230246251565e-16
-0.7996868253210446
-0.7997912059810671
5.551115123125783e-16
1.3322676295501878e-15
-1.2212453270876722e-15
0.0
4.440892098500626e-16
1.1102230246251565e-16
-4.440892098500626e-16
-2.220446049250313e-16
1.7763568394002505e-15
8.881784197001252e-16
-2.886579864025407e-15
-8.881784197001252e-16
3.774758283725532e-15
-2.1094237467877974e-15
-4.0549112684251654e-05
3.722420557039641e-05
3.3249071145213804e-06
-1.2212453270876722e-15
-2.220446049250313e-16
0.0
2.220446049250313e-16
2.4424906541753444e-15
-1.1102230246251565e-15
-1.1102230246251565e-15
8.881784197001252e-16
-2.1094237467877974e-15
2.6645352591003757e-15
-1.4432899320127035e-15
-1.443881865292873e-06
0.7997926498629316
0.7997912059810662
7.771561172376096e-16
-0.2998700767997903
-0.49992112918127674
0.0
