0.0
-0.03957370045131725
-0.0791474009026345
-0.11872110135395175
-0.158294801805269
-0.11872110135395175
-0.158294801805269
-0.19786850225658625
-0.2374422027079035
-0.19786850225658625
-0.2374422027079035
-0.27701590315922076
-0.316589603610538
-0.27701590315922076
-0.2374422027079035
-0.27701590315922076
-0.316589603610538
-0.35616330406185526
-0.316589603610538
-0.27701590315922076
-0.2374422027079035
-0.19786850225658625
-0.2374422027079035
-0.19786850225658625
-0.2374422027079035
-0.19786850225658625
-0.2374422027079035
-0.19786850225658625
-0.2374422027079035
-0.19786850225658625
-0.2374422027079035
-0.19786850225658625
-0.2374422027079035
-0.19786850225658625
-0.2374422027079035
-0.19786850225658625
-0.2374422027079035
-0.27701590315922076
-0.316589603610538
-0.35616330406185526
-0.3957370045131725
-0.35616330406185526
-0.316589603610538
-0.27701590315922076
-0.2374422027079035
-0.19786850225658625
-0.158294801805269
-0.11872110135395175
-0.0791474009026345
-0.03957370045131725
0.0
-0.03957370045131725
0.0
-0.03957370045131725
0.0
-0.03957370045131725
0.0
-0.03957370045131725
0.0
-0.03957370045131725
-0.0791474009026345
-0.03957370045131725
0.0
0.03957370045131725
0.0791474009026345
0.03957370045131725
0.0
0.03957370045131725
0.0
0.03957370045131725
0.0
0.03957370045131725
0.0
0.03957370045131725
0.0
0.03957370045131725
0.0
0.03957370045131725
0.0
0.03957370045131725
0.0
0.03957370045131725
0.0791474009026345
0.11872110135395175
0.158294801805269
0.19786850225658625
0.2374422027079035
0.27701590315922076
0.316589603610538
0.35616330406185526
0.3957370045131725
0.43531070496448976
0.474884405415807
0.5144581058671243
0.5540318063184415
0.5936055067697588
0.633179207221076
0.6727529076723933
0.7123266081237105
0.6787515531294916
0.6391778526781744
0.5996041522268571
0.5600304517755395
0.5204567513242222
0.48088305087290495
0.4413093504215877
0.40173564997027045
0.3621619495189532
0.32258824906763595
0.2830145486163187
0.24344084816500144
0.2038671477136842
0.16429344726236694
0.12861721340660193
0.08904351295528423
0.04946981250396698
0.00989611205264973
0.0
