0.0
0.3998434126605223
0.39984341266052226
0.3998434126605218
0.3998434126605217
0.3998434126605217
0.3998434126605217
0.39984341266052165
0.3998434126605214
0.3998434126605214
0.3998434126605214
0.3998434126605212
0.39984341266052176
0.3998434126605218
0.39984341266052126
0.3998434126605212
0.39984341266052176
0.3998434126605225
0.3998434126605224
0.3998434126605218
0.3998434126605217
0.39984341266052187
0.39984341266052187
0.39984341266052187
0.3998434126605219
0.3998434126605219
0.3998434126605219
0.3998434126605219
0.3998434126605219
0.3998434126605219
0.3998434126605217
0.3998434126605219
0.3998434126605219
0.3998434126605219
0.3998434126605219
0.3998434126605219
0.3998434126605219
0.3998434126605218
0.39984341266052187
0.3998434126605219
0.3998434126605218
0.39984341266052187
0.3998434126605218
0.0
-0.3998434126605219
-0.3998434126605219
0.0
0.3998434126605218
0.39984341266052176
0.3998434126605218
0.3998434126605219
0.39984341266052187
0.3998434126605219
0.39984341266052176
0.3998434126605217
0.39984341266052165
0.3998434126605217
0.39984341266052165
0.3998434126605219
0.39984341266052187
0.3998434126605218
0.3998434126605218
0.3998434126605219
0.39984341266052187
0.3998434126605218
0.3998434126605218
0.3998434126605219
0.3998434126605223
0.39984341266052237
0.3998434126605223
0.39984341266052237
0.3998434126605223
0.39984341266052237
0.3998434126605223
0.39984341266052237
0.3998434126605223
0.39984341266052237
0.3998434126605223
0.39984341266052237
0.3998434126605223
0.39984341266052237
0.3998434126605223
0.0
-0.39989560299053356
-0.3998956029905333
-0.3998956029905326
-0.3998956029905332
-0.3998956029905332
-0.399895602990533
-0.39989560299053295
-0.39989560299053317
-0.3998956029905333
-0.3998956029905324
-0.39989560299053195
-0.3998956029905334
-0.39989560299053384
-0.39989560299053195
-0.399895602990533
-0.39991587754687513
-0.39989726544408993
-0.3998956029905327
-0.3998956029905333
-0.3998956029905334
-0.3998956029905334
-0.3998956029905333
-0.39989560299053206
-0.3998956029905326
-0.39989560299053317
-0.39989560299053273
-0.3998956029905338
-0.39989560299053245
-0.39989560299053317
-0.3998963249314658
0.0
0.3998956029905331
0.3998956029905335
0.24996056459063837
0.0
