-8.0
-7.8
-7.600156587339478
-7.400782691501441
-7.202190506764998
-7.004691003348637
-6.806098818612194
-6.608599315195833
-6.4125017523174375
-6.2181131939335
-6.022015631055105
-5.827627072671167
-5.635251906653512
-5.44519136815642
-5.2528162021387645
-5.058427643754827
-4.866052477737171
-4.67599193924008
-4.488543639004185
-4.298483100507093
-4.106107934489438
-3.9117193761055
-3.7156218132271044
-3.5212332548431666
-3.325135691964771
-3.1307471335808335
-2.934649570702438
-2.7402610123185003
-2.544163449440105
-2.349774891056167
-2.1536773281777717
-1.9592887697938342
-1.7631912069154385
-1.568802648531501
-1.3727050856531053
-1.1783165272691678
-0.9822189643907722
-0.7878304060068346
-0.5954552399891785
-0.40539470149208756
-0.21794640125619233
-0.03340385958772926
0.15404444064816597
0.3441049791452569
0.15172981312760075
-0.04265874525633681
-0.2387563081347324
-0.04125680471837162
0.157335380018072
0.3567092758561081
0.55655268851663
0.75655268851663
0.9563961011771519
1.156396101177152
1.3562395138376737
1.5562395138376737
1.7560829264981954
1.9560829264981954
2.155926339158717
2.3559263391587173
2.555769751819239
2.7551436476572753
2.954987060317797
3.154987060317797
3.354830472978319
3.554204368816355
3.754047781476877
3.954047781476877
4.153891194137399
4.3538911941373994
4.553734606797922
4.753734606797922
4.953578019458444
5.153578019458444
5.353421432118966
5.5534214321189665
5.753264844779489
5.953264844779489
6.153108257440011
6.353108257440011
6.5529516701005335
6.752951670100534
6.952795082761056
6.75378606983
6.555714375439118
6.358890154784918
6.163621609677969
5.970214505937892
5.778971694602796
5.590192637702894
5.404172939340877
5.221203882813316
5.041571974497895
4.865558495220701
4.693439059806055
4.525483185498597
4.361953869933405
4.203107179314989
4.049191847450034
3.896015431638175
3.737900436403691
3.575064631512241
3.4077629972184216
3.2362575067002783
3.0608167158424715
2.8817153427117663
2.699233837383317
2.5136579427913546
2.325278247291936
2.13438972963836
1.941291297081789
1.74628531732034
1.5496771450295403
1.3517770682847416
1.5505808588564705
1.75008838290442
1.9499872369046285
1.9999999999999991
