3.0
3.0
2.9920873255977267
2.9762743670395087
2.9525858854164446
2.921058973891671
2.8973704922686068
2.865843580743833
2.826527606469326
2.779484133283192
2.740168159008685
2.6931246858225513
2.638427377847851
2.5761618841439073
2.521464576169207
2.474421102983073
2.4197237950083728
2.3574583013044292
2.287722121751247
2.2254566280473034
2.170759320072603
2.123715846886469
2.084399872611962
2.0373563994258284
1.9980404251513213
1.9509969519651873
1.9116809776906802
1.8646375045045462
1.8253215302300392
1.7782780570439052
1.7389620827693981
1.6919186095832641
1.652602635308757
1.605559162122623
1.566243187848116
1.519199714661982
1.479883740387475
1.432840267201341
1.3781429592266403
1.3158774655226968
1.2461412859695145
1.1690436185953093
1.099307439042127
1.0370419453381836
1.0917392533128842
1.1387827264990182
1.1780987007735253
1.1465717892487517
1.1228833076256877
1.1070703490674696
1.0991576746651965
1.0991576746651965
1.0912450002629235
1.0912450002629235
1.0833323258606504
1.0833323258606504
1.0754196514583774
1.0754196514583774
1.0675069770561043
1.0675069770561043
1.0595943026538313
1.0437813440956132
1.0358686696933401
1.0358686696933401
1.0437813440956132
1.0595943026538313
1.0675069770561043
1.0675069770561043
1.0754196514583774
1.0754196514583774
1.0833323258606504
1.0833323258606504
1.0912450002629235
1.0912450002629235
1.0991576746651965
1.0991576746651965
1.1070703490674696
1.1070703490674696
1.1149830234697427
1.1149830234697427
1.1228956978720157
1.1228956978720157
1.1308083722742888
1.1110550741829432
1.0834437740613616
1.0480177077098003
1.0048323478630408
0.9539553173271105
0.8954662830905314
0.8294568315759017
0.7560303252271522
0.6753017406570452
0.5873974886083586
0.49245521601066256
0.39062359044265915
0.2820620673375711
0.1669406402961271
0.04543957489810091
-0.08225087357076477
-0.21082798264365676
-0.3332797212808756
-0.4493800255812186
-0.558947097167056
-0.6618093678760473
-0.7578057684151622
-0.8467859805748026
-0.9286106726080847
-1.003151717406718
-1.0702923931318327
-1.1299275659856032
-1.1819638548374654
-1.2263197774471415
-1.2629258780555173
-1.2917438747231724
-1.2700221605276658
-1.2561828013829928
-1.2502474679734372
-1.2499999999999991
