0.7996868253210437
-1.1102230246251565e-16
0.0
1.1102230246251565e-16
0.0
1.1102230246251565e-16
-1.1102230246251565e-16
-1.1102230246251565e-16
0.0
1.1102230246251565e-16
0.0
-1.1102230246251565e-16
0.0
-2.220446049250313e-16
0.0
2.220446049250313e-16
0.0
-1.1102230246251565e-16
1.1102230246251565e-16
0.0
0.0
0.0
-1.1102230246251565e-16
0.0
1.1102230246251565e-16
3.3306690738754696e-16
-2.220446049250313e-16
-1.1102230246251565e-16
1.1102230246251565e-16
-1.1102230246251565e-16
0.0
-2.220446049250313e-16
0.0
0.0
-1.1102230246251565e-16
4.440892098500626e-16
0.0
0.0
0.0
-8.881784197001252e-16
-4.440892098500626e-16
1.1102230246251565e-16
3.3306690738754696e-16
1.1102230246251565e-16
0.0
3.3306690738754696e-16
1.1102230246251565e-16
3.3306690738754696e-16
-1.1102230246251565e-16
-2.220446049250313e-16
0.0
3.3306690738754696e-16
-1.1102230246251565e-16
1.1102230246251565e-16
7.771561172376096e-16
0.0
0.0
2.220446049250313e-16
-1.1102230246251565e-16
-0.7996868253210446
-0.7995824283115777
-0.00020877766948823595
6.661338147750939e-16
-1.2212453270876722e-15
-5.551115123125783e-16
3.3306690738754696e-16
3.3306690738754696e-16
6.661338147750939e-16
-4.440892098500626e-16
1.1102230246251565e-15
0.0
-1.1102230246251565e-15
-8.881784197001252e-16
-1.7763568394002505e-15
5.10702591327572e-15
-6.661338147750939e-16
-2.1094237467877974e-15
1.6653345369377348e-15
-2.220446049250313e-15
-5.057221776905152e-05
4.497944821513222e-05
5.592769555251564e-06
-1.1102230246251565e-15
5.551115123125783e-16
-3.3306690738754696e-16
0.0
3.3306690738754696e-16
5.551115123125783e-16
4.440892098500626e-16
-8.881784197001252e-16
2.3314683517128287e-15
-1.7763568394002505e-15
-2.3314683517128287e-15
1.4432899320127035e-15
4.440892098500626e-16
-6.244671717947625e-06
0.799797450652784
0.7997912059810661
7.771561172376096e-16
-0.2357669553134717
-0.5640242506675952
0.0
