0.0
0.39984341266052187
0.3998434126605218
0.3998434126605218
0.39984341266052187
0.39984341266052187
0.3998434126605219
0.39984341266052187
0.3998434126605218
0.3998434126605218
0.39984341266052187
0.39984341266052187
0.3998434126605218
0.3998434126605218
0.3998434126605217
0.3998434126605217
0.3998434126605218
0.3998434126605218
0.39984341266052176
0.3998434126605218
0.3998434126605218
0.3998434126605218
0.3998434126605218
0.39984341266052176
0.39984341266052176
0.3998434126605218
0.399843412660522
0.39984341266052187
0.3998434126605218
0.39984341266052187
0.3998434126605218
0.3998434126605218
0.3998434126605217
0.3998434126605217
0.3998434126605217
0.39984341266052165
0.39984341266052187
0.39984341266052187
0.39984341266052187
0.39984341266052187
0.3998434126605214
0.3998434126605212
0.39984341266052126
0.3998434126605214
0.3998434126605215
0.3998434126605215
0.39984341266052165
0.3998434126605217
0.39984341266052187
0.3998434126605218
0.3998434126605217
0.3998434126605217
0.39984341266052187
0.3998434126605218
0.39984341266052187
0.39984341266052226
0.39984341266052226
0.39984341266052226
0.39984341266052237
0.3998434126605223
0.0
-0.39979121415578883
-0.39989560299053295
-0.3998956029905326
-0.3998956029905332
-0.3998956029905335
-0.39989560299053334
-0.39989560299053317
-0.39989560299053284
-0.39989560299053306
-0.3998956029905325
-0.3998956029905325
-0.39989560299053306
-0.3998956029905335
-0.3998956029905344
-0.39989560299053184
-0.3998956029905322
-0.3998956029905332
-0.3998956029905324
-0.3998956029905335
-0.39992088909941803
-0.39989839937531046
-0.39989560299053284
-0.3998956029905334
-0.3998956029905331
-0.3998956029905333
-0.3998956029905333
-0.3998956029905331
-0.39989560299053284
-0.3998956029905326
-0.39989560299053306
-0.3998956029905319
-0.3998956029905328
-0.39989560299053395
-0.3998956029905332
-0.399895602990533
-0.399898725326392
0.0
0.39989560299053306
0.39989560299053345
0.2820121253337976
0.0
