-4.0
-3.8
-3.600156587339478
-3.400782691501442
-3.2021905067649983
-3.002816610926962
-2.8029731982664403
-2.60297319826644
-2.4031297856059184
-2.203755889767882
-2.0051637050314386
-1.8057898091934024
-1.6059463965328806
-1.4065725006948444
-1.2079803159584008
-1.0104808125420401
-0.8118886278055966
-0.6143891243892358
-0.41579693965279213
-0.21642304381475602
-0.016579631154234192
0.18342036884576582
0.38326378150628765
0.5826376773443238
0.7812298620807674
0.9806037579188035
1.1791959426552472
1.3785698384932834
1.5784132511538052
1.7777871469918414
1.9776305596523631
2.1770044554903993
2.375596640226843
2.5730961436432036
2.771688328379647
2.969187831796008
3.1652853946744033
3.359673953058341
3.5557715159367365
3.750160074320674
3.9462576371990696
4.140646195583007
4.333021361600663
4.5274099199846
4.7235074828629955
4.917896041246933
5.113993604125328
5.311493107541689
5.5100852922781325
5.709459188116169
5.908051372852612
6.105550876268973
6.3041430610054165
6.503516956843453
6.702109141579896
6.901483037417933
7.101326450078455
7.300700345916491
7.500543758577013
7.700543758577013
7.9003871712375355
7.700387171237535
7.500752462684975
7.3017434497539195
7.103671755363038
6.906847534708837
6.711578989601888
6.518171885861811
6.326929074526715
6.138150017626813
5.952130319264796
5.769161262737236
5.589529354421815
5.41351587514462
5.241396439729973
5.073440565422516
4.909911249857325
4.751064559238907
4.597149227373954
4.448406266185681
4.305068588319672
4.16277852391869
4.015093842817715
3.8621897432079404
3.704305653550897
3.5416888003420395
3.374593820985349
3.2032823650634032
3.028022684627251
2.849089214147666
2.666762140785507
2.4813269656541017
2.293074056760645
2.1022981943266608
1.9092981091995034
1.7143760150776641
1.5178371352823827
1.3200007309923567
1.5186627527907106
1.7180784877783877
1.917935676161469
2.0
