3.0
3.0
2.9920873255977267
2.9762743670395087
2.9525858854164446
2.9367729268582266
2.9288602524559533
2.9288602524559533
2.92094757805368
2.905134619495462
2.881446137872398
2.86563317931418
2.8577205049119065
2.8419075463536885
2.8182190647306244
2.7866921532058506
2.7630036715827866
2.7314767600580128
2.7077882784349487
2.6919753198767307
2.6840626454744574
2.6840626454744574
2.676149971072184
2.660337012513966
2.636648530890902
2.620835572332684
2.59714709070962
2.581334132151402
2.5734214577491286
2.5576084991909105
2.549695824788637
2.533882866230419
2.510194384607355
2.4786674730825813
2.4549789914595173
2.4234520799347434
2.3841361056602364
2.3370926324741026
2.2977766581995955
2.2507331850134618
2.2114172107389547
2.164373737552821
2.1096764295781205
2.0626329563919867
2.0233169821174797
1.9762735089313457
1.9369575346568386
1.905430623132065
1.881742141509001
1.865929182950783
1.8422407013277189
1.8107137898029453
1.7870253081798813
1.7712123496216632
1.7475238679985992
1.731710909440381
1.723798235038108
1.70798527647989
1.700072602077617
1.700072602077617
1.6921599276753438
1.6921599276753438
1.6802955627781744
1.6605422646868289
1.6329309645652474
1.5975048982136864
1.5543195383669264
1.503442507830996
1.4449534735944174
1.378944022079788
1.3055175157310377
1.2247889311609312
1.136884679112244
1.0419424065145488
0.9401107809465444
0.831549257841457
0.7164278308000135
0.5949267654019863
0.4672363169331213
0.3335564324694422
0.1940964377854495
0.053565938534789304
-0.08128217966261864
-0.2101818163409379
-0.3329311309884977
-0.44933791371926235
-0.5592198862491826
-0.6624049873209064
-0.7587316421299293
-0.8480490153302762
-0.9302172472235615
-1.005107672761568
-1.0726030230194206
-1.1325976088238794
-1.1849974862492019
-1.2297206037214394
-1.2666969305008084
-1.2959560443506937
-1.2729738532395531
-1.2578693952021585
-1.250666321907493
-1.2499999999999973
