0.7996868253210435
0.0
-1.1102230246251565e-16
2.220446049250313e-16
1.1102230246251565e-16
-2.220446049250313e-16
-3.3306690738754696e-16
0.0
4.440892098500626e-16
4.440892098500626e-16
0.0
1.1102230246251565e-16
-1.1102230246251565e-16
-4.440892098500626e-16
-3.3306690738754696e-16
-1.1102230246251565e-16
1.1102230246251565e-16
-1.1102230246251565e-16
-2.220446049250313e-16
7.771561172376096e-16
1.1102230246251565e-15
0.0
-1.2212453270876722e-15
-1.1102230246251565e-15
3.3306690738754696e-16
0.0
0.0
0.0
0.0
1.1102230246251565e-16
0.0
3.3306690738754696e-16
-1.1102230246251565e-16
1.1102230246251565e-16
1.1102230246251565e-16
-0.7996868253210434
-0.7996868253210445
-2.220446049250313e-16
0.7996868253210447
0.7996868253210445
-8.881784197001252e-16
1.1102230246251565e-16
-1.1102230246251565e-16
1.1102230246251565e-16
-0.7996868253210437
-0.7997912059810666
1.1102230246251565e-15
-8.881784197001252e-16
2.220446049250313e-16
1.5543122344752192e-15
-1.7763568394002505e-15
1.1102230246251565e-16
-4.440892098500626e-16
5.551115123125783e-16
8.881784197001252e-16
-1.5543122344752192e-15
-4.440892098500626e-16
8.881784197001252e-16
1.7763568394002505e-15
-2.220446049250313e-16
-6.661338147750939e-16
-6.0590845061270215e-06
-4.620104435126837e-05
5.226012885672926e-05
-4.440892098500626e-16
6.661338147750939e-16
-8.881784197001252e-16
9.992007221626409e-16
-5.551115123125783e-16
1.6653345369377348e-15
-9.992007221626409e-16
-2.3314683517128287e-15
2.55351295663786e-15
2.55351295663786e-15
-2.6645352591003757e-15
-3.552713678800501e-15
1.4432899320127035e-15
5.440092820663267e-15
-1.7763568394002505e-15
-6.891524394836424e-05
0.7998601212250124
0.799791205981065
-1.2212453270876722e-15
-0.12672735490814024
-0.6730638510729235
0.0
