0.0
-0.03957370045131725
-0.0791474009026345
-0.11872110135395175
-0.158294801805269
-0.19786850225658625
-0.2374422027079035
-0.27701590315922076
-0.316589603610538
-0.35616330406185526
-0.316589603610538
-0.27701590315922076
-0.2374422027079035
-0.27701590315922076
-0.316589603610538
-0.35616330406185526
-0.316589603610538
-0.35616330406185526
-0.3957370045131725
-0.43531070496448976
-0.3957370045131725
-0.35616330406185526
-0.316589603610538
-0.27701590315922076
-0.2374422027079035
-0.19786850225658625
-0.2374422027079035
-0.19786850225658625
-0.2374422027079035
-0.19786850225658625
-0.2374422027079035
-0.19786850225658625
-0.158294801805269
-0.19786850225658625
-0.158294801805269
-0.11872110135395175
-0.0791474009026345
-0.03957370045131725
0.0
0.03957370045131725
0.0791474009026345
0.11872110135395175
0.0791474009026345
0.11872110135395175
0.0791474009026345
0.11872110135395175
0.158294801805269
0.19786850225658625
0.2374422027079035
0.27701590315922076
0.316589603610538
0.35616330406185526
0.3957370045131725
0.43531070496448976
0.474884405415807
0.5144581058671243
0.5540318063184415
0.5936055067697588
0.633179207221076
0.6727529076723933
0.7123266081237105
0.7519003085750278
0.791474009026345
0.8228239150079428
0.7832502145566256
0.7436765141053083
0.7041028136539911
0.6645291132026734
0.6249554127513561
0.5853817123000389
0.5458080118487216
0.5062343113974044
0.46666061094608713
0.4270869104947699
0.3875132100434526
0.3479395095921354
0.3083658091408181
0.2687921086895009
0.22921840823818362
0.18964470778686637
0.15007100733554912
0.14575008836690895
0.1061763879155917
0.06660268746427445
0.027028987012957195
0.0
