0.0
0.39984341266052176
0.39984341266052176
0.3998434126605217
0.3998434126605218
0.39984341266052187
0.39984341266052176
0.3998434126605216
0.3998434126605216
0.3998434126605218
0.39984341266052204
0.39984341266052204
0.3998434126605221
0.39984341266052204
0.3998434126605218
0.39984341266052165
0.3998434126605216
0.39984341266052165
0.3998434126605216
0.3998434126605215
0.39984341266052187
0.3998434126605224
0.3998434126605224
0.3998434126605218
0.39984341266052126
0.3998434126605214
0.3998434126605214
0.3998434126605214
0.3998434126605214
0.3998434126605214
0.3998434126605215
0.3998434126605215
0.39984341266052165
0.3998434126605216
0.39984341266052165
0.3998434126605217
0.0
-0.39984341266052226
-0.39984341266052237
0.0
0.39984341266052226
0.3998434126605218
0.39984341266052187
0.3998434126605218
0.39984341266052187
0.0
-0.3998956029905333
-0.39989560299053273
-0.39989560299053317
-0.39989560299053306
-0.3998956029905323
-0.39989560299053317
-0.3998956029905331
-0.39989560299053334
-0.39989560299053306
-0.3998956029905326
-0.3998956029905334
-0.3998956029905336
-0.39989560299053317
-0.3998956029905323
-0.3998956029905324
-0.39989560299053273
-0.3998986325327858
-0.3999217330549614
-0.39989560299053306
-0.3998956029905333
-0.39989560299053295
-0.3998956029905334
-0.3998956029905329
-0.39989560299053317
-0.39989560299053234
-0.39989560299053284
-0.399895602990534
-0.39989560299053273
-0.39989560299053145
-0.3998956029905328
-0.39989560299053456
-0.39989560299053384
-0.3998956029905311
-0.399895602990532
-0.3999300606125062
0.0
0.3998956029905325
0.3998956029905319
0.3365319255364618
0.0
