0.0
0.2
0.3998434126605218
0.5992173084985579
0.7978094932350015
0.9953089966513623
1.1914065595297578
1.3857951179136954
1.5781702839313514
1.7682308224284422
1.9556791226643375
2.1457396611614286
2.338114827179085
2.5325033855630226
2.724878551580679
2.9149390900777696
3.1023873903136647
3.2924479288107555
3.4798962290466506
3.6644387707151136
3.8457865835599403
4.030329125228404
4.217777425464299
4.4078379639613905
4.600213129979046
4.794601688362984
4.990699251241379
5.185087809625316
5.381185372503712
5.575573930887649
5.7716714937660445
5.966060052149982
6.162157615028377
6.359657118444738
6.555754681323133
6.753254184739494
6.951846369475938
6.752472473637901
6.552629060977379
6.352629060977379
6.552472473637901
6.751846369475937
6.950438554212381
7.149812450050417
7.348404634786861
7.547778530624897
7.349706836234016
7.152882615579815
6.957614070472866
6.764206966732789
6.572964155397694
6.384185098497792
6.198165400135775
6.015196343608213
5.835564435292793
5.659550956015598
5.487431520600952
5.319475646293494
5.155946330728302
4.997099640109885
4.843184308244932
4.694441347056658
4.551103669190651
4.413332844770133
4.274436940061944
4.129957231783651
3.9801199568665364
3.8251597415129366
3.6653192338013256
3.5008487237301367
3.3320057512953163
3.159054703215297
2.982266398934865
2.8019176665562027
2.618290909361126
2.431673663603295
2.2423581482628485
2.0506408074684783
1.856821846303454
1.6612047607224687
1.4640958623153946
1.2660044210901962
1.4644068971934123
1.6636480442867416
1.8634158759588049
2.000000000000001
