3.5
3.5
3.4920873255977267
3.4762743670395087
3.4525858854164446
3.421058973891671
3.3817429996171637
3.33469952643103
3.2800022184563296
3.217736724752386
3.1480005451992037
3.08573505149526
3.0310377435205598
2.983994270334426
2.9292969623597256
2.867031468655782
2.7972952891025997
2.735029795398656
2.665293615845474
2.588195948471269
2.503857518462182
2.426759851087977
2.3570236715347948
2.2947581778308512
2.240060869856151
2.193017396670017
2.15370142239551
2.106657949209376
2.067341974934869
2.0202985017487354
1.9809825274742283
1.9339390542880943
1.8946230800135873
1.8630961684888137
1.8237801942143066
1.792253282689533
1.768564801066469
1.784377759624687
1.79229043402696
1.79229043402696
1.8002031084292331
1.8160160669874512
1.8397045486105152
1.8555175071687333
1.8792059887917973
1.8950189473500154
1.867407647228434
1.8319815808768725
1.7887962210301125
1.7379191904941829
1.679430156257604
1.6134207047429738
1.539994198394224
1.4592656138241176
1.3713613617754303
1.2764190891777352
1.174587463609731
1.0660259405046437
0.9509045134631995
0.8294034480651726
0.7017129995963076
0.5680331151326286
0.42857312044863605
0.28360925267348036
0.13972489748302852
0.001448384983261164
-0.1310037613137751
-0.2574241381161124
-0.3776147871191571
-0.4913875049833345
-0.5985641380366882
-0.6989768612409779
-0.7924684409844407
-0.8788924812897208
-0.9581136530514331
-1.030007905944413
-1.0944626626708185
-1.1513769952419246
-1.2006617830185748
-1.2422398522628233
-1.276046096982235
-1.3035848528252914
-1.2784604127441386
-1.2612051144791738
-1.2518459776428703
-1.2499999999999958
