0.7996868253210433
-1.1102230246251565e-16
0.0
5.551115123125783e-16
-1.1102230246251565e-16
-1.1102230246251565e-16
2.220446049250313e-16
-1.1102230246251565e-16
-1.1102230246251565e-16
2.220446049250313e-16
-1.1102230246251565e-16
0.0
-2.220446049250313e-16
1.1102230246251565e-16
1.1102230246251565e-16
3.3306690738754696e-16
-2.220446049250313e-16
-1.1102230246251565e-16
1.1102230246251565e-16
-1.1102230246251565e-16
0.0
-2.220446049250313e-16
-1.1102230246251565e-16
4.440892098500626e-16
3.3306690738754696e-16
-4.440892098500626e-16
0.0
5.551115123125783e-16
-1.1102230246251565e-16
-4.440892098500626e-16
4.440892098500626e-16
7.771561172376096e-16
-1.2212453270876722e-15
-1.1102230246251565e-16
1.4432899320127035e-15
-1.1102230246251565e-16
-1.2212453270876722e-15
-1.1102230246251565e-15
3.3306690738754696e-16
0.0
-4.440892098500626e-16
1.1102230246251565e-16
3.3306690738754696e-16
1.1102230246251565e-16
0.0
3.3306690738754696e-16
1.1102230246251565e-16
3.3306690738754696e-16
7.771561172376096e-16
-0.7996868253210445
-0.7996868253210446
0.7996868253210446
0.0
-0.7997912059810666
1.1102230246251565e-15
-9.992007221626409e-16
3.3306690738754696e-16
2.220446049250313e-16
-1.9984014443252818e-15
3.219646771412954e-15
-1.1102230246251565e-16
-1.3322676295501878e-15
6.661338147750939e-16
2.220446049250313e-16
-1.9984014443252818e-15
-7.771561172376096e-16
3.4416913763379853e-15
-2.220446049250313e-16
-6.661338147750939e-16
-7.282482806902912e-05
-1.0264199655773965e-05
8.308902772291571e-05
2.220446049250313e-15
2.220446049250313e-16
-3.3306690738754696e-15
-1.1102230246251565e-16
3.774758283725532e-15
1.5543122344752192e-15
-9.992007221626409e-16
-2.55351295663786e-15
-1.7763568394002505e-15
4.440892098500626e-15
-1.3322676295501878e-15
-1.1102230246251565e-15
1.5543122344752192e-15
1.1102230246251565e-16
-2.7755575615628914e-15
-8.37034783903734e-05
0.7998749094594578
0.7997912059810649
9.992007221626409e-16
-0.14894092455343066
-0.6508502814276352
0.0
