0.0
0.39984341266052165
0.3998434126605216
0.3998434126605216
0.39984341266052187
0.3998434126605218
0.39984341266052176
0.39984341266052187
0.3998434126605218
0.39984341266052176
0.39984341266052187
0.3998434126605218
0.3998434126605218
0.3998434126605217
0.39984341266052176
0.3998434126605218
0.399843412660522
0.39984341266052187
0.3998434126605218
0.39984341266052187
0.3998434126605218
0.3998434126605218
0.3998434126605217
0.39984341266052165
0.39984341266052187
0.39984341266052204
0.3998434126605218
0.3998434126605218
0.3998434126605221
0.39984341266052204
0.3998434126605218
0.39984341266052204
0.3998434126605224
0.3998434126605218
0.39984341266052176
0.3998434126605225
0.3998434126605224
0.3998434126605218
0.39984341266052126
0.3998434126605214
0.3998434126605214
0.3998434126605212
0.39984341266052126
0.3998434126605214
0.3998434126605215
0.3998434126605215
0.39984341266052165
0.3998434126605217
0.39984341266052187
0.39984341266052226
0.0
-0.3998434126605223
0.0
0.0
-0.3998956029905333
-0.39989560299053273
-0.3998956029905332
-0.39989560299053306
-0.39989560299053295
-0.39989560299053395
-0.39989560299053234
-0.3998956029905324
-0.39989560299053306
-0.39989560299053273
-0.3998956029905326
-0.3998956029905336
-0.399895602990534
-0.3998956029905323
-0.3998956029905324
-0.39989560299053273
-0.39993201540456724
-0.39993714750439513
-0.39989560299053367
-0.39989560299053256
-0.39989560299053245
-0.3998956029905341
-0.39989560299053417
-0.3998956029905323
-0.3998956029905315
-0.399895602990532
-0.3998956029905333
-0.39989560299053417
-0.39989560299053195
-0.3998956029905326
-0.39989560299053317
-0.3998956029905324
-0.39989560299053234
-0.3998956029905337
-0.3999374547297289
0.0
0.39989560299053245
0.39989560299053295
0.3254251407138176
0.0
