-2.0
-1.8
-1.6001565873394783
-1.4007826915014423
-1.2021905067649987
-1.0028166109269625
-0.8042244261905189
-0.6048505303524828
-0.40500711769196096
-0.20563322185392485
-0.007041037117481219
0.19045846629887955
0.3890506510353232
0.5884245468733593
0.7870167316098029
0.986390627447839
1.1849828121842827
1.384356708022319
1.5842001206828407
1.7835740165208769
1.9834174291813986
2.182791325019435
2.3813835097558784
2.578883013172239
2.7749805760506345
2.9693691344345723
3.1617443004522285
3.3518048389493194
3.5441800049669756
3.7385685633509134
3.9309437293685696
4.12100426786566
4.308452568101556
4.498513106598647
4.690888272616303
4.880948811113394
5.06839711134929
5.258457649846381
5.450832815864037
5.645221374247974
5.84131893712637
6.035707495510307
6.228082661527963
6.4224712199119
6.6185687827902955
6.812957341174233
7.009054904052628
7.206554407468989
7.4051465922054325
7.604520488043469
7.804363900703991
7.604363900703991
7.4045204880434685
7.603894383881505
7.405822689490623
7.208998468836422
7.013729923729474
6.820322819989396
6.629080008654301
6.4403009517543985
6.2542812533923815
6.071312196864821
5.8916802885494
5.715666809272205
5.543547373857559
5.375591499550103
5.2120621839849095
5.053215493366492
4.8993001615015395
4.750557200313266
4.6072195224472585
4.468257899567536
4.325284010230812
4.176889798358104
4.023307630497728
3.8647779968802447
3.701549134841222
3.5338766401129877
3.362023066594075
3.186257515223053
3.0068552126005335
2.824097080019154
2.638269293576406
2.449662836059092
2.258573041301119
2.065299131728117
1.8701437498129883
1.6734124841761249
1.4754133910723057
1.2769989057679165
1.4754561365115038
1.6747347365353242
1.8745226607814507
2.0000000000000018
