3.5
3.5
3.4920873255977267
3.4762743670395087
3.4525858854164446
3.4367729268582266
3.4130844452351625
3.3972714866769445
3.389358812274671
3.373545853716453
3.349857372093389
3.3183304605686152
3.294641978945551
3.278829020387333
3.255140538764269
3.239327580206051
3.215639098582987
3.199826140024769
3.1919134656224957
3.1761005070642776
3.1681878326620043
3.1523748741037863
3.1286863924807222
3.0971594809559484
3.0578435066814413
3.0108000334953076
2.956102725520607
2.8938372318166636
2.8391399238419632
2.7920964506558295
2.737399142681129
2.6751336489771855
2.605397469424003
2.5431319757200597
2.4884346677453593
2.4261691740414157
2.3564329944882334
2.29416750078429
2.2394701928095895
2.1924267196234557
2.1531107453489486
2.106067272162815
2.0513699641881145
2.0043264910019807
1.9650105167274736
1.9179670435413396
1.8786510692668326
1.847124157742059
1.823435676118995
1.8076227175607769
1.7997100431585038
1.7997100431585038
1.7917973687562307
1.8076103273144488
1.7799990271928674
1.7445729608413059
1.701387600994546
1.650510570458616
1.5920215362220373
1.5260120847074072
1.4525855783586574
1.371856993788551
1.283952741739864
1.1890104691421686
1.0871788435741645
0.9786173204690772
0.8634958934276329
0.741994828029606
0.614304379560741
0.48062449509706195
0.34116450041306945
0.1973301218325929
0.05749719659247354
-0.07656971914723054
-0.2046606935700428
-0.3265751524270031
-0.4421221931105479
-0.5511208835838244
-0.6534005456973544
-0.7488010224494088
-0.8371729287715901
-0.9183778854469438
-0.9922887357942862
-1.0587897447794732
-1.1177767802418086
-1.1691574759518257
-1.2128513762451059
-1.248790062005666
-1.2769172578016303
-1.3019833051645877
-1.2772950978812485
-1.2604778571496391
-1.2515579166395931
-1.2500000000000018
