0.7996868253210446
-1.1102230246251565e-16
-8.881784197001252e-16
1.1102230246251565e-16
-1.1102230246251565e-16
1.1102230246251565e-16
8.881784197001252e-16
-1.1102230246251565e-16
1.1102230246251565e-16
-1.887379141862766e-15
9.992007221626409e-16
3.1086244689504383e-15
1.1102230246251565e-16
-1.4432899320127035e-15
-1.1102230246251565e-16
1.1102230246251565e-16
-1.1102230246251565e-16
1.1102230246251565e-16
-0.7996868253210455
-0.799686825321043
1.1102230246251565e-16
-1.6653345369377348e-15
-8.881784197001252e-16
-1.4432899320127035e-15
1.1102230246251565e-16
0.0
0.00010439700946840436
-0.00020877766948823595
1.3322676295501878e-15
-1.2212453270876722e-15
2.220446049250313e-16
4.440892098500626e-16
-2.1094237467877974e-15
3.219646771412954e-15
-1.1102230246251565e-16
-1.5543122344752192e-15
8.881784197001252e-16
4.440892098500626e-16
-2.220446049250313e-15
-8.881784197001252e-16
3.552713678800501e-15
-2.220446049250313e-16
-6.661338147750939e-16
-2.220446049250313e-16
-4.440892098500626e-16
-1.811139520135896e-06
-2.9115555591707754e-05
3.092669511184365e-05
8.881784197001252e-16
-4.440892098500626e-16
-7.771561172376096e-16
0.0
-7.771561172376096e-16
1.7763568394002505e-15
5.551115123125783e-16
-2.3314683517128287e-15
-5.551115123125783e-16
4.218847493575595e-15
-2.55351295663786e-15
-2.7755575615628914e-15
5.662137425588298e-15
-9.992007221626409e-16
-1.4432899320127035e-15
0.0
-2.1094237467877974e-15
-1.6661503662307453e-06
0.799792872131434
0.7997912059810678
-0.0018593611965866952
-0.7979318447844811
0.0
