0.5126904677731248
-0.5126904677731248
-0.5126904677731248
0.5126904677731248
-0.5126904677731248
0.5126904677731248
0.5126904677731248
-0.5126904677731248
0.5126904677731248
-0.5126904677731248
-0.5126904677731248
-0.5126904677731248
0.5126904677731248
0.5126904677731248
-0.5126904677731248
0.5126904677731248
-0.5126904677731248
0.5126904677731248
0.5126904677731248
-0.5126904677731248
-0.5126904677731248
-0.5126904677731248
-0.5126904677731248
-0.5126904677731248
-0.5126904677731248
0.5126904677731248
0.5126904677731248
-0.5126904677731248
-0.5126904677731248
-0.5126904677731248
-0.5126904677731248
-0.5126904677731248
-0.5126904677731248
-0.5126904677731248
-0.5126904677731248
-0.5126904677731248
-0.5126904677731248
-0.5126904677731248
-0.5126904677731248
-0.5126904677731248
-0.5126904677731248
-0.5126904677731248
-0.5126904677731248
-0.5126904677731248
-0.5126904677731248
-0.5126904677731248
-0.46413373065605
0.5126904677731248
0.5126904677731248
0.5126904677731248
0.5126904677731295
0.5126904677731248
0.5126904677731248
0.5126904677731248
0.5126904677731248
0.5126904677731248
0.5126904677731248
0.5126904677731248
0.5126904677731248
0.5126904677731248
0.5126904677731248
0.5126904677731248
0.5126904677731248
0.5126904677731248
0.5126904677731248
0.5126904677731248
0.46622540403369744
0.5126904677731248
-0.5126904677731248
-0.5106997049425288
0.0
