0.0
-0.03957370045131725
-0.0791474009026345
-0.11872110135395175
-0.0791474009026345
-0.11872110135395175
-0.0791474009026345
-0.03957370045131725
-0.0791474009026345
-0.03957370045131725
-0.0791474009026345
-0.11872110135395175
-0.158294801805269
-0.11872110135395175
-0.0791474009026345
-0.11872110135395175
-0.0791474009026345
-0.11872110135395175
-0.0791474009026345
-0.03957370045131725
0.0
0.03957370045131725
0.0791474009026345
0.11872110135395175
0.158294801805269
0.19786850225658625
0.158294801805269
0.11872110135395175
0.158294801805269
0.19786850225658625
0.2374422027079035
0.27701590315922076
0.316589603610538
0.35616330406185526
0.3957370045131725
0.43531070496448976
0.474884405415807
0.5144581058671243
0.5540318063184415
0.5936055067697588
0.633179207221076
0.6727529076723933
0.7123266081237105
0.7519003085750278
0.791474009026345
0.8310477094776623
0.8706214099289795
0.9058159965325556
0.8662422960812384
0.8266685956299211
0.7870948951786039
0.7475211947272862
0.7079474942759689
0.6683737938246517
0.6288000933733344
0.5892263929220172
0.5496526924706999
0.5100789920193827
0.4705052915680654
0.43093159111674817
0.3913578906654309
0.35178419021411367
0.3122104897627964
0.27263678931147917
0.23306308886016192
0.19348938840884466
0.15391568795752741
0.11853700337873319
0.07896330292741593
0.039389602476098684
0.0
