0.0
0.3998434126605223
0.39984341266052226
0.3998434126605218
0.39984341266052187
0.3998434126605218
0.39984341266052187
0.3998434126605223
0.39984341266052226
0.3998434126605223
0.39984341266052137
0.39984341266052187
0.3998434126605234
0.3998434126605235
0.39984341266052276
0.3998434126605227
0.39984341266052276
0.3998434126605227
0.39984341266052276
0.0
-0.3998434126605215
-0.3998434126605214
-0.39984341266052226
-0.3998434126605227
-0.3998434126605234
-0.39984341266052337
-0.39984341266052337
-0.39979121415578917
-0.3998956029905333
-0.3998956029905326
-0.3998956029905332
-0.3998956029905331
-0.3998956029905329
-0.39989560299053395
-0.39989560299053234
-0.3998956029905324
-0.39989560299053317
-0.39989560299053273
-0.3998956029905325
-0.3998956029905336
-0.39989560299053406
-0.3998956029905323
-0.3998956029905324
-0.39989560299053273
-0.39989560299053284
-0.39989560299053306
-0.39989650856029313
-0.399911066338089
-0.39989560299053306
-0.3998956029905326
-0.39989560299053284
-0.3998956029905332
-0.3998956029905332
-0.3998956029905336
-0.39989560299053273
-0.39989560299053245
-0.3998956029905336
-0.3998956029905339
-0.3998956029905318
-0.39989560299053306
-0.39989560299053445
-0.3998956029905316
-0.3998956029905321
-0.39989560299053284
-0.39989560299053284
-0.3998956029905339
-0.399896436065717
0.0
0.3998956029905339
0.39896592239224055
0.0
