6.0
6.2
6.399843412660522
6.599217308498559
6.797809493235002
6.997183389073038
7.195775573809482
7.395149469647518
7.59499288230804
7.794366778146077
7.994210190806599
8.193584086644634
8.392176271381079
8.58967577479744
8.788267959533885
8.98764185537192
9.186234040108365
9.385607935946402
9.584200120682846
9.783574016520882
9.58373060386036
9.38373060386036
9.183887191199839
8.984513295361802
8.785921110625358
8.588421607208996
8.3923240443306
8.194824540914238
7.996752846523357
7.799928625869156
7.604660080762208
7.41125297702213
7.220010165687035
7.031231108787132
6.845211410425115
6.662242353897555
6.482610445582134
6.306596966304939
6.134477530890293
5.966521656582836
5.802992341017643
5.644145650399226
5.490230318534273
5.341487357346
5.198149679479992
5.060441733592491
4.92857915289221
4.802749318289624
4.676259033666317
4.543739291720376
4.405397601590001
4.261450588847152
4.112123656289345
3.957650630987395
3.798273398141834
3.634241522321309
3.465811856676064
3.293248140738423
3.1168205874400794
2.9368054599928506
2.7534846392954595
2.567145182543751
2.3780788737354497
2.186581766773365
1.9929537218824702
1.7974979360667405
1.6005204683410428
1.402332343627136
1.6013449897279415
1.8009818791030279
2.0000000000000018
