3.0
3.0
2.9920873255977267
2.9762743670395087
2.9525858854164446
2.9367729268582266
2.9130844452351625
2.8972714866769445
2.889358812274671
2.873545853716453
2.86563317931418
2.8498202207559618
2.8261317391328977
2.794604827608124
2.77091634598506
2.755103387426842
2.7314149058037778
2.7156019472455597
2.6919134656224957
2.6761005070642776
2.684013181466551
2.684013181466551
2.6761005070642776
2.6602875485060595
2.6365990668829955
2.6050721553582217
2.5657561810837146
2.534229269558941
2.506617969437359
2.471191903085798
2.428006543239038
2.377129512703108
2.3186404784665293
2.2526310269518994
2.1792045206031494
2.098475936033043
2.010571683984356
1.9156294113866605
1.8137977858186565
1.7052362627135693
1.5901148356721249
1.468613770274098
1.340923321805233
1.207243437341554
1.0677834426575614
0.9227617144485658
0.7724053383804368
0.6169646620750799
0.4620615055249524
0.31228401052700505
0.16786670967579242
0.02903574218046323
-0.1039915002406091
-0.23100671376773718
-0.35181100865732606
-0.466215220678031
-0.5740402073180002
-0.6751171282993607
-0.7692877099607212
-0.8564044930936867
-0.9363310638453104
-1.0089422673249167
-1.0741244035808135
-1.1317754056400222
-1.1818049993322366
-1.224134844647741
-1.2586986584079525
-1.2854644021514794
-1.2657477415509972
-1.2539201292003024
-1.2499999999999978
