0.0
0.002083342885777606
0.004166685771555434
0.00625002865733304
0.008333371543110868
0.010416714428888474
0.012500057314666302
0.014583400200443908
0.016666743086221736
0.018750085971999342
0.020833428857776948
0.035416800360632994
0.05000017186348904
0.06458354336634509
0.07916691486920113
0.09375028637205718
0.10833350957164295
0.12291688107449919
0.137500252577355
0.15208362408021123
0.16666699558306725
0.2041669339060647
0.24166700066888275
0.27916706743170083
0.31666684044309024
0.3541669072059083
0.39166697396872635
0.42916683894847774
0.466666905711296
0.5041669328456606
0.5416669996084791
0.6029468846098703
0.6642267561040776
0.7255064060252001
0.7867862910265913
0.8480659842280069
0.9093458578214366
0.9706257428228275
1.031905497034646
1.0931853820360367
1.154465170957221
1.2326816280159085
1.3108981613968997
1.3891146725231405
1.4673311559305264
1.5455476618817923
1.6237641952627835
1.7019807278514623
1.7801972551191998
1.8584137873598883
1.9366303207092104
2.021340565815323
2.1060508086221383
2.190761041391607
2.2754712603518823
2.3601814766330387
2.4448917217391513
2.5296019615731082
2.6143121355560552
2.6990222470168383
2.7837323311464823
2.8665892491511307
2.9494462634282566
3.032303176045901
3.115159899484653
3.198016531214509
3.2808732418008146
3.36373025607794
3.446587240292141
3.5294438102155485
3.6123001242954955
3.6878496251116464
3.763399694799563
3.8389495581442588
3.914498740936748
3.9900479745364574
4.065598044224376
4.1411479299564125
4.216696824085229
4.29224566281216
4.367795663454214
4.432853135827629
4.497909155316367
4.562966627689779
4.628023943632981
4.693079705620048
4.758137177993459
4.823194288497548
4.888249777056344
4.9533072494297565
5.018364188051249
5.0714352429978025
5.124507895055245
5.17757853132684
5.230651183384282
5.283721797522929
5.336794449580371
5.389865534676581
5.442938186734023
5.496010330695514
5.549081993818378
5.589872990551703
5.630663987285023
5.67145341117613
5.712244407909452
5.7530334329914865
5.7938244297248085
5.8346154264581305
5.875406066489091
5.916197063222413
5.956985741593846
5.985984975965373
6.014984210336895
6.04398177259773
6.072981006969254
6.101980241340778
6.130979404818878
6.159978639190401
6.188977873561923
6.217977107933446
6.2469745641456385
6.26514271908926
6.283310874032879
6.301479028976497
6.319647183920117
6.337814137977006
6.355982292920625
6.374150447864242
6.392318602807862
6.41048675775148
6.428654728594963
6.43719709385345
6.445739459111935
6.45428182437042
6.462824189628906
6.471366554887391
6.479908920145877
6.488451285404361
6.496993650662846
6.505536015921331
6.514078381179816
6.515465501350469
6.516852621521119
6.51823974169177
6.519626861862421
6.521013982033071
6.522401102203722
6.523788222374372
6.525175342545023
6.526562462715674
6.5279495752105765
6.530032822044785
6.5321160688789925
6.534199315713201
6.5362825625474095
6.538365809381617
6.5404490562158255
6.5425323030500335
6.5446155498842415
6.546698796718449
6.548782043552658
6.56336499257527
6.577947941597883
6.5925308906204965
6.607113839643109
6.621696788665722
6.636278934946538
6.65086188396915
6.6654448329917635
6.680027782014378
6.694610731036989
6.730042879932949
6.76547550177818
6.800908123623411
6.836339384177228
6.871772006022459
6.907204627867691
6.942635562175668
6.9780681840208985
7.013500805866131
7.048931962622643
7.096947667368883
7.14496142581774
7.192977130563977
7.240991160135242
7.289006864881481
7.337021209596376
7.385036914342616
7.433051605740186
7.481067310486425
7.529082369436972
7.57916511166888
7.62924720813094
7.679329950362849
7.729412066099522
7.77949480833143
7.8295769558154635
7.879659698047371
7.929741886851885
7.979824629083794
8.029906866074404
8.079722104796287
8.129536915933405
8.17935215465529
8.22916704059716
8.278982279319045
8.328797236553273
8.378612475275157
8.428427499191072
8.478242737912955
8.528057822889282
8.57817082430162
8.628283708921165
8.678396710333503
8.728509628651087
8.778622630063426
8.828735577880993
8.878848579293331
8.928961551802384
8.979074553214723
9.029187545246337
9.079187847562245
9.129188149878152
9.179188444564886
9.229188746880794
9.279189031795418
9.329189334111327
9.379189615308572
9.429189917624479
9.479190199630272
9.529190501946179
9.579163528755904
9.629136572100252
9.679109604063465
9.729082647407813
9.779055684665861
9.82902872801021
9.879001769412442
9.92897481275679
9.978947856064975
10.028920899409323
10.078928226871108
10.128935555572205
10.178942878089064
10.228950206790161
10.278957520204232
10.32896484890533
10.378972148829437
10.428979477530534
10.478986759532727
10.528994088233825
10.57901597589072
10.629037932453652
10.679059794150357
10.729081750713288
10.779103583386274
10.829125539949207
10.879147341778914
10.929169298341847
10.979191069467628
11.029213026030561
11.079196651149738
11.129180489230682
11.17916409299553
11.229147931076474
11.279131526675274
11.329115364756218
11.379098974183114
11.429082812264058
11.479066469749377
11.529050307830321
11.579041058145943
11.629031803947305
11.679022635942905
11.729013163897068
11.779003995892667
11.82899426769646
11.878985099692061
11.928975090256294
11.978965922251893
12.028955627900636
12.07871763925658
12.128478280164282
12.178240291520225
12.228000736885305
12.277762748241248
12.32752309503113
12.377285106387074
12.427045508676946
12.476807520032887
12.526568200068013
12.574319711199148
12.622070194426815
12.669821705557949
12.717572345033904
12.76532385616504
12.813074742334251
12.860826253465385
12.908577491937768
12.95632881754646
13.004080328677594
13.047117821542145
13.09015486616602
13.133192359030568
13.17622790390662
13.219265396771169
13.26229998610938
13.305337478973929
13.348371794464713
13.391409287329262
13.434444172879799
13.470713659806542
13.506983146733283
13.543250228177444
13.579519715104185
13.615787917556803
13.652057404483545
13.688326891410286
13.72459318883615
13.760862675762892
13.797132162689632
13.825330703230335
13.853530540416624
13.881730377602914
13.909927619317473
13.938127456503763
13.966327293690052
13.994526706184654
14.022726543370943
14.050926380557232
14.079126217743521
14.09842913393067
14.117733586641558
14.137038039352444
14.156342492063331
14.175646944774218
14.194950176666335
14.214254629377221
14.233559082088108
14.252863534798996
14.272167987509881
14.282011812112584
14.291855057635095
14.301698882237798
14.3115427068405
14.321386531443203
14.331230356045905
14.341074180648608
14.35091800525131
14.360761829854013
14.370605654456714
14.372258512047964
14.373911369639215
14.375564227230464
14.377217084821714
14.378869942412964
14.380522800004213
14.382175657595463
14.383828515186712
14.385481372777962
14.387134233892896
14.388004870350665
14.388875506808436
14.389746143266205
14.390616779723976
14.391487416181745
14.392358052639514
14.393228689097283
14.394099325555052
14.394969962012821
14.39584059847059
14.40070336803952
14.40556613760845
14.41042890717738
14.41529167674631
14.42015444631524
14.425017215884168
14.429879985453098
14.434742755022029
14.439605524590958
14.444468294159886
14.452474779958496
14.460481265757107
14.468487751555717
14.476494237354327
14.484500380588607
14.492506866387217
14.500513352185827
14.508519837984437
14.516526323783047
14.524532809581657
14.53402392478413
14.543515039986602
14.553006155189074
14.562497270391546
14.571988084516336
14.581479199718808
14.59097031492128
14.600461430123753
14.609952545326225
14.619443660528697
14.629215814275412
14.638987968022127
14.648760121768841
14.658532275515556
14.668303957550503
14.678076111297218
14.687848265043932
14.697620418790647
14.707392572537362
14.717164726284077
14.726399700423602
14.735634674563128
14.744869648702654
14.754104508006455
14.763339482145982
14.772574456285508
14.781809430425035
14.79104440456456
14.800279378704086
14.809514352843612
14.817706019691233
14.825897686538852
14.834089353386473
14.842281020234092
14.850472287331593
14.858663954179212
14.866855621026831
14.87504728787445
14.88323895472207
14.89143062156969
14.898315003099015
14.90519938462834
14.912083766157664
14.918968147686991
14.925852529216316
14.932736910745641
14.939620934795379
14.946505316324705
14.95338969785403
14.960274079383357
14.965766832141862
14.971259584900364
14.97675233765887
14.982245090417372
14.987737843175877
14.993230595934381
14.998723348692884
15.004216101451389
15.009708854209894
15.015201606968397
15.01934512999605
15.023488653023705
15.027632176051359
15.031775567024795
15.035919090052449
15.040062613080103
15.044206136107757
15.048349659135411
15.052493182163065
15.05663670519072
15.059557658109348
15.062478611027977
15.065399563946606
15.068320516865235
15.071241469783864
15.074162422702493
15.077083375621122
15.08000432853975
15.08292528145838
15.085846234377009
15.087723246856031
15.089600259335054
15.091477271814076
15.093354284293099
15.095231296772122
15.097108309251144
15.098985321730167
15.10086233420919
15.102739346688212
15.104616359167235
15.105657037097593
15.10669771502795
15.107738392958307
15.108779070888664
15.109819748819021
15.110860426749378
15.111901104679735
15.112941782610092
15.113982460540448
15.115023138470805
15.115449058999873
15.115874979528941
15.11630090005801
15.116726820587077
15.117152741116145
15.117578661645213
15.118004582174281
15.11843050270335
15.118856423232417
15.119282343761485
15.119347008477778
15.11941167319407
15.119476337910363
15.119541002626656
15.119605667342949
15.11967033205924
15.119734996775533
15.119799661491825
15.119864326208116
