-0.026805946144772025
-0.02686062665111154
-0.026915307157451062
-0.026969987663790582
-0.027024668170130103
-0.027079348676469623
-0.02713402918280914
-0.027188709689148664
-0.02724339019548818
-0.0272980707018277
-0.02735275120816722
-0.02773551399933197
-0.028118276790496718
-0.02850103958166146
-0.02888380237282621
-0.029266565163990958
-0.02956208528804561
-0.029792178986561932
-0.030022272685078247
-0.03025236638359457
-0.03048246008211089
-0.031044638074434115
-0.03135397810437832
-0.03166331813432252
-0.031883874444757765
-0.03198412006611043
-0.03208436568746309
-0.03206746961254051
-0.03200908167624617
-0.03194502282351968
-0.031763823571205094
-0.03146772091585767
-0.03101524302510797
-0.030518725442150754
-0.02993805635331458
-0.02917380482060964
-0.028320140392164992
-0.02735804277414209
-0.02635724556659035
-0.02528542450061351
-0.024138349859255403
-0.022598048086479125
-0.020949930344627166
-0.019171837568652324
-0.01729576291835881
-0.015321278496329969
-0.013246221552584652
-0.009570881176131698
-0.005885573271261327
-0.0022069531792799657
0.0014671589138061318
0.005445139146701093
0.009427350823804137
0.013417443852681198
0.017418993674362396
0.021435556287465164
0.02547123190804138
0.029535999101939884
0.0336286590963335
0.037752518755522865
0.04191082591277415
0.046014003145277045
0.0501612846103731
0.05435790355120674
0.058599834798779685
0.06288932569737785
0.06722849961169772
0.0716203338066634
0.0760805193962848
0.08059623747871072
0.08516836894611438
0.0893849571160586
0.09365048273555829
0.09797748375269455
0.10234775726469059
0.10676060127705732
0.11121765295386969
0.11572957475337226
0.12027350070236101
0.12484669459246485
0.1294464790262648
0.13343298139191792
0.13742775324694095
0.14143105509852955
0.1454404314572234
0.14944724284830052
0.15345086135745292
0.15743581012415103
0.16140432108948605
0.16535320803283354
0.16491592515957032
0.1642537870092104
0.1634693381595512
0.1626016101180973
0.16163616386076962
0.160555099803593
0.1594033605466026
0.1581023078685354
0.15675973109549685
0.15523335114905185
0.1536750576171596
0.15234203397130347
0.15100901032544745
0.1495615398374402
0.14807556229531843
0.14686923398016402
0.146171235945208
0.14547323791025196
0.1445185677498957
0.1435528401761731
0.14240636793899752
0.14148975709053568
0.14057314624207395
0.13954305629409827
0.13834437616401127
0.1371456960339243
0.13594352137966317
0.13439295475544286
0.13284238813122254
0.13129182150700222
0.12946928993103385
0.12821698307324547
0.12696467621545723
0.12571236935766905
0.12446006249988084
0.12301848805913364
0.12139904170841143
0.11977959535768934
0.11816014900696714
0.11654070265624497
0.11490203150775584
0.11390769901599541
0.11291336652423531
0.1119190340324752
0.1109247015407151
0.109930369048955
0.10893603655719489
0.1079417040654348
0.10694737157367468
0.10595303908191459
0.10495870659015447
0.10479724561138336
0.10463578463261243
0.10447432365384152
0.1043128626750706
0.10415140169629969
0.10398994071752878
0.10382847973875785
0.10366701875998693
0.10350555778121602
-0.08521888997497577
-0.08540999781829674
-0.0856011056616177
-0.08579221350493865
-0.08598332134825962
-0.08617442919158058
-0.08636553703490152
-0.08655664487822247
-0.08674775272154343
-0.08693886056486438
-0.08712996840818535
-0.08846774360179571
-0.08980551879540609
-0.09114329398901647
-0.09248106918262683
-0.09381884437623719
-0.09494955493249593
-0.0959265373513426
-0.0969035197701893
-0.09788050218903596
-0.09885748460788266
-0.101188141307079
-0.10291939393307925
-0.10465064655907949
-0.10625737302160641
-0.10750282158731853
-0.1087482701530306
-0.10982379776024986
-0.11069065741170826
-0.11155751706316665
-0.11223221995024446
-0.11300230323659383
-0.11364083651429062
-0.11408665808434079
-0.11444381197149239
-0.11462629926348672
-0.11491481136218432
-0.11549384023308494
-0.11604219168277319
-0.11646562178663773
-0.11687006590444349
-0.11715406961716951
-0.1174177895485896
-0.11754898461167892
-0.11765903454759503
-0.1176424725381388
-0.11760429917503525
-0.11744488632514655
-0.11726378321354891
-0.11696629377832701
-0.11664739050126925
-0.11621868506759626
-0.11534877588660578
-0.11200221399720231
-0.10865851145527698
-0.10533258952028451
-0.10200958677897728
-0.09870735298978996
-0.09540787990797434
-0.09213184798776493
-0.08885838281263768
-0.08559314062841011
-0.08233013939276904
-0.07909524561843834
-0.07586215154970664
-0.07265675662384624
-0.06945265228288772
-0.06627518240430023
-0.06309847578145159
-0.05994671414339715
-0.056795220319479735
-0.053673416977650525
-0.05055161363582131
-0.04744916298610506
-0.044346948294285975
-0.041260017501972154
-0.03817366902640165
-0.035098350438699584
-0.03202376011671989
-0.02895584496108805
-0.02588856920167374
-0.022825254278830295
-0.019762230458952527
-0.016697140922347344
-0.013631718345485709
-0.010559954025148236
-0.007486945756651549
-0.004403425893646601
-0.001317473855751115
0.0017830393630791058
0.004887428019693132
0.008012452432570703
0.011143015181832559
0.014295946244858627
0.017456208854059626
0.02064262890574728
0.02383826755254242
0.027063809907770922
0.03030047767245948
0.033570789482081434
0.036854067849937486
0.040175740945154255
0.043512060797725405
0.046889700602583906
0.05028336994712672
0.05372236265889168
0.057178390480222184
0.060683888936415034
0.0642069435833995
0.06778376926758847
0.07137808569603467
0.07502781481003205
0.07869429278622427
0.0824233252859243
0.08616773787222472
0.0899790855629348
0.09380366651416683
0.0976991076273562
0.10160481820408813
0.10558169093258177
0.10956489625415712
0.1136225036316587
0.1176844689981322
0.12181776272369818
0.12595745500620043
0.13015970304727728
0.13437225366930855
0.13863719467558638
0.142915325699521
0.14723466386178302
0.1515683560895724
0.15591160262838927
0.16026750261703399
0.1646415481415473
0.16902311421165717
0.17341222451297372
0.1777995914194591
0.18218576408194467
0.18655557941184023
0.1909181571310451
0.19524330326796024
0.19938462021905493
0.2034300605689806
0.20746011332439532
0.21132777364807095
0.21517655846878872
0.21878814121550189
0.22238285207393774
0.2215205043799252
0.22053510394045026
0.21927528586923256
0.218139836750109
0.21675685270596684
0.21536277868618936
0.2137612954018484
0.212103441153901
0.21028179199715397
0.20835727791360883
0.20631233296441584
0.20411389211634134
0.20184340796689776
0.19975812810081073
0.19767284823472375
0.19542235065779023
0.1931070033975481
0.19093323325266623
0.1898177630736082
0.18870229289455023
0.18741650013490488
0.18596529921076155
0.1845140982866183
0.18312358709163765
0.18168706683159958
0.1802505465715615
0.17864515618532179
0.1768393811475146
0.17503360610970745
0.17320910619195842
0.17095281547167956
0.16869652475140068
0.16644023403112185
0.16474709801182524
0.1628453852303131
0.160943672448801
0.15904195966728887
0.15714024688577677
0.15509142778323243
0.15276282715104167
0.15043422651885086
0.14810562588666012
0.14577702525446934
0.14458961338963564
0.14327327267620332
0.1418147676002337
0.14035626252426409
0.1388977574482945
0.1374392523723249
0.1359807472963553
0.1345222422203857
0.1330637371444161
0.13160523206844676
0.13136033729593827
0.13111544252342963
0.13087054775092113
0.13062565297841264
0.13038075820590414
0.13013586343339564
0.12989096866088717
0.12964607388837868
0.12940117911587018
0.0
0.0
0.0
0.0
0.0
0.0
0.0
0.0
0.0
0.0
0.0
0.0
0.0
0.0
0.0
0.0
0.0
0.0
0.0
0.0
0.0
0.0
0.0
0.0
0.0
0.0
0.0
0.0
0.0
0.0
0.0
0.0
0.0
0.0
0.0
0.0
0.0
0.0
0.0
0.0
0.0
0.0
0.0
0.0
0.0
0.0
0.0
0.0
0.0
0.0
0.0
0.0
0.0
0.0
0.0
0.0
0.0
0.0
0.0
0.0
0.0
0.0
0.0
0.0
0.0
0.0
0.0
0.0
0.0
0.0
0.0
0.0
0.0
0.0
0.0
0.0
0.0
0.0
0.0
0.0
0.0
0.0
0.0
0.0
0.0
0.0
0.0
0.0
0.0
0.0
0.0
0.0
0.0
0.0
0.0
0.0
0.0
0.0
0.0
0.0
0.0
0.0
0.0
0.0
0.0
0.0
0.0
0.0
0.0
0.0
0.0
0.0
0.0
0.0
0.0
0.0
0.0
0.0
0.0
0.0
0.0
0.0
0.0
0.0
0.0
0.0
0.0
0.0
0.0
0.0
0.0
0.0
0.0
0.0
0.0
0.0
0.0
0.0
0.0
0.0
0.0
0.0
0.0
0.0
0.0
0.0
0.0
0.0
0.0
0.0
