0.0
0.16379781134931837
0.6240683736835277
1.2594921109660242
1.9173191402681744
2.515921627494084
3.044534282256627
3.5278649889692013
3.996612275209823
4.475941392503442
4.985311018721676
5.536398515473928
6.11919827406833
6.679226367671286
7.107519781823079
7.275915697936741
7.430588195537632
7.852834183436039
8.415407575318854
9.005156549898665
9.56226930929498
10.072033512430455
10.545422765529592
11.00753140340903
11.488696298072588
12.011766687721634
12.58357458137521
13.19651618351181
13.831327962313415
14.470783490425593
15.06652794104096
15.437285309801009
15.452255567773815
15.754480674615431
15.94699478109041
