-0.011323341344539583
-0.01837488833779965
-0.022271721503474187
-0.026016496504789075
-0.0326297414825884
-0.03877752013787308
-0.04041614698573931
-0.030610670057567027
-0.0038943998970954303
0.04539333315939772
0.11781918577721194
0.19781593518954754
0.1978676804398773
0.19786449464162698
0.06066358819312814
-0.06066602071452548
-0.1978675262582414
-0.1978681629112521
-0.1978681459185001
-0.19786806250243583
-0.19786771440647932
-0.13540732044977746
-0.009106878852641706
0.11488738204355746
0.19786810173280303
0.1978683310434884
0.19786839891746008
0.19786843097512913
0.1978684483702755
0.1978684550230571
0.19786802721888652
0.06066485349668177
-0.0606653621225846
-0.19786830267967517
0.0
