0.0
0.0020833331859099265
0.004166666463519612
0.006249999741129298
0.008333333018738983
0.010416666296348668
0.012499999573958353
0.014583332851568038
0.016666666129177724
0.01874999940678741
0.020833332684397094
0.03541666598173766
0.04999999927907823
0.0645833325764188
0.07916666587375937
0.09374999917109994
0.10833329790620672
0.12291663120354714
0.13749996450088778
0.1520832977982284
0.16666663109556903
0.2041665977129517
0.24166659772401855
0.2791665977350856
0.31666652099970505
0.35416652101077223
0.39166652102183896
0.4291664721945198
0.4666664722055869
0.5041664481385728
0.54166644814964
0.6029255056895386
0.6641845822901362
0.7254435730012273
0.7867026496018247
0.8479616731831296
0.9092207126393619
0.9704797892399591
1.031738800575373
1.0929978771759703
1.154256932161175
1.2323573467316573
1.3104577962142048
1.3885582690829412
1.4666587203843067
1.544759162123535
1.622859613669816
1.7009600865385524
1.7790605590000783
1.8571610207202067
1.9352614854538095
2.0197796130928354
2.1042977442282096
2.1888158754056284
2.2733340065222274
2.35785213727862
2.442370265612591
2.5268883903685917
2.611406519344084
2.695924650521503
2.7804427675701637
2.863070398133624
2.945698009329179
3.0283256300626316
3.1109532976778533
3.1935809486494806
3.2762085047780647
3.3588359891965704
3.44146346948758
3.5240910735582367
3.606718741173459
3.6820306900432938
3.757342444595047
3.832654375682768
3.907966516642296
3.983278287240603
4.058589855359726
4.133901701607914
4.209213842567442
4.284525349646369
4.359836472303075
4.424667610086867
4.489498566606923
4.554328577820333
4.619159715604124
4.683990208554996
4.748820016216221
4.813651154000012
4.8784810968424095
4.943310802086571
5.008141939870362
5.061011788481296
5.113883185301532
5.166753136001417
5.21962453282165
5.27249504516831
5.32536628379189
5.378237680612124
5.431107709239773
5.4839791060600085
5.536848196131543
5.57747152226042
5.618094848389295
5.658717578485304
5.6993409046141785
5.739961479918316
5.78058480604719
5.821207196515885
5.861830522644759
5.902453848773634
5.9430742768199085
5.971944481182548
6.0008146855451825
6.0296825185904686
6.058552722953104
6.08742292731574
6.1162922501925046
6.145162454555141
6.174032658917777
6.202902863280412
6.231770564143182
6.249851217514735
6.267931870886284
6.286012524257831
6.3040931776293805
6.322171946459332
6.340252599830881
6.358333253202429
6.376413906573979
6.394494559945527
6.412574752013435
6.421072853913126
6.429570955812813
6.438069057712501
6.446567159612187
6.455065261511876
6.463563363411564
6.472061465311251
6.480559567210938
6.489057669110625
6.497555771010313
6.498935480476821
6.500315189943328
6.501694899409835
6.503074608876342
6.504454318342848
6.505834027809355
6.507213737275862
6.508593446742369
6.511355326594633
6.5134385753681645
6.515521824141695
6.5176050729152255
6.519688321688756
6.521771570462287
6.523854819235817
6.525938068009349
6.52802131678288
6.53010456555641
6.532187814329941
6.546770767928325
6.56135372152671
6.575936675125094
6.590519628723478
6.605102582321862
6.619684055599554
6.634267009197939
6.648849962796322
6.663432916394707
6.678015869993091
6.713447730363962
6.748880614150686
6.784313497937412
6.8197436708761785
6.855176554662904
6.89060943844963
6.926039208922612
6.961472092709338
6.9969049764960625
7.032335620872378
7.080352866903878
7.128366554781684
7.176383800813186
7.224397859417765
7.272415105449266
7.320429563414848
7.368446809446349
7.416461680072646
7.464478926104146
7.512494310307137
7.562578511323504
7.612660832289098
7.662745033305464
7.712827510148776
7.7629117111651444
7.812994367577568
7.863078568593935
7.91316141436215
7.963245615378518
8.013328732464686
8.06314196845556
8.112954226004456
8.16276746199533
8.212579887227491
8.262393123218365
8.312205699302186
8.36201893529306
8.411831645289308
8.461644881280181
8.511457756398404
8.561573217207998
8.61168836680084
8.661803827610433
8.711919061770992
8.762034522580587
8.812149826759603
8.862265287569196
8.912380647840205
8.962496108649798
9.012611528580916
9.062612048261668
9.11261254075787
9.162613060438623
9.212613571637819
9.262614091318571
9.312614610513872
9.362615130194625
9.412615647853233
9.462616167533985
9.512616675054353
9.562589959354654
9.61256321528522
9.66253649958552
9.712509733532297
9.762483017832595
9.8124562256865
9.862429509986798
9.912402688713602
9.962375973013902
10.012349143362338
10.062355039224743
10.112360763731097
10.162366659593504
10.212372347095112
10.262378242957519
10.3123838899608
10.362389785823206
10.412395387636092
10.462401283498497
10.512406870225917
10.562431526738646
10.612455777134322
10.662480433647051
10.712504613519567
10.762529270032296
10.812553368087391
10.86257802460012
10.912602028815888
10.962626685328617
11.01265064432672
11.06264130792851
11.112631099373365
11.162621762975155
11.212611431694024
11.262602095295813
11.312591636794783
11.362582300396573
11.41257171583039
11.46256237943218
11.512551768363123
11.562520428051966
11.612487622271969
11.66245628196081
11.712423402797755
11.7623920624866
11.812359148299707
11.862327807988551
11.912294909722272
11.962263569411116
12.012230838402507
12.062121954463658
12.112011743444555
12.161902859505705
12.211792876928289
12.26168399298944
12.311574332783964
12.361465448845113
12.411356214417978
12.461247161877722
12.511138277938871
12.559359805491688
12.6075817842192
12.65580329648942
12.704025275216932
12.75224677100766
12.800468749735172
12.848690231346778
12.896912210074289
12.94513370968345
12.993355688410961
13.037108174270518
13.08086034299783
13.124612828857387
13.168363722559402
13.212116208418959
13.2558665410904
13.299619026949957
13.343369570209264
13.38712205606882
13.430873687324013
13.467951601558948
13.50502951579388
13.54210553879512
13.579183453030053
13.616261367264986
13.65333853429718
13.690416448532112
13.727492892924067
13.764570807159
13.801648721393933
13.830617696183733
13.859588175639296
13.888558655094858
13.917528493447096
13.946498972902658
13.97546945235822
14.004439931813783
14.03340921475341
14.062379694208973
14.091350173664535
14.111270195447014
14.13119026531589
14.151110335184766
14.171030405053642
14.190950474922518
14.210870403085611
14.230790472954487
14.250710542823363
14.270630612692239
14.290550682561115
14.300746195752554
14.310941477938888
14.321136991130327
14.331332504321766
14.341528017513205
14.351723530704643
14.361919043896082
14.37211455708752
14.382310070278958
14.392505583470395
14.394219963356619
14.39593434324284
14.397648723129064
14.399363103015286
14.40107748290151
14.402791862787732
14.404506242673955
14.406220622560177
14.407935002446399
14.409654740016288
14.410525379895686
14.411396019775085
14.412266659654483
14.413137299533881
14.41400793941328
14.414878579292678
14.415749219172076
14.416619859051474
14.417490498930873
14.41836113881027
14.423223927490234
14.428086716170197
14.43294950485016
14.437812293530124
14.442675082210087
14.44753787089005
14.452400659570014
14.457263448249977
14.46212623692994
14.466989025609903
14.474995542874645
14.483002060139386
14.491008577404127
14.499015094668868
14.507021282171577
14.515027799436318
14.52303431670106
14.5310408339658
14.539047351230542
14.547053868495283
14.556545020998664
14.566036173502045
14.575527326005426
14.585018478508808
14.594509319623421
14.604000472126803
14.613491624630184
14.622982777133565
14.632473929636946
14.641965082140327
14.651737274292518
14.66150946644471
14.6712816585969
14.681053850749091
14.690825566477473
14.700597758629662
14.710369950781853
14.720142142934042
14.729914335086233
14.739686527238424
14.748921537672269
14.758156548106113
14.767391558539957
14.776626452971819
14.785861463405663
14.795096473839507
14.804331484273352
14.813566494707196
14.82280150514104
14.832036515574885
14.840228214616433
14.848419913657981
14.85661161269953
14.864803311741078
14.87299461458216
14.881186313623708
14.889378012665256
14.897569711706804
14.905761410748353
14.913953109789901
14.920837518375219
14.927721926960537
14.934606335545855
14.941490744131173
14.94837515271649
14.955259561301808
14.962143610624352
14.96902801920967
14.975912427794988
14.982796836380306
14.988289610725419
14.99378238507053
14.99927515941564
15.004767933760752
15.010260708105863
15.015753482450974
15.021246256796084
15.026739031141195
15.032231805486306
15.037724579831417
15.041868119143153
15.046011658454889
15.050155197766625
15.054298606576422
15.058442145888158
15.062585685199894
15.06672922451163
15.070872763823365
15.0750163031351
15.079159842446836
15.082080806845141
15.085001771243446
15.087922735641751
15.090843700040056
15.09376466443836
15.096685628836665
15.09960659323497
15.102527557633275
15.10544852203158
15.108369486429885
15.110246506286218
15.112123526142552
15.114000545998886
15.115877565855218
15.117754585711552
15.119631605567886
15.12150862542422
15.123385645280553
15.125262665136887
15.127139684993221
15.128180367013512
15.129221049033802
15.130261731054091
15.13130241307438
15.13234309509467
15.133383777114961
15.13442445913525
15.13546514115554
15.136505823175831
15.137546505196122
15.137972427396976
15.13839834959783
15.138824271798685
15.139250193999539
15.139676116200393
15.140102038401247
15.140527960602101
15.140953882802956
15.14137980500381
15.141805727204664
15.141870392176862
15.14193505714906
15.141999722121259
15.142064387093457
15.142129052065656
15.142193717037854
15.142258382010052
15.14232304698225
15.142387711954449
