-0.01597535056833621
-0.016009700586869364
-0.01604405060691446
-0.016078400626959553
-0.016112750647004653
-0.01614710066704975
-0.016181450687094846
-0.016215800707139943
-0.01625015072718504
-0.01628450074723014
-0.016318850767275232
-0.016559300913428866
-0.0167997510595825
-0.017040201205736134
-0.017280651351889765
-0.0175211014980434
-0.01771844317922082
-0.01788344757526085
-0.018048451971300877
-0.018213456367340907
-0.018378460763380938
-0.01878679112683865
-0.01906826172874845
-0.01934973233065825
-0.019582612379757017
-0.01975521275847496
-0.0199278131371929
-0.020034516017391365
-0.020122753966321672
-0.020203347492717464
-0.020225688331019884
-0.020257323441839354
-0.020199674210834524
-0.020108609050815213
-0.019971376957447176
-0.01982915978462254
-0.019674011403020643
-0.01945586167679999
-0.01919589947399441
-0.018897704961947606
-0.01852892739869502
-0.018003408360240895
-0.017401002442816137
-0.01670193282045803
-0.015905193660421493
-0.01502395271351257
-0.013815558654444306
-0.011900343597744546
-0.009909939956842511
-0.00786175979141996
-0.005752705136075244
-0.0033942653162311594
-0.0009517135331380739
0.001602424855952212
0.004247977793074156
0.0069880532357729785
0.009819744918720258
0.01274366380317447
0.015770473059685097
0.018928445460143238
0.022208307181452076
0.025531727325678787
0.028972143885544997
0.032533607059171306
0.036230227965798625
0.040090958289744225
0.04408754360429982
0.048223758753606405
0.05249910730979689
0.05691052407851543
0.06150329917393829
0.06583896088748628
0.07029843913359565
0.07488394671997552
0.07964007390070114
0.08454322057169193
0.08959013629361262
0.09478841127598041
0.10017335684373847
0.1057186111896064
0.11140225130600423
0.11639659001951158
0.12154868914159016
0.1267801752721586
0.1321165469474093
0.13759516418820722
0.1431504247543342
0.14882054244534187
0.15458387894894232
0.15912550569385617
0.15975054815563147
0.16017915275126943
0.16056234813790238
0.16082244682126262
0.16104432685036182
0.1611066605799379
0.16114572623995818
0.16099238472939426
0.1608077495094327
0.1604415843498678
0.16001941631612407
0.1595844417707741
0.15914946722542417
0.15853069271841916
0.15789955853883353
0.1574829257572336
0.15727154990914533
0.15703373946686103
0.15651367810830513
0.15599361674974924
0.15522145034870055
0.15458029024910025
0.15393913014950006
0.15312758551777592
0.15215390161659148
0.15118021771540702
0.15016683076791673
0.1487614754538356
0.14735612013975452
0.14595076482567343
0.14417560653723452
0.14294708418991087
0.14171856184258735
0.1404900394952639
0.1392615171479404
0.13776501619421017
0.13606981591809122
0.13437461564197237
0.13267941536585343
0.13098421508973454
0.12924768814644874
0.12816338161935031
0.12707907509225236
0.12599476856515432
0.12491046203805634
0.12382615551095827
0.1227418489838602
0.12165754245676225
0.12057323592966418
0.11948892940256624
0.11840462287546816
0.11822858027234412
0.11805253766922033
0.11787649506609653
0.11770045246297274
0.11752440985984904
0.11734836725672525
0.11717232465360143
0.11699628205047764
-0.11066654191989082
-0.11091627841198835
-0.11116601490408591
-0.11141575139618344
-0.11166548788828097
-0.11191522438037851
-0.11216496087247606
-0.11241469736457359
-0.11266443385667113
-0.11291417034876866
-0.1131639068408662
-0.1149120877217838
-0.1166602686027014
-0.118408449483619
-0.12015663036453662
-0.12190481124545421
-0.12336312600567195
-0.12460609312124551
-0.12584906023681905
-0.12709202735239256
-0.12833499446796612
-0.13128489150310968
-0.13338036771555897
-0.1354758439280082
-0.13737482464442777
-0.13877168981623292
-0.14016855498803807
-0.14129167645998292
-0.142136375992589
-0.14298107552519504
-0.14352407986045745
-0.14409855665948582
-0.14444773932980776
-0.1445547567960563
-0.14449624253597418
-0.1442242676272586
-0.14402125283527178
-0.14392508347315175
-0.14372882511687637
-0.14334446816593222
-0.14288869385697872
-0.1422402972494551
-0.14150818668971796
-0.1406019387776973
-0.13960959219379537
-0.13846289628239322
-0.1372293575720013
-0.13585902177953996
-0.13440267178023427
-0.1328250744909806
-0.13117210038908036
-0.12943182804570308
-0.12593355088131325
-0.12027276260318218
-0.11465075375257326
-0.10907566320807299
-0.10355026970770348
-0.09808498653007085
-0.09267451957027774
-0.08733139893794672
-0.08204835302902375
-0.0768098430691403
-0.0716197853989951
-0.06649156350428774
-0.06141579233943097
-0.05640759869119187
-0.051450651736981885
-0.04656116374609388
-0.04172509805314761
-0.0369616491620216
-0.03225299623825584
-0.02763259101470466
-0.02305195547156784
-0.018531428729590935
-0.014050877696906244
-0.009635483644123536
-0.005256512256554955
-0.000941910855504946
0.0033364793970064553
0.007545195914405199
0.011723871110668665
0.0158372095375755
0.01992670422420855
0.02396123750011546
0.027971815951823634
0.031921765981399765
0.035850182847275515
0.039718898817615186
0.043565767566811194
0.047346588561331615
0.05111406276526344
0.054840286787668016
0.05855204610027679
0.062213449921077246
0.06585909962369174
0.0694472620414359
0.07302022470631009
0.07653601909849764
0.08003477633382454
0.08346875160575262
0.08689158111776081
0.09027373066152547
0.09364208198177335
0.09696036507290098
0.10026163319295636
0.10350467422442658
0.10672918424872156
0.1098950925491768
0.11303803487239727
0.116115094899706
0.11917484077775013
0.12218821656813275
0.1251758538212727
0.12810523236288773
0.13100497762978908
0.13384615368980374
0.13665354470454405
0.13940333739609842
0.1421106164239183
0.14475609659681354
0.1473668907925765
0.14993406140167603
0.15244639101951116
0.1549026524434799
0.15730187625368275
0.159653101300265
0.16194017894066673
0.1641836108996439
0.16634889907562672
0.1684721927810965
0.17053065108905685
0.1725593227667635
0.17449235927647383
0.17639650453934932
0.1782036764395256
0.17999077666383703
0.1816727682606179
0.1833419231732346
0.18488960793092635
0.18642956245647127
0.1878743069455926
0.18926365881779636
0.19053558201441573
0.19180087582307037
0.1929570266117958
0.19410664390174873
0.1951502643890004
0.1959943643660116
0.19363561412170388
0.1912708057911908
0.1888085813045363
0.18657457007401115
0.18423066429440033
0.1818822918290083
0.17945973932162856
0.1770129095118269
0.17451680252367963
0.17197931914642267
0.16941458047011865
0.16679471594992468
0.1641691815555231
0.16190707682321254
0.15964497209090214
0.15735104081160495
0.15502717488320575
0.1527033089548066
0.15135323376481555
0.15012364026422492
0.14884068161756642
0.14740450490581927
0.14596832819407216
0.14474716864707013
0.14343219176153277
0.14211721487599538
0.14077326394923848
0.13922993292471098
0.13768660190018348
0.136143270875656
0.13438063398001426
0.13253667304934164
0.130692712118669
0.1294218042813178
0.12789617527338018
0.12637054626544253
0.12484491725750489
0.12331928824956725
0.12178173096731526
0.11991777775674102
0.11805382454616678
0.11618987133559253
0.11432591812501827
0.11337190743772006
0.11238907353971776
0.11119928792340249
0.11000950230708728
0.10881971669077199
0.1076299310744568
0.10644014545814151
0.10525035984182621
0.10406057422551102
0.10287078860919592
0.10267072565098792
0.10247066269278002
0.10227059973457202
0.10207053677636412
0.10187047381815612
0.10167041085994821
0.10147034790174021
0.10127028494353231
0.10107022198532431
0.0
0.0
0.0
0.0
0.0
0.0
0.0
0.0
0.0
0.0
0.0
0.0
0.0
0.0
0.0
0.0
0.0
0.0
0.0
0.0
0.0
0.0
0.0
0.0
0.0
0.0
0.0
0.0
0.0
0.0
0.0
0.0
0.0
0.0
0.0
0.0
0.0
0.0
0.0
0.0
0.0
0.0
0.0
0.0
0.0
0.0
0.0
0.0
0.0
0.0
0.0
0.0
0.0
0.0
0.0
0.0
0.0
0.0
0.0
0.0
0.0
0.0
0.0
0.0
0.0
0.0
0.0
0.0
0.0
0.0
0.0
0.0
0.0
0.0
0.0
0.0
0.0
0.0
0.0
0.0
0.0
0.0
0.0
0.0
0.0
0.0
0.0
0.0
0.0
0.0
0.0
0.0
0.0
0.0
0.0
0.0
0.0
0.0
0.0
0.0
0.0
0.0
0.0
0.0
0.0
0.0
0.0
0.0
0.0
0.0
0.0
0.0
0.0
0.0
0.0
0.0
0.0
0.0
0.0
0.0
0.0
0.0
0.0
0.0
0.0
0.0
0.0
0.0
0.0
0.0
0.0
0.0
0.0
0.0
0.0
0.0
0.0
0.0
0.0
0.0
0.0
0.0
0.0
0.0
0.0
0.0
0.0
0.0
0.0
0.0
