0
-0.2007245536771082
-0.15637299874379945
-0.06876699770220507
0.014924372026398026
0.09125434262343962
0.16567532768227256
0.2024560125147269
0.20479849744937845
0.2068645321221808
0.20816877322396557
0.20903606583380124
0
-0.2073067937470911
-0.20726299405945842
-0.20666856861311045
-0.20523330421262892
-0.20389984218678595
-0.2027019478841028
-0.20125624715295992
-0.09556531533751678
0.10345600364352779
0.20172826419339668
0.20323595647651205
0.2047503362150457
0.20647134328325537
0.2081045704591705
0.20981207803468932
0.21208320236425698
0.21468089658845513
0.21697845758573803
0.21454256004046196
0.20930904419520405
0
-0.11829199114488943
-0.02291543674825227
0
