0.0
0.469153618654511
0.9434132801917072
1.464396323071348
2.0339139058794355
2.6111671954459714
3.20293304148541
3.791931130427864
4.354851467958403
4.890869017973213
5.358394045180578
5.749755812943152
6.112112781914248
6.4015948099282065
6.723593404729652
7.047073194154547
7.369027223190897
7.687801296107541
8.005816871116489
8.334674625568061
8.667318607427855
8.995193231177373
9.344385027406382
9.68503115623605
10.026267733122724
10.383858271540584
10.745789743619476
11.100155678542551
11.457065827974102
11.82973995292227
12.207452133618528
12.579111334303155
13.020045574533667
13.312791300034469
13.582997676937238
13.832770463590057
14.062815578504768
