0.7996868253210437
-1.1102230246251565e-16
0.0
1.1102230246251565e-16
-1.1102230246251565e-16
-2.220446049250313e-16
0.0
3.3306690738754696e-16
-1.1102230246251565e-16
-2.220446049250313e-16
0.0
3.3306690738754696e-16
-1.1102230246251565e-16
-2.220446049250313e-16
0.0
1.1102230246251565e-16
0.0
2.220446049250313e-16
-1.1102230246251565e-16
-1.1102230246251565e-16
0.0
1.1102230246251565e-16
-1.1102230246251565e-16
1.1102230246251565e-16
2.220446049250313e-16
-3.3306690738754696e-16
-3.3306690738754696e-16
2.220446049250313e-16
0.0
0.0
0.0
0.0
0.0
3.3306690738754696e-16
-1.1102230246251565e-16
2.220446049250313e-16
-1.1102230246251565e-16
1.1102230246251565e-16
-1.1102230246251565e-16
-7.771561172376096e-16
7.771561172376096e-16
9.992007221626409e-16
-1.1102230246251565e-16
-1.1102230246251565e-16
0.0
2.220446049250313e-16
-1.1102230246251565e-16
1.1102230246251565e-16
-1.1102230246251565e-16
1.1102230246251565e-16
-1.1102230246251565e-16
1.1102230246251565e-16
-1.1102230246251565e-16
1.1102230246251565e-16
-0.7996868253210447
0.0
0.0
-0.7997912059810666
1.1102230246251565e-15
-8.881784197001252e-16
2.220446049250313e-16
0.0
-1.7763568394002505e-15
3.219646771412954e-15
-2.220446049250313e-16
-1.2212453270876722e-15
8.881784197001252e-16
0.0
-1.9984014443252818e-15
-7.771561172376096e-16
3.4416913763379853e-15
-8.962217555119611e-05
2.803366567127874e-05
6.15885098775859e-05
1.1102230246251565e-16
1.3322676295501878e-15
-1.3322676295501878e-15
2.220446049250313e-16
1.6653345369377348e-15
-2.886579864025407e-15
1.2212453270876722e-15
3.774758283725532e-15
-1.7763568394002505e-15
-2.9976021664879227e-15
8.881784197001252e-16
5.551115123125783e-16
-1.0837178103018097e-05
0.7998020431591691
0.7997912059810635
1.1102230246251565e-15
-0.36043987016745854
-0.439351335813606
0.0
