0.0
0.39984341266052187
0.3998434126605218
0.3998434126605218
0.39984341266052187
0.3998434126605218
0.3998434126605217
0.3998434126605217
0.39984341266052187
0.3998434126605218
0.3998434126605217
0.3998434126605217
0.39984341266052187
0.3998434126605218
0.3998434126605217
0.3998434126605217
0.39984341266052176
0.39984341266052176
0.39984341266052187
0.3998434126605218
0.39984341266052176
0.39984341266052176
0.3998434126605218
0.39984341266052176
0.3998434126605218
0.3998434126605219
0.39984341266052176
0.3998434126605216
0.3998434126605217
0.3998434126605217
0.3998434126605217
0.3998434126605217
0.3998434126605217
0.3998434126605217
0.39984341266052187
0.3998434126605218
0.3998434126605219
0.39984341266052187
0.3998434126605219
0.39984341266052187
0.3998434126605215
0.39984341266052187
0.39984341266052237
0.3998434126605223
0.39984341266052226
0.39984341266052226
0.39984341266052237
0.3998434126605223
0.39984341266052237
0.3998434126605223
0.39984341266052237
0.3998434126605223
0.39984341266052237
0.3998434126605223
0.39984341266052237
0.0
0.0
0.0
-0.3998956029905333
-0.39989560299053273
-0.39989560299053317
-0.39989560299053306
-0.39989560299053306
-0.39989560299053395
-0.39989560299053234
-0.39989560299053245
-0.39989560299053306
-0.3998956029905326
-0.3998956029905326
-0.3998956029905336
-0.399895602990534
-0.3998956029905323
-0.3999404140783079
-0.39992639724547224
-0.39989560299053345
-0.3998956029905334
-0.39989560299053273
-0.3998956029905334
-0.3998956029905333
-0.39989560299053245
-0.3998956029905339
-0.3998956029905333
-0.3998956029905314
-0.3998956029905323
-0.3998956029905338
-0.39989560299053334
-0.39989560299053306
-0.39990102157958457
0.0
0.39989560299053173
0.3998956029905323
0.219675667906803
0.0
