-4.0
-3.8
-3.600156587339478
-3.400782691501442
-3.2021905067649983
-3.002816610926962
-2.8042244261905185
-2.606724922774158
-2.408132738037714
-2.208758842199678
-2.0101666574632344
-1.8126671540468737
-1.6140749693104302
-1.414701073472394
-1.2161088887359504
-1.0186093853195897
-0.8200172005831461
-0.62064330474511
-0.42205112000866635
-0.22455161659230558
-0.025959431855861942
0.17341446398217417
0.373257876642696
0.5726317724807322
0.7712239572171757
0.9687234606335365
1.1673156453699802
1.3666895412080162
1.5652817259444598
1.7627812293608205
1.961373414097264
2.1588729175136248
2.3574651022500683
2.554964605666429
2.7535567904028726
2.952930686240909
3.1527740989014306
3.3527740989014307
3.5526175115619525
3.7526175115619527
3.9524609242224744
4.152460924222474
4.352304336882996
4.5523043368829965
4.752147749543519
4.951521645381555
5.151365058042077
5.351365058042077
5.5512084707025995
5.7512084707026
5.951051883363122
6.151051883363122
6.350895296023644
6.550895296023644
6.750738708684167
6.950738708684167
6.750895296023645
6.950269191861681
6.7521974974707994
6.555373276816598
6.36010473170965
6.166697627969572
5.975454816634477
5.786675759734575
5.600656061372558
5.417687004844997
5.2380550965295765
5.062041617252381
4.889922181837735
4.721966307530279
4.558436991965086
4.399590301346668
4.2456749694817155
4.09508120836273
3.94023325221524
3.7804994767436892
3.616130004817337
3.447382218219187
3.2745203546187005
3.0978150938090643
2.9175431338568965
2.7339867578281103
2.547433391768375
2.3581751546303087
2.166508400852188
1.9727332563044193
1.777153148330421
1.5800743306178164
1.381824037101814
1.5807544263667737
1.7803413011213642
1.9802721335884632
1.9999999999999991
