2.0
2.0
1.992087325597727
1.9762743670395089
1.9525858854164448
1.9367729268582268
1.9130844452351627
1.8815575337103891
1.8578690520873251
1.842056093529107
1.818367611906043
1.7868407003812694
1.7631522187582054
1.7473392601999873
1.7236507785769233
1.6921238670521497
1.6684353854290856
1.6526224268708676
1.6289339452478035
1.59740703372303
1.573718552099966
1.5579055935417478
1.5499929191394748
1.5341799605812567
1.5104914789581927
1.478964567433419
1.455276085810355
1.439463127252137
1.415774645629073
1.3842477341042994
1.3605592524812353
1.3290323409564617
1.3053438593333977
1.273816947808624
1.25012846618556
1.234315507627342
1.226402833225069
1.226402833225069
1.2184901588227959
1.2184901588227959
1.2105774844205228
1.2105774844205228
1.2026648100182498
1.2026648100182498
1.2105774844205228
1.226390442978741
1.234303117381014
1.234303117381014
1.226390442978741
1.226390442978741
1.2184777685764678
1.2184777685764678
1.2105650941741948
1.2105650941741948
1.2026524197719217
1.2026524197719217
1.1947397453696487
1.2105527039278667
1.1829414038062853
1.1475153374547238
1.1043299776079638
1.0534529470720342
0.9949639128354553
0.9289544613208252
0.8555279549720753
0.7747993704019689
0.6868951183532818
0.5919528457555865
0.4901212201875824
0.38155969708249515
0.2664382700410508
0.14493720464302395
0.01724675617415894
-0.11435852332283614
-0.24091637764339469
-0.36124883788120044
-0.47516747863823716
-0.5824939177457742
-0.6830600955882569
-0.7767085382633863
-0.8632926041663149
-0.942676713611833
-1.0147365611349912
-1.0793593101377217
-1.136443769576663
-1.185900552415524
-1.2276522155938665
-1.2616333812931309
-1.2879493658092007
-1.2674193818790955
-1.2547758286216617
-1.2500385042405597
-1.2499999999999993
