0.7996868253210446
-1.1102230246251565e-16
-8.881784197001252e-16
-2.220446049250313e-16
-1.1102230246251565e-16
4.440892098500626e-16
3.3306690738754696e-16
-4.440892098500626e-16
-3.3306690738754696e-16
-1.1102230246251565e-16
-2.220446049250313e-16
2.220446049250313e-16
0.0002452624843658491
2.220446049250313e-16
2.220446049250313e-16
6.791219459068021e-05
0.0
0.0
-0.00031317467895630724
0.0
-2.220446049250313e-16
-2.220446049250313e-16
2.220446049250313e-16
0.0
0.00031317467895630724
0.0
0.0
-0.00031317467895630724
1.1102230246251565e-16
-1.1102230246251565e-16
0.0003131746789565293
0.0
0.0
-0.00031317467895630724
0.0
0.0
0.00024526248436562703
-1.1102230246251565e-16
-2.220446049250313e-16
-0.000245262484365516
4.440892098500626e-16
-2.220446049250313e-16
0.0003131746789561962
0.0
0.0
-0.00031317467895641826
2.220446049250313e-16
-6.661338147750939e-16
0.00031317467895530804
-1.1102230246251565e-16
0.0
0.0
0.0
0.0
-6.791219458990305e-05
9.992007221626409e-16
-2.220446049250313e-16
-0.0002452624843649609
-6.661338147750939e-16
-0.7996868253210436
-0.7997912059810669
7.771561172376096e-16
0.0
-2.220446049250313e-16
7.771561172376096e-16
-3.3306690738754696e-16
2.220446049250313e-16
-8.881784197001252e-16
-3.3306690738754696e-16
1.887379141862766e-15
-6.661338147750939e-16
-8.197846398194653e-05
6.02702714060932e-05
2.1708192575853325e-05
-1.1102230246251565e-15
-9.992007221626409e-16
1.4432899320127035e-15
2.220446049250313e-16
7.771561172376096e-16
-5.551115123125783e-16
6.661338147750939e-16
0.0
-2.886579864025407e-15
2.7755575615628914e-15
1.7763568394002505e-15
-2.55351295663786e-15
-3.885780586188048e-15
-1.4483334174864027e-05
0.7998056893152449
0.7997912059810661
-0.022888891067971984
-0.7769023149130941
0.0
