0.21972448618848195
0.07324149539616016
-0.5126904677731248
-0.5126904677731248
-0.07324149539616016
0.07324149539616016
-0.07324149539616016
0.07324149539616016
-0.07324149539616016
0.07324149539616016
-0.07324149539616016
0.07324149539616016
-0.07324149539616016
0.07324149539616016
-0.07324149539616016
0.07324149539616016
-0.07324149539616016
0.5126904677731248
0.07324149539616016
0.5126904677731248
0.5126904677731248
0.5126904677731248
0.5126904677731248
0.07324149539616016
-0.5126904677731248
-0.5126904677731248
-0.5126904677731248
-0.5126904677731267
-0.5126904677731248
-0.2952370885509725
0.5126904677731248
0.5126904677731248
0.5126904677731248
0.5126904677731248
0.5126904677731248
0.5126904677731248
0.4820993846687522
0.5126904677731248
-0.2610579747986098
0.0
