0.0
-0.03925234608338046
-0.026356406027150836
-0.12529065715544396
-0.2242249082837371
-0.23712084833996672
-0.2242249082837371
-0.23712084833996672
-0.2242249082837371
-0.23712084833996672
-0.2242249082837371
-0.23712084833996672
-0.2242249082837371
-0.23712084833996672
-0.2242249082837371
-0.23712084833996672
-0.2242249082837371
-0.23712084833996672
-0.1381865972116736
-0.12529065715544396
-0.026356406027150836
0.07257784510114229
0.17151209622943542
0.27044634735772854
0.28334228741395817
0.3822765385422513
0.4812107896705444
0.5801450407988376
0.6790792919271311
0.7780135430554243
0.8314663725253562
0.732532121397063
0.6335978702687699
0.5346636191404768
0.43572936801218365
0.3367951168838905
0.2378608657555974
0.14588916993805245
0.04695491880975933
0.0
