0.0
0.3998434126605223
0.39984341266052226
0.3998434126605218
0.3998434126605217
0.39984341266052165
0.39984341266052187
0.39984341266052204
0.3998434126605218
0.39984341266052165
0.3998434126605216
0.3998434126605215
0.3998434126605216
0.3999660439027045
0.3999660439027046
0.39996604390270474
0.4000000000000001
0.4000000000000001
0.4000000000000001
0.3998434126605219
0.3998434126605219
0.3998434126605218
0.3998434126605217
0.3998434126605218
0.3998434126605218
0.39999999999999997
0.39999999999999997
0.39999999999999997
0.3998434126605218
0.39984341266052187
0.3998434126605218
0.4000000000000001
0.4000000000000001
0.4000000000000001
0.3998434126605219
0.3998434126605219
0.3998434126605219
0.39996604390270474
0.3999660439027047
0.39996604390270457
0.3998434126605218
0.39984341266052204
0.3998434126605219
0.4
0.4
0.4
0.3998434126605218
0.3998434126605219
0.3998434126605216
0.39999999999999925
0.3999999999999992
0.3999999999999992
0.3999999999999992
0.3999999999999992
0.3999999999999992
0.39996604390270424
0.39996604390270474
0.3999660439027046
0.39984341266052215
0.3998434126605218
0.0
-0.39989560299053345
-0.39989560299053306
-0.39989560299053306
-0.39989560299053317
-0.3998956029905328
-0.39989560299053295
-0.39989560299053284
-0.3998956029905333
-0.39989560299053345
-0.3998956029905325
-0.39989560299053284
-0.3999365922225238
-0.39990645708682077
-0.39989560299053284
-0.3998956029905334
-0.3998956029905339
-0.39989560299053317
-0.39989560299053306
-0.3998956029905327
-0.39989560299053295
-0.3998956029905326
-0.3998956029905326
-0.39989560299053406
-0.3998956029905327
-0.3998956029905318
-0.39989560299053306
-0.399895602990535
-0.39990284465762244
0.0
0.39989560299053306
0.38845115745654707
0.0
