-5.0
-4.5
-4.000385137214546
-3.5005587921962644
-3.0044780983386326
-2.516994727272318
-2.030985562341946
-1.5435021912756317
-1.05749302634526
-0.5700096552789455
-0.08400049034857382
0.4034828807177407
0.8894920456481124
1.3769754167144268
1.8629845816447985
2.350467952711113
2.836477117641485
3.3239604887077996
3.8099696536381713
4.305203361548046
4.801284055405678
5.30111040042396
5.799794092485413
6.292458002624111
6.774283875370992
6.301912458629448
5.847978897670228
5.416922664956549
5.012959492568642
4.640040142323237
4.299841101246585
3.9452327189808925
3.5575699549815587
3.1406441529909435
2.698532849407168
2.2355598949580573
1.7562531674197057
1.2653089818632335
1.7627835350876104
2.0
