3.5
3.5
3.4920873255977267
3.4762743670395087
3.4525858854164446
3.421058973891671
3.3817429996171637
3.33469952643103
3.2800022184563296
3.217736724752386
3.1480005451992037
3.0709028778249987
2.986564447815912
2.895117318475652
2.80696320222314
2.722132032755861
2.6406526154282557
2.5591731981006505
2.4776937807730453
2.39621436344544
2.307572480559335
2.211906934080805
2.1093675241438783
2.0137019776653484
1.9250600947792433
1.8435806774516381
1.762101260124033
1.6806218427964277
1.5991424254688225
1.5249530601515324
1.4581699179978838
1.398897572953395
1.3396252279089063
1.2803528828644175
1.2210805378199288
1.1694118028727511
1.1254275847202806
1.0891967570795122
1.0565963863511598
1.0276375423488266
1.0023300583657577
0.984891459557521
0.9753490525620326
0.9737177795805291
0.9720865065990255
0.970455233617522
0.9688239606360184
0.975106376035461
0.9892926423487208
1.0113605456788066
1.0334284490088923
1.055496352338978
1.0775642556690637
1.0996321589991493
1.121700062329235
1.1437679656593207
1.1694948994250385
1.1988721277637278
1.2318896753151511
1.2726854759031605
1.3211956484689962
1.261263998233137
1.19383075169115
1.119001500769719
1.0368934186020136
0.9476350760493961
0.851366240375732
0.7482376563895501
0.6384108103967557
0.5220576773335208
0.39936045147530996
0.2705112611437066
0.13571186785779177
-0.0012673711139135069
-0.13263331836069137
-0.25793063465406885
-0.37696312026002365
-0.48954438537623135
-0.5954981419948948
-0.6946584799474484
-0.786870126698874
-0.8719886904848346
-0.9498808864108965
-1.0204247451597972
-1.0835098039799562
-1.13903727965616
-1.1869202231915668
-1.2270836559588316
-1.2594646871071395
-1.2842308934257018
-1.264928633907708
-1.2535167052583671
-1.2500000000000009
