0.8000000000000007
0.0
0.0
-0.0003131746789560852
-1.1102230246251565e-16
-0.7996868253210445
-0.7997912059810666
1.1102230246251565e-15
-9.992007221626409e-16
3.3306690738754696e-16
2.220446049250313e-16
-1.9984014443252818e-15
3.219646771412954e-15
-1.1102230246251565e-16
-1.3322676295501878e-15
6.661338147750939e-16
4.440892098500626e-16
-2.220446049250313e-15
-8.881784197001252e-16
3.552713678800501e-15
-2.220446049250313e-16
-6.661338147750939e-16
-2.220446049250313e-16
-6.304814961710647e-05
5.326690195173178e-05
9.781247665818782e-06
-2.4424906541753444e-15
4.440892098500626e-16
2.9976021664879227e-15
-1.2212453270876722e-15
-2.6645352591003757e-15
1.2212453270876722e-15
2.1094237467877974e-15
-2.55351295663786e-15
2.7755575615628914e-15
-6.661338147750939e-16
-1.1102230246251565e-16
2.220446049250313e-16
-1.2212453270876722e-15
1.9984014443252818e-15
-1.4432899320127035e-15
-1.3322676295501878e-15
-7.72532962910466e-05
0.7998684592773582
0.7997912059810677
-0.29770513486592476
-0.5020860711151429
0.0
