0.0
0.0
0.0
0.0
0.03957370045131725
0.0791474009026345
0.11872110135395175
0.158294801805269
0.19786850225658625
0.2374422027079035
0.27701590315922076
0.316589603610538
0.35616330406185526
0.3957370045131725
0.43531070496448976
0.474884405415807
0.5144581058671243
0.5540318063184415
0.5936055067697588
0.633179207221076
0.6727529076723933
0.7123266081237105
0.7519003085750278
0.791474009026345
0.8310477094776623
0.8021046655256718
0.7625309650743546
0.7229572646230373
0.6833835641717196
0.6438098637204024
0.6042361632690851
0.5646624628177679
0.5250887623664506
0.4855150619151334
0.44594136146381613
0.4063676610124989
0.36679396056118163
0.3272202601098644
0.28764655965854713
0.24807285920722988
0.20849915875591263
0.16892545830459538
0.12935175785327813
0.08977805740196088
0.08925771058132703
0.04968401013000978
0.01011030967869253
0.0
