0.0
0.40000000000000036
0.40000000000000036
0.40000000000000036
0.3998434126605223
0.39984341266052226
0.0
-0.3998956029905333
-0.39989560299053273
-0.3998956029905332
-0.39989560299053306
-0.39989560299053295
-0.39989560299053395
-0.39989560299053234
-0.3998956029905324
-0.39989560299053306
-0.39989560299053273
-0.3998956029905325
-0.3998956029905336
-0.39989560299053406
-0.3998956029905323
-0.3998956029905324
-0.39989560299053273
-0.39989560299053284
-0.3999271270653414
-0.3999004936143655
-0.3998956029905326
-0.39989560299053384
-0.3998956029905336
-0.3998956029905321
-0.39989560299053273
-0.39989560299053406
-0.39989560299053345
-0.3998956029905324
-0.39989560299053367
-0.3998956029905323
-0.3998956029905326
-0.3998956029905327
-0.39989560299053256
-0.39989560299053317
-0.3998956029905322
-0.3998956029905329
-0.39989560299053356
-0.3999342296386791
0.0
0.39989560299053384
0.25104303555757146
0.0
