7.0
7.2
7.4
7.6000000000000005
7.800000000000001
7.999843412660523
8.19921730849856
8.001145614107678
7.804321393453477
7.609052848346528
7.415645744606451
7.224402933271356
7.035623876371453
6.849604178009436
6.6666351214818755
6.487003213166455
6.31098973388926
6.138870298474614
5.970914424167157
5.807385108601964
5.648538417983547
5.494623086118594
5.3458801249303205
5.202542447064313
5.064834501176811
4.928570007076297
4.786722951865941
4.6394094735493585
4.486860246382937
4.329314143142895
4.167017861080744
4.0002255356266385
3.8291983424454594
3.6542040884687967
3.475516792543189
3.2934162563513123
3.1081876262779673
2.920120946906934
2.729510706847888
2.5366553776045073
2.3418569462058993
2.1454204423331342
1.9476534606813907
1.7488656793056032
1.5495026327442156
1.7490071878575488
1.9489047659376988
2.0000000000000027
