2.0
2.0
2.0
2.0
2.0
2.0079126744022733
2.0237256329604913
1.99611433283891
1.9606882664873484
1.9175029066405884
1.8666258761046586
1.8081368418680799
1.7421273903534498
1.6687008840047
1.5879722994345935
1.5000680473859065
1.405125774788211
1.303294149220207
1.1947326261151199
1.0796111990736754
0.9581101336756486
0.8304196852067836
0.6967398007431045
0.557279806059112
0.41225807785011637
0.2658763355053084
0.1249004760774306
-0.010353060362650712
-0.13967248390067466
-0.26285529669189334
-0.3797086100470626
-0.49004944647170845
-0.5937050261857153
-0.690513037674588
-0.7803218918487347
-0.8629909594127874
-0.9383907910732767
-1.0064033202398357
-1.066922047902528
-1.1198522093958228
-1.1651109227880556
-1.2026273186640428
-1.232342651097615
-1.254210389640296
-1.2701185405179012
-1.2562364476530044
-1.2502582965199598
-1.2499999999999973
