0.8000000000000007
0.0
0.0
-0.0003131746789560852
-1.1102230246251565e-16
-8.881784197001252e-16
0.0002452624843660711
2.220446049250313e-16
-6.661338147750939e-16
-0.0002452624843649609
-6.661338147750939e-16
-0.7996868253210436
-0.7997912059810659
0.0
-6.661338147750939e-16
-9.992007221626409e-16
7.771561172376096e-16
6.661338147750939e-16
1.3322676295501878e-15
2.220446049250313e-16
-1.7763568394002505e-15
1.1102230246251565e-15
-1.2212453270876722e-15
-1.4432899320127035e-15
6.661338147750939e-16
2.4424906541753444e-15
-5.238916840766272e-05
4.6293304623024056e-05
6.095863782973332e-06
1.2212453270876722e-15
-1.2212453270876722e-15
-4.440892098500626e-16
2.220446049250313e-16
-3.3306690738754696e-16
2.4424906541753444e-15
4.440892098500626e-16
-2.220446049250313e-15
-1.6653345369377348e-15
4.440892098500626e-16
2.6645352591003757e-15
1.1102230246251565e-16
-1.3322676295501878e-15
9.992007221626409e-16
1.5543122344752192e-15
-1.7763568394002505e-15
-7.771561172376096e-16
-2.9574206611870935e-05
0.799820780187678
0.7997912059810662
-1.1102230246251565e-16
-0.19982316784750898
-0.5999680381335571
0.0
