-0.0
0.0
0.0
0.5126904677731248
0.5126904677731248
0.5126904677731248
0.2563452338865647
0.2563452338865647
0.2563452338865647
0.5126904677731248
0.5126904677731248
0.5126904677731248
-0.5126904677731248
-0.5126904677731248
-0.5126904677731248
-0.5126904677731248
-0.5126904677731248
-0.5126904677731248
-0.5126904677731295
-0.5126904677731248
-0.5126904677731248
-0.5126904677731248
-0.5126904677731248
-0.5126904677731248
-0.5126904677731248
-0.5126904677731248
-0.5126904677731248
0.41914271556848925
0.5126904677731248
0.5126904677731248
0.5126904677731248
0.5126904677731248
0.5126904677731248
0.5126904677731248
0.5126904677731248
0.5126904677731248
0.5126904677731248
0.5126904677731248
0.5126904677731248
0.5126904677731248
0.5126904677731248
0.5126904677731248
0.5126904677731248
0.5126904677731248
0.5126904677731248
0.5126904677731248
0.5126904677731248
-0.4665822658177627
0.5126904677731248
-0.5126904677731295
-0.5126904677731248
-0.27446256093501487
0.0
