0.0
0.0
0.0
0.0
0.03957370045131725
0.0791474009026345
0.11872110135395175
0.13714854235533158
0.1555759833567114
0.17400342435809124
0.2135771248094085
0.25315082526072574
0.292724525712043
0.33229822616336024
0.3718719266146775
0.41144562706599475
0.451019327517312
0.49059302796862925
0.5301667284199465
0.5697404288712642
0.6093141293225814
0.6488878297738987
0.688461530225216
0.7280352306765332
0.7676089311278504
0.8071826315791677
0.846756332030485
0.8863300324818022
0.855006586938365
0.8154328864870477
0.7758591860357305
0.7362854855844132
0.696711785133096
0.6571380846817787
0.6175643842304614
0.5779906837791442
0.538416983327827
0.4988432828765097
0.45926958242519245
0.4196958819738752
0.38012218152255794
0.3405484810712407
0.30097478061992344
0.2614010801686062
0.22182737971728894
0.1822536792659717
0.14267997881465444
0.10310627836333719
0.13851641068366405
0.0989427102323468
0.0593690097810291
0.019795309329711852
0.0
