0.0
0.40000000000000036
0.40000000000000036
0.40000000000000036
0.3998434126605223
0.39984341266052226
0.3998434126605218
0.39996604390270485
0.39996604390270496
0.3999660439027046
0.39984341266052215
0.3998434126605218
0.0
-0.39989560299053295
-0.39989560299053295
-0.3998956029905333
-0.3998956029905338
-0.3998956029905334
-0.39989560299053306
-0.3998956029905324
-0.3998956029905323
-0.39989560299053317
-0.3998956029905326
-0.3998956029905332
-0.39989560299053395
-0.3998956029905336
-0.3998956029905324
-0.3999217975747362
-0.3998986509224247
-0.3998956029905332
-0.3998956029905326
-0.3998956029905332
-0.39989560299053345
-0.39989560299053334
-0.3998956029905335
-0.3998956029905323
-0.39989560299053206
-0.39989560299053317
-0.399895602990534
-0.3998956029905338
-0.39989560299053245
-0.3998956029905324
-0.39989560299053306
-0.39989560299053256
-0.3998956029905318
-0.3998956029905327
-0.39989560299053306
-0.399910390093839
0.0
0.3998956029905331
0.39989560299053306
0.2999840190667786
0.0
