5.0
5.2
5.4
5.6000000000000005
5.800000000000001
5.999843412660523
6.199217308498559
6.397809493235003
6.595931467500555
6.79351595680487
6.99049586916652
7.185951663543899
7.379577280908735
7.189276809081343
7.001557918254349
6.816714552444598
6.6350361529608115
6.456807205175149
6.282306793055129
6.1118081621534674
5.945578291740141
5.783877476746646
5.626958920177096
5.475068336624373
5.328443567512176
5.1873142086654775
5.0519012507925165
4.922416733441336
4.794127170032528
4.659932971759014
4.519977417097177
4.374479658726513
4.223667527715855
4.067777176768763
3.9070527104382875
3.741745802890147
3.5721153038128457
3.39842683309183
3.2209523648823835
3.0399698017325276
2.8557625394228197
2.6686190232044353
2.4788322961304265
2.286699540187401
2.0925216109461573
1.896602566459947
1.6992491911480618
1.5007705154102737
1.302193698512518
1.5007727243417266
1.7001334768798362
1.899963782428487
1.9999999999999982
