2.0
2.0
2.0
2.0
2.0
2.0079126744022733
2.0237256329604913
2.0474141145835554
2.0747579130234204
2.105747743393284
2.1403730827561938
2.182764502221787
2.232855622194155
2.1713697666210994
2.1024031222198967
2.026063682024142
1.9424709839322118
1.8517559235260443
1.7540605491052363
1.6495378392573872
1.538351463312998
1.4206755250600214
1.2966942901193748
1.166601897408303
1.030602055143417
0.8889077218594119
0.7417407729429704
0.5893316532039918
0.43591355116098707
0.28763443205445993
0.14478058109979974
0.007575689341559055
-0.12376539773062456
-0.24903701660286215
-0.3680430077800412
-0.4805970229467573
-0.5865228167651848
-0.6856545228529627
-0.7778369135089496
-0.8629256427801493
-0.9407874724891996
-1.0113004808684898
-1.074354253474214
-1.1298500560814078
-1.1777009892892463
-1.2178321245945036
-1.2501806217201046
-1.274695827015036
-1.2984062335893323
-1.2747176178847037
-1.2589040047391555
-1.250990156268788
-1.249999999999996
