0.7996868253210428
1.6653345369377348e-15
8.881784197001252e-16
0.0002452624843660711
-1.5543122344752192e-15
-6.661338147750939e-16
6.791219459068021e-05
0.0
0.0
0.0
0.0
0.0
-0.00031317467895597417
0.0
-3.3306690738754696e-16
1.1102230246251565e-16
2.220446049250313e-16
-1.1102230246251565e-16
0.0003131746789560852
0.0
0.0
-0.00031317467895597417
0.0
-3.3306690738754696e-16
-4.440892098500626e-16
1.1102230246251565e-16
0.0
4.440892098500626e-16
2.220446049250313e-16
-6.661338147750939e-16
1.1102230246251565e-16
7.771561172376096e-16
-7.771561172376096e-16
1.1102230246251565e-16
-1.1102230246251565e-16
0.0
0.0002452624843660711
-1.1102230246251565e-16
-1.1102230246251565e-16
1.1102230246251565e-16
1.1102230246251565e-16
0.0
-0.00024526248436573805
1.1102230246251565e-16
-2.220446049250313e-16
0.0
1.1102230246251565e-16
-2.220446049250313e-16
0.0002452624843659601
-1.1102230246251565e-16
-2.220446049250313e-16
-0.000245262484365516
0.0
-3.3306690738754696e-16
4.440892098500626e-16
-1.1102230246251565e-16
2.220446049250313e-16
-1.1102230246251565e-16
-1.1102230246251565e-16
1.1102230246251565e-16
0.00024526248436518294
1.1102230246251565e-16
3.3306690738754696e-16
-0.0002452624843659601
-4.440892098500626e-16
3.3306690738754696e-16
8.881784197001252e-16
3.3306690738754696e-16
-1.3322676295501878e-15
0.0002452624843648499
9.992007221626409e-16
9.992007221626409e-16
-0.0002452624843659601
-4.440892098500626e-16
0.0
4.440892098500626e-16
2.220446049250313e-16
-0.7996868253210443
-0.7997912059810661
-5.551115123125783e-16
3.3306690738754696e-16
3.3306690738754696e-16
5.551115123125783e-16
-2.220446049250313e-16
-2.3294730290168708e-05
-6.0225133627356264e-05
8.351986391741395e-05
-8.881784197001252e-16
5.551115123125783e-16
4.440892098500626e-16
-4.440892098500626e-16
-1.1102230246251565e-15
1.7763568394002505e-15
2.220446049250313e-16
-1.1102230246251565e-16
0.0
-7.771561172376096e-16
-4.440892098500626e-16
1.887379141862766e-15
-2.3314683517128287e-15
-2.220446049250313e-16
3.6637359812630166e-15
-2.55351295663786e-15
-2.220446049250313e-16
1.7763568394002505e-15
1.6653345369377348e-15
-4.812895781025617e-06
0.7997960188768439
0.7997912059810667
-1.1102230246251565e-16
-0.18323701937397596
-0.6165541866070906
0.0
