0.0
-0.03925234608338046
-0.026356406027150836
-0.03925234608338046
-0.026356406027150836
-0.03925234608338046
-0.026356406027150836
-0.03925234608338046
-0.026356406027150836
-0.03925234608338046
-0.026356406027150836
-0.03925234608338046
-0.026356406027150836
-0.03925234608338046
-0.026356406027150836
-0.03925234608338046
-0.026356406027150836
-0.03925234608338046
-0.026356406027150836
-0.03925234608338046
-0.026356406027150836
-0.03925234608338046
-0.026356406027150836
-0.03925234608338046
-0.026356406027150836
-0.03925234608338046
-0.026356406027150836
-0.03925234608338046
-0.026356406027150836
-0.03925234608338046
-0.026356406027150836
0.07257784510114229
0.17151209622943542
0.27044634735772854
0.36938059848602167
0.4683148496143148
0.5672491007426084
0.6661833518709015
0.7651176029991946
0.7039091022115915
0.6049748510832984
0.5060405999550053
0.40710634882671215
0.308172097698419
0.2092378465701259
0.1444963445245171
0.04556209339622397
0.0
