0.0
0.3998434126605214
0.39984341266052226
0.3998434126605227
0.39996604390270574
0.39996604390270496
0.3999660439027046
0.39999999999999997
0.39999999999999997
0.39999999999999997
0.39999999999999997
0.39999999999999997
0.39999999999999997
0.399843412660522
0.399843412660522
0.3998434126605218
0.39984341266052187
0.399843412660522
0.3998434126605219
0.39999999999999997
0.39999999999999997
0.39999999999999997
0.399843412660522
0.399843412660522
0.3998434126605218
0.3998434126605216
0.39984341266052165
0.39984341266052165
0.39984341266052187
0.399843412660522
0.39984341266052165
0.3998434126605217
0.3998434126605221
0.3998434126605217
0.39984341266052176
0.3998434126605217
0.3998434126605217
0.39996604390270474
0.3999660439027047
0.3999660439027046
0.3999660439027047
0.39996604390270474
0.39996604390270474
0.39984341266052187
0.3998434126605219
0.3998434126605218
0.3998434126605218
0.39984341266052187
0.39984341266052176
0.39996604390270474
0.3999660439027047
0.39996604390270457
0.3998434126605218
0.3998434126605218
0.39984341266052165
0.39984341266052187
0.3998434126605218
0.3998434126605219
0.39984341266052187
0.3998434126605218
0.39984341266052187
0.39996604390270446
0.3999660439027045
0.3999660439027047
0.3998434126605217
0.3998434126605215
0.39984341266052165
0.3998434126605221
0.39984341266052226
0.3998434126605216
0.399966043902704
0.3999660439027045
0.399966043902705
0.39984341266052204
0.3998434126605218
0.3998434126605218
0.39984341266052204
0.39984341266052215
0.0
-0.39989560299053306
-0.39989560299053334
-0.39989560299053317
-0.399895602990533
-0.39989560299053273
-0.39989560299053284
-0.3999072503556779
-0.3999373629224916
-0.3998956029905329
-0.39989560299053334
-0.39989560299053306
-0.39989560299053284
-0.39989560299053306
-0.3998956029905336
-0.39989560299053273
-0.3998956029905326
-0.3998956029905327
-0.3998956029905327
-0.39989560299053306
-0.3998956029905333
-0.39989560299053234
-0.3998956029905335
-0.3998956029905336
-0.3998956029905318
-0.39989560299053306
-0.39989560299053317
-0.3998956029905323
-0.39989560299053145
-0.39989800943842196
0.0
0.39989560299053334
0.3998956029905333
0.3082770933035453
0.0
