-9.0
-8.8
-8.600156587339479
-8.400782691501442
-8.202190506764998
-8.004068532499446
-7.80648404319513
-7.60950413083348
-7.41252421847183
-7.21554430611018
-7.01856439374853
-6.82158448138688
-6.62460456902523
-6.42762465666358
-6.229429071921732
-6.030328163992797
-5.8306336996913775
-5.631532791762442
-5.433337207020594
-5.236357294658944
-5.039377382297294
-4.842397469935644
-4.645417557573994
-4.447221972832146
-4.248121064903211
-4.0484266006017915
-3.8484512761766223
-3.6485082276678336
-3.448910540575557
-3.24997075960767
-3.052000399274354
-2.855309456095811
-2.660205923186958
-2.466995307979205
-2.275980153834496
-2.0874595663007054
-1.9017287447502216
-1.719078520135101
-1.5379606781459316
-1.358436719333358
-1.180567603027503
-1.0044137266385578
-0.8300349051481785
-0.6574903507986527
-0.48107962896631856
-0.3010789765070476
-0.11777025165356922
0.06855950733883723
0.2576185316579094
0.44911077880742256
0.641633945676223
0.8351226589104526
1.02951121729439
1.2256087801727857
1.4231082835891464
1.62170046832559
1.8210743641636262
2.020917776824148
2.220917776824148
2.42076118948467
2.620135085322706
2.8187272700591497
3.0168492443247015
3.2144337336290167
3.4114136459906668
3.6068694403680452
3.800495057732881
3.991987304882394
4.181046329201466
4.367376088193873
4.550684813047351
4.732488544361121
4.912725548683292
5.091334624561314
5.266243421560452
5.437178054648972
5.603870861832674
5.766060823279688
5.9234939700444835
5.7736656146785945
5.629195218147099
5.4903090028002595
5.35722444686759
5.230149943914482
5.109284476524264
4.994817304716671
4.886608431585295
4.775828312256929
4.6585475902401186
4.53494991229719
4.4052288167436915
4.269587430391892
4.128238150479911
3.9814023120845343
3.8293098415385063
3.6721988963950007
3.510315492503048
3.343913118777858
3.173252340269276
2.9986003901499014
2.8202307512617737
2.638422727876862
2.4534610083419466
2.2656352192926974
2.0752394721350407
1.8825719025039316
1.6879342034206921
1.4916311528799389
1.2939792527820142
1.4925191313400443
1.6918536606886683
1.8916707081917208
1.9999999999999987
