2.0
2.0
1.9803788663968722
1.9672021890590268
1.947581055455899
1.9344043781180535
1.9147832445149258
1.9016065671770803
1.8819854335739525
1.868808756236107
1.8491876226329793
1.8360109452951339
1.816389811692006
1.8032131343541606
1.7835920007510329
1.7704153234131874
1.7507941898100596
1.7376175124722142
1.7179963788690864
1.704819701531241
1.6851985679281132
1.6720218905902677
1.65240075698714
1.6392240796492945
1.6196029460461667
1.6064262687083213
1.5868051351051935
1.573628457767348
1.5540073241642203
1.5408306468263748
1.521209513223247
1.5080328358854016
1.544289907912212
1.4347420287074577
1.277563936950283
1.074292835152663
0.8269167156919215
0.5378549182354804
0.20993446858699283
-0.13070537126157644
-0.4349395637855671
-0.6985194107988391
-0.9188671000986535
-1.0938276301977599
-1.221689886249564
-1.3026685405299214
-1.2552447591226388
-1.249999999999997
