0.7996868253210437
-1.1102230246251565e-16
0.0
-2.220446049250313e-16
7.771561172376096e-16
-5.551115123125783e-16
-1.2212453270876722e-15
1.1102230246251565e-15
1.4432899320127035e-15
-2.220446049250313e-16
1.1102230246251565e-16
-1.1102230246251565e-16
1.1102230246251565e-16
0.0
-1.2212453270876722e-15
-1.1102230246251565e-15
3.3306690738754696e-16
0.0
-4.440892098500626e-16
1.1102230246251565e-16
3.3306690738754696e-16
1.1102230246251565e-16
0.0
3.3306690738754696e-16
1.1102230246251565e-16
3.3306690738754696e-16
7.771561172376096e-16
-0.7996868253210445
-0.7996868253210428
-1.887379141862766e-15
0.00010439700946707209
-0.00020877766948823595
6.661338147750939e-16
-1.2212453270876722e-15
-5.551115123125783e-16
3.3306690738754696e-16
3.3306690738754696e-16
2.4424906541753444e-15
-6.661338147750939e-16
-1.9984014443252818e-15
-1.1102230246251565e-16
5.551115123125783e-16
6.661338147750939e-16
-1.7763568394002505e-15
5.551115123125783e-16
2.220446049250313e-15
-1.9984014443252818e-15
3.3306690738754696e-16
1.6653345369377348e-15
-8.869626110252771e-05
2.5022975670752068e-05
6.367328542977724e-05
0.0
-3.3306690738754696e-16
-1.1102230246251565e-16
1.5543122344752192e-15
2.220446049250313e-16
-7.771561172376096e-16
-1.7763568394002505e-15
3.1086244689504383e-15
9.992007221626409e-16
-3.552713678800501e-15
0.0
3.3306690738754696e-16
1.6653345369377348e-15
4.440892098500626e-16
-5.005633030219503e-05
0.7998412623113669
0.7997912059810659
3.3306690738754696e-16
-0.18489466669645382
-0.6148965392846124
0.0
