0.5126904677731248
-0.5126904677731248
-0.5126904677731248
-0.5126904677731248
-0.5126904677731248
-0.5126904677731248
-0.5126904677731248
-0.5126904677731248
-0.5126904677731248
-0.5126904677731248
0.5126904677731248
-0.5126904677731248
0.5126904677731248
0.5126904677731248
0.5126904677731248
0.5126904677731248
0.5126904677731248
-0.5126904677731248
-0.5126904677731248
0.5126904677731248
0.5126904677731248
-0.5126904677731248
0.5126904677731248
0.5126904677731248
0.5126904677731248
0.5126904677731248
0.5126904677731248
0.5126904677731248
-0.5126904677731248
0.5126904677731248
-0.5126904677731248
-0.5126904677731248
-0.5126904677731248
-0.5126904677731248
-0.5126904677731248
-0.5126904677731248
-0.5126904677731248
-0.5126904677731248
-0.5126904677731248
-0.5126904677731248
-0.5126904677731248
-0.5126904677731248
-0.5126904677731248
-0.5126904677731248
-0.5126904677731248
-0.5126904677731248
-0.5126904677731248
-0.5126904677731248
-0.5126904677731248
-0.5126904677731248
0.09217416919009436
0.5126904677731248
0.5126904677731248
0.5126904677731295
0.5126904677731248
0.5126904677731248
0.5126904677731248
0.5126904677731248
0.5126904677731248
0.5126904677731248
0.5126904677731248
0.5126904677731248
0.5126904677731248
0.5126904677731248
0.5126904677731248
0.5126904677731248
0.5126904677731248
0.16632831308044646
0.5126904677731248
-0.5126904677731248
-0.5126904677731248
-0.29382291412345096
0.0
