0.0
-0.03957370045131725
-0.0791474009026345
-0.11872110135395175
-0.158294801805269
-0.19786850225658625
-0.2374422027079035
-0.27701590315922076
-0.316589603610538
-0.35616330406185526
-0.3957370045131725
-0.35616330406185526
-0.3957370045131725
-0.35616330406185526
-0.316589603610538
-0.27701590315922076
-0.2374422027079035
-0.19786850225658625
-0.2374422027079035
-0.27701590315922076
-0.2374422027079035
-0.19786850225658625
-0.2374422027079035
-0.19786850225658625
-0.158294801805269
-0.11872110135395175
-0.0791474009026345
-0.03957370045131725
0.0
0.03957370045131725
0.0
0.03957370045131725
0.0791474009026345
0.11872110135395175
0.158294801805269
0.19786850225658625
0.2374422027079035
0.27701590315922076
0.316589603610538
0.35616330406185526
0.3957370045131725
0.43531070496448976
0.474884405415807
0.5144581058671243
0.5540318063184415
0.5936055067697588
0.633179207221076
0.6727529076723933
0.7123266081237105
0.7519003085750278
0.791474009026345
0.7849754081402525
0.7454017076889352
0.705828007237618
0.6662543067863003
0.626680606334983
0.5871069058836658
0.5475332054323485
0.5079595049810313
0.468385804529714
0.42881210407839676
0.3892384036270795
0.34966470317576226
0.310091002724445
0.27051730227312776
0.2309436018218105
0.19136990137049326
0.151796200919176
0.1399936623248963
0.10041996187357904
0.060846261422261794
0.021272560970944543
0.0
