0.0
0.39984341266052187
0.3998434126605218
0.3998434126605218
0.3998434126605217
0.3998434126605221
0.3998434126605218
0.3998434126605212
0.39984341266052176
0.3998434126605225
0.39984341266052237
0.3998434126605224
0.39984341266052237
0.3998434126605224
0.3998434126605224
0.3998434126605218
0.39984341266052126
0.3998434126605214
0.3998434126605214
0.3998434126605212
0.39984341266052126
0.3998434126605214
0.3998434126605215
0.3998434126605215
0.39984341266052165
0.3998434126605217
0.39984341266052187
0.39984341266052226
0.0
-0.3998434126605214
-0.39984341266052237
-0.39979121415578883
-0.39989560299053295
-0.3998956029905326
-0.3998956029905332
-0.3998956029905335
-0.39989560299053334
-0.39989560299053317
-0.39989560299053195
-0.3998956029905323
-0.3998956029905333
-0.39989560299053334
-0.39989560299053306
-0.39989560299053273
-0.3998956029905336
-0.39989560299053334
-0.39989560299053223
-0.3998956029905332
-0.39989560299053306
-0.39989560299053223
-0.3999399511210835
-0.3999274396332481
-0.3998956029905332
-0.3998956029905332
-0.3998956029905334
-0.39989560299053345
-0.3998956029905327
-0.39989560299053256
-0.39989560299053295
-0.39989560299053384
-0.3998956029905323
-0.3998956029905318
-0.39989560299053356
-0.39989560299053356
-0.3998956029905334
-0.39989560299053256
-0.39989560299053234
-0.39992063115568344
0.0
0.39989560299053295
0.3998956029905331
0.3074482696423062
0.0
