3.0
3.2
3.399843412660522
3.599217308498558
3.7978094932350017
3.9953089966513624
4.191406559529758
4.385795117913696
4.578170283931351
4.768230822428443
4.955679122664338
5.140221664332802
5.327669964568697
5.5122125062371605
5.699660806473056
5.889721344970147
6.082096510987803
6.27648506937174
6.472582632250136
6.666971190634073
6.859346356651729
7.053734915035666
7.249832477914062
7.444221036297999
7.640318599176394
7.837818102592755
8.036410287329199
8.235784183167235
8.435627595827757
8.235627595827758
8.035784183167236
7.8357841831672355
7.636149474614675
7.43714046168362
7.239068767292738
7.042244546638537
6.846976001531588
6.653568897791511
6.462326086456415
6.273547029556514
6.087527331194497
5.904558274666936
5.724926366351515
5.54891288707432
5.376793451659674
5.208837577352217
5.045308261787024
4.886461571168608
4.7325462393036535
4.583803278115381
4.440465600249373
4.300818952557105
4.156578012919521
4.006969466461738
3.8522275812262876
3.692594663414316
3.528320677964759
3.3596628571408855
3.1868852977371454
3.010258547537024
2.8300591816694673
2.6465693695272448
2.4600764329254012
2.2708723961916766
2.0792535288933784
1.8855198819167471
1.6899748176252585
1.4929245348325653
1.2948001456380211
1.4933439607568033
1.6926811350877413
1.8924995318529607
2.0
