3.0
3.0
2.9920873255977267
2.9762743670395087
2.9525858854164446
2.921058973891671
2.8817429996171637
2.83469952643103
2.7800022184563296
2.717736724752386
2.6480005451992037
2.5709028778249987
2.5011666982718164
2.4240690308976114
2.354332851344429
2.2920673576404855
2.237370049665785
2.1903265764796513
2.1510106022051443
2.1039671290190105
2.04926982104431
2.0022263478581763
1.9629103735836693
1.9158669003975353
1.8765509261230282
1.8450240145982546
1.8213355329751906
1.8055225744169725
1.7976099000146994
1.7976099000146994
1.7896972256124264
1.7896972256124264
1.777832860715257
1.7580795626239114
1.73046826250233
1.695042196150769
1.651856836304009
1.6009798057680786
1.5424907715315
1.4764813200168705
1.4030548136681202
1.3223262290980138
1.2344219770493265
1.1394797044516314
1.037648078883627
0.9290865557785395
0.813965128737096
0.6924640633390688
0.5647736148702038
0.43109373040652477
0.29163373572253204
0.14846495268774418
0.00993939062158411
-0.12277105674435762
-0.24945858165133972
-0.3699248074746606
-0.4839810993563334
-0.5914488595833935
-0.6921598072493036
-0.7859562417605512
-0.872691289775811
-0.9522291351909975
-1.0244452318100996
-1.0892264983687454
-1.1464714956051498
-1.196090585101158
-1.238006069644653
-1.272152314893559
-1.2994425303509853
-1.2754605894087327
-1.2593524876262179
-1.2511434482514638
-1.2499999999999978
