1.999229725570908
-0.004119728034962966
4.440892098500626e-16
0.0048068509814747085
0.0
2.220446049250313e-16
0.0
0.0
0.0
-4.440892098500626e-16
0.0
0.0
0.0
0.0
0.0
-2.220446049250313e-16
2.220446049250313e-16
-0.004806850981474486
0.0
0.004806850981474486
-0.004806850981474486
0.0026191572829807885
0.002187693698493698
-0.0006871229465119644
-0.004119728034963188
-1.9951099975359448
-1.9967389343570094
1.5543122344752192e-15
-0.00048016635639580585
-0.000907898515006389
0.0013880648714010846
-4.440892098500626e-16
1.3322676295501878e-15
-6.661338147750939e-16
-3.393407768892409e-05
1.9967728684346977
1.287055535917919
-1.287055535917919
0.0
