0.0
-0.03925234608338046
-0.1381865972116736
-0.23712084833996672
-0.2242249082837371
-0.23712084833996672
-0.25001678839619634
-0.23712084833996672
-0.2242249082837371
-0.23712084833996672
-0.2242249082837371
-0.23712084833996672
-0.2242249082837371
-0.23712084833996672
-0.25001678839619634
-0.23712084833996672
-0.2242249082837371
-0.23712084833996672
-0.1381865972116736
-0.03925234608338046
-0.026356406027150836
0.07257784510114229
0.13998266923430913
0.1270867291780795
0.16633907526145997
0.2652733263897531
0.3642075775180462
0.46314182864633935
0.5620760797746325
0.6610103309029256
0.7090741215607048
0.6101398704324117
0.5112056193041186
0.412271368175825
0.31333711704753187
0.21440286591923874
0.12749907556597195
0.028564824437678826
0.0
