0.0
0.999614862785454
0.9975549987679725
0.9975549987679727
0.9999584242587101
0.9999584242587101
0.9999584242587102
0.9999584242587102
0.9999584242587102
0.9999584242587102
0.99995842425871
0.99995842425871
0.99995842425871
0.99995842425871
0.99995842425871
0.99995842425871
0.9999584242587098
0.99995842425871
0.9975549987679727
0.9975549987679727
0.99995842425871
0.9975549987679727
0.9988645774094631
0.99995842425871
0.999614862785454
0.9975549987679724
0.0
-0.9983694671785047
-0.9983694671785039
-0.9986095503567018
-0.999063499614205
-0.9983694671785045
-0.9983694671785047
-0.998369467178504
-0.9983694671785044
-0.9983864342173489
0.0
0.6435277679589595
0.0
