-7.0
-6.8
-6.600156587339478
-6.400782691501441
-6.202190506764998
-6.003598322028554
-5.805006137292111
-5.606413952555667
-5.408914449139306
-5.212816886260911
-5.018428327876974
-4.824939614642744
-4.632416447773944
-4.440924200624431
-4.248401033755631
-4.054912320521401
-3.8605237621374635
-3.664426199259068
-3.4669266958427074
-3.268334511106264
-3.0689606152682276
-2.869117202607706
-2.6691172026077057
-2.469273789947184
-2.2698998941091477
-2.071307709372704
-1.8738082059563435
-1.6777106430779478
-1.4833220846940103
-1.290946918676354
-1.1008863801792632
-0.913438079943368
-0.7233775414462771
-0.5310023754286209
-0.3366138170446834
-0.14222525866074584
0.052163299723191725
0.2465518581071293
0.44094041649106686
0.6353289748750044
0.8297175332589419
1.0258150961373376
1.2233145995536983
1.4219067842901418
1.6194062877065025
1.8155038505848982
2.009892408968836
2.2059899718472313
2.403489475263592
2.6020816600000356
2.801455555838072
3.0012989684985936
3.2012989684985937
3.4011423811591155
3.6005162769971517
3.7991084617335953
3.997700646470039
4.196292831206483
4.3948850159429265
4.593006990208479
4.790591479512794
4.987571391874444
5.183027186251823
5.3766528036166585
5.568145050766172
5.7572040750852445
5.943533834077651
5.7618554345938655
5.583626486808203
5.409126074688183
5.2386274437865215
5.072397573373194
4.910696758379699
4.7537782018101495
4.601887618257425
4.45526284914523
4.311979511445909
4.1640561543739425
4.010923925792052
3.8528226113828556
3.689999777788268
3.522710384951477
3.351216386881955
3.175786321468645
2.9966948899836203
2.814222526934678
2.6286549609404006
2.4402827673153116
2.249400913065724
2.0563082950087566
1.8613072717377523
1.664703190167006
1.4668039073971553
1.268442450393425
1.4668571526230547
1.6661066890530094
1.8658790601352724
1.9999999999999996
