2.5
2.5
2.4920873255977267
2.4762743670395087
2.4525858854164446
2.4288974037933806
2.4052089221703166
2.3815204405472525
2.3499935290224787
2.3106775547479717
2.263634081561838
2.2130167144734356
2.1588426411651818
2.101130257038118
2.046956183729864
1.9963388166414617
1.9492953434553277
1.9099793691808207
1.878452457656047
1.854763976032983
1.838951017474765
1.831038343072492
1.831038343072492
1.8231256686702189
1.8073127101120008
1.7836242284889368
1.7520973169641632
1.712781342689656
1.665737869503522
1.6110405615288215
1.5487750678248782
1.4790388882716958
1.4167733945677523
1.3620760865930517
1.3150326134069177
1.2679891402207837
1.2209456670346497
1.1739021938485157
1.1268587206623817
1.0798152474762477
1.0327717742901137
0.9934558000156067
0.961928888490833
0.938240406867769
0.9067134953429953
0.8673975210684883
0.8203540478823544
0.7810380736078475
0.7495111620830738
0.7258226804600098
0.7100097219017916
0.7020970474995184
0.7020970474995184
0.7100097219017916
0.7258226804600098
0.7495111620830738
0.7731996437061378
0.7968881253292018
0.8205766069522659
0.8479204053921309
0.8789102357619943
0.9135355751249041
0.9559269945904972
1.0060181145628655
1.0637304986899294
1.128973776684835
1.2016457858343812
1.1180530877424502
1.0273380273362829
0.9296426529154752
0.8251199430676261
0.7139335671232365
0.5962576288702598
0.47227639392961307
0.34218400121854187
0.20618415895365505
0.06665590725730053
-0.06793034926927977
-0.1965588864716532
-0.3190282883456037
-0.4351467833130631
-0.5447325445121196
-0.6476139745148641
-0.7436299740272379
-0.8326301941501324
-0.9144752718067273
-0.9890370479674249
-1.0561987683306686
-1.1158552661453935
-1.167913126888846
-1.2122908345418981
-1.248918899232815
-1.2777399660495945
-1.3032275792081824
-1.2781998755099537
-1.261041721596237
-1.2517799849637488
-1.2500000000000004
