1.9992297255709084
0.0006871229465124085
-6.661338147750939e-16
-2.220446049250313e-16
6.661338147750939e-16
1.1102230246251565e-15
-1.1102230246251565e-15
-0.004806850981475819
0.004806850981474486
-0.004806850981475375
2.220446049250313e-16
1.5543122344752192e-15
-1.9951099975359456
-1.9967389343570086
-4.440892098500626e-16
2.220446049250313e-16
-8.881784197001252e-16
8.881784197001252e-16
-0.0002208322051369116
0.00021547835576751773
5.353849366063201e-06
4.218847493575595e-15
1.7763568394002505e-15
-5.329070518200751e-15
3.552713678800501e-15
1.3322676295501878e-15
-1.3322676295501878e-15
-0.0007531195659609136
1.9974920539229688
1.4634342311372197
-1.4634342311372197
0.0
