0.21972448618848195
0.07324149539616016
-0.07324149539616016
0.07324149539616016
-0.07324149539616016
0.07324149539616016
-0.07324149539616016
0.5126904677731248
0.07324149539616016
0.5126904677731248
0.5126904677731248
0.5126904677731248
0.5126904677731248
-0.5126904677731248
-0.5126904677731248
-0.5126904677731248
-0.5126904677731267
-0.5126904677731248
-0.5126904677731248
0.4922085940555599
0.5126904677731248
0.5126904677731248
0.5126904677731248
0.5126904677731248
0.5126904677731248
0.5126904677731248
0.5126904677731248
0.5126904677731248
0.17589436202880973
0.5126904677731248
-0.2561241820402076
0.0
