0.0
-0.03925234608338046
-0.026356406027150836
-0.03925234608338046
-0.026356406027150836
-0.03925234608338046
-0.026356406027150836
-0.03925234608338046
0.059681905044912664
0.07257784510114229
0.17151209622943542
0.27044634735772854
0.36938059848602167
0.4683148496143148
0.5672491007426079
0.666183351870901
0.7651176029991942
0.8640518541274878
0.9629861052557809
1.061920356384074
0.9676732313253353
0.8687389801970422
0.7698047290687491
0.670870477940456
0.5719362268121628
0.4730019756838697
0.3740677245555766
0.27513347342728345
0.17619922229899032
0.1449613348935399
0.04602708376524678
0.0
