0.0
0.39984341266052165
0.3998434126605216
0.3998434126605216
0.3998434126605217
0.39984341266052165
0.39984341266052187
0.399966043902705
0.39996604390270507
0.39996604390270485
0.3998434126605217
0.3998434126605217
0.399843412660522
0.39996604390270474
0.39996604390270485
0.3999660439027053
0.3998434126605224
0.3998434126605218
0.39984341266052126
0.3998434126605214
0.39984341266052165
0.3998434126605217
0.39996604390270485
0.39996604390270496
0.3999660439027046
0.3999660439027047
0.3999660439027049
0.39996604390270485
0.39984341266052187
0.39984341266052226
0.39984341266052237
0.3998434126605223
0.39984341266052226
0.0
-0.3998956029905333
-0.39989560299053273
-0.39989560299053317
-0.39989560299053306
-0.3998956029905323
-0.39989560299053317
-0.3998956029905331
-0.39989560299053334
-0.39989560299053306
-0.3998956029905326
-0.3998956029905334
-0.3998956029905336
-0.3998956029905333
-0.3998956029905323
-0.3998956029905324
-0.39989560299053273
-0.39992678328009523
-0.3999402497196307
-0.3998956029905335
-0.3998956029905333
-0.3998956029905325
-0.3998956029905331
-0.39989560299053334
-0.3998956029905332
-0.3998956029905338
-0.39989560299053273
-0.3998956029905326
-0.3998956029905326
-0.39989560299053195
-0.39989560299053273
-0.39989560299053334
-0.3998956029905334
-0.3998956029905318
-0.3999004537267487
0.0
0.3998956029905332
0.3998956029905333
0.2889477581641161
0.0
