1.0
1.5
1.9996148627854542
2.499441207803736
2.99905607058919
3.4988824156074716
3.998497278392926
4.498323623411208
4.997938486196662
5.497048268037497
5.99573196009895
6.488395870237646
6.970221742984528
7.436497318929639
7.002214915804698
6.594490220213812
6.2173107816891715
5.87436541699833
5.569008133498036
5.304225326925756
5.041407994900242
4.7379086041078065
4.3966711082581895
4.02103281174246
3.6146674589517223
3.1815493050388852
2.725914247683672
2.252218399992433
1.765094509690016
1.2699486345531925
1.76746761802064
1.9999999999999973
