3.0
3.0
2.9920873255977267
2.9762743670395087
2.9525858854164446
2.921058973891671
2.8817429996171637
2.83469952643103
2.7840821593426277
2.729908086034374
2.67219570190731
2.6069524239124044
2.534280414762858
2.4542934696243432
2.377697824250623
2.304519487533564
2.234783307980382
2.1725178142764383
2.117820506301738
2.070777033115604
2.031461058841097
1.9999341473163235
1.9762456656932594
1.9489018672533944
1.917912036883531
1.883286697520621
1.8522968671507576
1.8249530687108926
1.8012645870878286
1.7854516285296105
1.7775389541273374
1.7775389541273374
1.7854516285296105
1.8012645870878286
1.7736532869662471
1.7382272206146856
1.6950418607679256
1.644164830231996
1.585675795995417
1.519666344480787
1.4462398381320372
1.3655112535619307
1.2776070015132435
1.1826647289155483
1.0808331033475442
0.972271580242457
0.8571501532010126
0.7356490878029858
0.6079586393341208
0.4742787548704417
0.3348187601864492
0.19071514437707027
0.050251279599139886
-0.08447060363286196
-0.2132395479062874
-0.33585391735722436
-0.45212171340673213
-0.561860875406307
-0.6648995657218066
-0.7610764388094353
-0.8502408938624295
-0.932253310632863
-1.0069852680592721
-1.0743197453577837
-1.1341513052618446
-1.1863862591236318
-1.230942813618617
-1.2677511988235513
-1.296894087342855
-1.2736392464000448
-1.2582610966095322
-1.250783718206938
-1.2499999999999998
