0.7999999999999972
0.0
-0.7999999999999972
-0.7996868253210428
-1.6653345369377348e-15
0.00010439700946773822
-0.00020877766948979026
1.1102230246251565e-15
-8.881784197001252e-16
2.220446049250313e-16
0.0
-1.7763568394002505e-15
3.219646771412954e-15
-3.3306690738754696e-16
-1.1102230246251565e-15
8.881784197001252e-16
0.0
-1.9984014443252818e-15
-6.661338147750939e-16
3.3306690738754696e-15
-2.220446049250313e-16
-6.661338147750939e-16
-2.220446049250313e-16
-1.104165247745037e-05
1.0835946321563483e-05
2.0570615488768595e-07
3.3306690738754696e-16
4.440892098500626e-16
-6.661338147750939e-16
0.0
-3.3306690738754696e-16
3.3306690738754696e-16
2.220446049250313e-16
9.992007221626409e-16
8.881784197001252e-16
-2.220446049250313e-16
-1.6653345369377348e-15
-2.3314683517128287e-15
3.552713678800501e-15
9.992007221626409e-16
-1.3322676295501878e-15
-1.1242743047312764e-05
0.7998024487241128
0.7997912059810668
-0.26935629489540536
-0.5304349110856614
0.0
