0.0
0.0
0.0
0.0
0.03957370045131725
0.0791474009026345
0.11872110135395175
0.158294801805269
0.19786850225658625
0.2374422027079035
0.27701590315922076
0.316589603610538
0.35616330406185526
0.3957370045131725
0.43531070496448976
0.474884405415807
0.5144581058671243
0.5540318063184415
0.5936055067697588
0.633179207221076
0.6727529076723933
0.7123266081237105
0.7519003085750278
0.791474009026345
0.8310477094776623
0.792921737161989
0.7533480367106717
0.7137743362593545
0.6742006358080368
0.6346269353567195
0.5950532349054023
0.555479534454085
0.5159058340027678
0.47633213355145054
0.4367584331001333
0.39718473264881604
0.3576110321974988
0.31803733174618154
0.2784636312948643
0.23888993084354704
0.1993162303922298
0.15974252994091254
0.12016882948959529
0.09206256863385232
0.052488868182535064
0.012915167731217814
0.0
