0.0
0.3999999999999986
0.3999999999999986
0.0
-0.3998434126605214
-0.39984341266052226
-0.3997912141557884
-0.3998956029905333
-0.39989560299053273
-0.39989560299053317
-0.39989560299053306
-0.39989560299053306
-0.39989560299053395
-0.39989560299053234
-0.3998956029905325
-0.39989560299053306
-0.3998956029905326
-0.3998956029905326
-0.3998956029905336
-0.39989560299053395
-0.3998956029905323
-0.3998956029905324
-0.39989560299053273
-0.39989560299053284
-0.39990112381677156
-0.3998957058436108
-0.39989560299053334
-0.39989560299053317
-0.39989560299053295
-0.3998956029905333
-0.3998956029905333
-0.39989560299053345
-0.3998956029905333
-0.39989560299053317
-0.3998956029905327
-0.39989560299053223
-0.39989560299053234
-0.39989560299053317
-0.39989560299053434
-0.39989560299053256
-0.39989560299053206
-0.39989560299053273
-0.3999012243620564
0.0
0.3998956029905334
0.2652174555428307
0.0
