8.0
8.2
8.399999999999999
8.599999999999998
8.399999999999999
8.200156587339476
8.00078269150144
7.802710997110559
7.605886776456358
7.410618231349409
7.217211127609332
7.025968316274237
6.837189259374334
6.651169561012317
6.468200504484757
6.288568596169336
6.112555116892141
5.940435681477495
5.772479807170038
5.608950491604845
5.450103800986428
5.296188469121475
5.1474455079332015
5.004107830067194
4.8663998841796925
4.728900077274794
4.585764449708254
4.437215176458688
4.283484866880894
4.124814243176609
3.9614517634540274
3.793653232673851
3.621681402091112
3.4458055578199724
3.2663010991657604
3.0834491073845287
2.8975359055453893
2.7088526101848407
2.517694675455128
2.3243614304804447
2.1291556106454275
1.9323828835498578
1.7343513703719164
1.5353854889441472
1.7348503220351104
1.9347303459524365
1.9999999999999991
