2.0
2.0
2.0
2.0
2.0
1.992087325597727
1.9762743670395089
1.9486630669179275
1.913237000566366
1.870051640719606
1.8191746101836763
1.7606855759470974
1.6946761244324673
1.6212496180837175
1.540521033513611
1.4526167814649238
1.3576745088672286
1.2558428832992246
1.1472813601941372
1.032159933152693
0.9106588677546661
0.7829684192858011
0.649288534822122
0.5098285401381295
0.3648068119291339
0.21958765578476735
0.07992029333236261
-0.0539747903350547
-0.18188793246827806
-0.3036188372811981
-0.41897688958864543
-0.5277814532856382
-0.6298621542006526
-0.7250591468800047
-0.8132233648855938
-0.8942167542140751
-0.9679124894719446
-1.034195172468053
-1.0929610129125644
-1.144117990939401
-1.1875860011977155
-1.2232969782867198
-1.251195003337488
-1.2714019208197078
-1.256960301337377
-1.25042149012367
-1.249999999999995
