0.7996868253210433
-1.1102230246251565e-16
0.0
2.220446049250313e-16
0.0
1.1102230246251565e-16
1.1102230246251565e-16
1.1102230246251565e-16
-1.1102230246251565e-16
0.0
0.0
0.0
1.1102230246251565e-16
-1.1102230246251565e-16
-3.3306690738754696e-16
1.1102230246251565e-16
-1.1102230246251565e-16
1.1102230246251565e-16
-1.1102230246251565e-16
5.551115123125783e-16
-1.1102230246251565e-16
-1.1102230246251565e-16
0.0
-2.220446049250313e-16
0.0
0.0
0.0
3.3306690738754696e-16
-1.1102230246251565e-16
-6.661338147750939e-16
7.771561172376096e-16
7.771561172376096e-16
-8.881784197001252e-16
1.1102230246251565e-16
-0.7996868253210437
-0.7996868253210447
0.7996868253210447
0.7996868253210445
-8.881784197001252e-16
1.1102230246251565e-16
-1.1102230246251565e-16
1.1102230246251565e-16
-1.1102230246251565e-16
1.1102230246251565e-16
-1.1102230246251565e-16
1.1102230246251565e-16
-1.1102230246251565e-16
1.1102230246251565e-16
-1.1102230246251565e-16
1.1102230246251565e-16
-0.7996868253210437
-0.7997912059810666
1.1102230246251565e-15
-9.992007221626409e-16
3.3306690738754696e-16
2.220446049250313e-16
-1.9984014443252818e-15
3.219646771412954e-15
-1.1102230246251565e-16
-1.3322676295501878e-15
6.661338147750939e-16
4.440892098500626e-16
-2.220446049250313e-15
-8.881784197001252e-16
3.552713678800501e-15
-2.220446049250313e-16
-6.661338147750939e-16
-1.6976991443873324e-05
-5.931209514720148e-05
7.628908658996458e-05
2.220446049250313e-16
6.661338147750939e-16
-4.440892098500626e-16
-5.551115123125783e-16
-3.3306690738754696e-16
8.881784197001252e-16
1.1102230246251565e-15
-4.440892098500626e-16
4.440892098500626e-16
-6.661338147750939e-16
-1.5543122344752192e-15
1.887379141862766e-15
-8.881784197001252e-16
0.0
-3.5238258644376685e-08
0.7997912412193249
0.7997912059810655
7.771561172376096e-16
-0.13953267371681244
-0.6602585322642538
0.0
