0.0
0.39984341266052165
0.3998434126605216
0.3998434126605216
0.3998434126605217
0.3998434126605217
0.39984341266052176
0.3998434126605218
0.39984341266052187
0.3998434126605218
0.3998434126605218
0.3998434126605218
0.3998434126605218
0.39984341266052187
0.3998434126605218
0.39984341266052165
0.3998434126605217
0.39984341266052165
0.3998434126605217
0.39984341266052165
0.3998434126605219
0.39984341266052187
0.3998434126605218
0.3998434126605218
0.3998434126605217
0.3998434126605217
0.3998434126605217
0.3998434126605217
0.39984341266052187
0.3998434126605218
0.3998434126605215
0.39984341266052187
0.39984341266052226
0.3998434126605218
0.39984341266052187
0.0
-0.39984341266052237
0.0
0.39984341266052226
0.3998434126605218
0.39984341266052187
0.3998434126605218
0.39984341266052187
0.3998434126605218
0.39984341266052187
0.3998434126605218
0.39984341266052187
0.3998434126605218
0.39984341266052187
0.3998434126605218
0.39984341266052187
0.0
-0.3998956029905333
-0.39989560299053273
-0.3998956029905332
-0.39989560299053306
-0.39989560299053295
-0.39989560299053395
-0.39989560299053234
-0.3998956029905324
-0.39989560299053306
-0.39989560299053273
-0.3998956029905325
-0.3998956029905336
-0.39989560299053406
-0.3998956029905323
-0.3998956029905324
-0.39989560299053273
-0.39990409148625466
-0.39993374753382827
-0.3998956029905333
-0.39989560299053317
-0.39989560299053284
-0.39989560299053306
-0.39989560299053334
-0.3998956029905335
-0.39989560299053306
-0.3998956029905325
-0.39989560299053273
-0.3998956029905325
-0.39989560299053284
-0.3998956029905336
-0.3998956029905327
-0.3998956029905331
-0.3998956029905331
-0.39989562060966244
0.0
0.39989560299053273
0.3998956029905331
0.3301292661321269
0.0
