-2.0
-1.8
-1.6001565873394783
-1.4007826915014423
-1.2021905067649987
-1.004691003348638
-0.8060988186121945
-0.6067249227741583
-0.4068815101136365
-0.20688151011363648
-0.00703809745311465
0.19296190254688536
0.3928053152074072
0.5928053152074072
0.7926487278679291
0.992648727867929
1.1924921405284508
1.3924921405284507
1.5923355531889725
1.7923355531889724
1.9921789658494942
2.1921789658494943
2.392022378510016
2.5913962743480523
2.789988459084496
2.9874879625008566
3.1860801472373
3.383579650653661
3.5821718353901044
3.7815457312281406
3.9813891438886624
4.181389143888662
4.381232556549184
4.5806064523872205
4.779198637123664
4.9785725329617
4.778729120301178
4.578729120301178
4.7785725329617
4.977946428799736
5.17653861353618
5.375912509374216
5.57450469411066
5.773878589948696
5.9724707746851395
6.171844670523176
6.370436855259619
6.5698107510976556
6.768402935834099
6.967776831672135
7.166369016408579
7.365742912246615
7.167671217855734
6.970846997201533
6.775578452094584
6.582171348354507
6.390928537019412
6.202149480119509
6.016129781757492
5.833160725229932
5.653528816914511
5.477515337637316
5.30539590222267
5.137440027915213
4.97391071235002
4.815064021731603
4.66114868986665
4.5124057286783765
4.369068050812369
4.231167652493609
4.091384601595169
3.946052533629977
3.795399020216666
3.6396599656837223
3.479079237673166
3.313908285274705
3.1444057452882888
2.9708370372316324
2.793473947726847
2.612594204917005
2.4284810435790263
2.2414227616138804
2.0517122686085685
1.8596466271768017
1.6655265877965455
1.469656117872864
1.272341990237564
1.4707761478639751
1.6700390030403298
1.86981853536314
2.0
