2.0
2.0
1.992087325597727
1.9762743670395089
1.9525858854164448
1.9210589738916712
1.8973704922686072
1.8815575337103891
1.873644859308116
1.873644859308116
1.865732184905843
1.865732184905843
1.85781951050357
1.85781951050357
1.849906836101297
1.849906836101297
1.8419941616990239
1.8419941616990239
1.8340814872967508
1.8340814872967508
1.8261688128944777
1.8261688128944777
1.8182561384922047
1.8024431799339866
1.7787546983109226
1.747227786786149
1.723539305163085
1.6920123936383114
1.6683239120152473
1.6525109534570293
1.6445982790547562
1.6445982790547562
1.6366856046524831
1.620872646094265
1.597184164471201
1.581371205912983
1.589283880315256
1.589283880315256
1.597196554717529
1.6130095132757472
1.6366979948988112
1.6525109534570293
1.6761994350800933
1.6920123936383114
1.7157008752613754
1.7315138338195935
1.7552023154426575
1.7710152740008756
1.7947037556239396
1.8105167141821576
1.8342051958052217
1.8500181543634397
1.8224068542418583
1.7869807878902968
1.7437954280435368
1.692918397507607
1.6344293632710283
1.5684199117563982
1.4949934054076484
1.414264820837542
1.3263605687888549
1.2314182961911595
1.1295866706231554
1.0210251475180683
0.9059037204766238
0.784402655078597
0.656712206609732
0.5230323221460529
0.3835723274620604
0.23872879488881726
0.09570614390372656
-0.041674240555771735
-0.1731972382006859
-0.2986569006682034
-0.41785677401074794
-0.5306102063179905
-0.6367406399901112
-0.7360818882046454
-0.8284783951440109
-0.9137854795762195
-0.9918695614073725
-1.0626083708511755
-1.1258911398879405
-1.1816187757132854
-1.2297040159049182
-1.2700715650645393
-1.3026586567810803
-1.2777856774586245
-1.2607828965023895
-1.251676938114711
-1.25
