1.999229725570908
0.0006871229465119644
6.661338147750939e-16
1.1102230246251565e-15
-1.1102230246251565e-15
2.220446049250313e-16
-2.220446049250313e-16
2.220446049250313e-16
-2.220446049250313e-16
-0.004806850981475819
-1.9951099975359448
-1.9967389343570079
4.440892098500626e-16
-1.7763568394002505e-15
-1.1102230246251565e-15
6.661338147750939e-16
-0.000471052118074633
-0.0009119922706235517
0.0013830443886979626
6.661338147750939e-16
1.3322676295501878e-15
-1.5543122344752192e-15
1.3322676295501878e-15
-1.827283105027e-05
1.9967572071880584
1.1817922973811046
-1.1817922973811046
0.0
