0.0
-0.03925234608338046
-0.026356406027150836
-0.03925234608338046
-0.026356406027150836
-0.03925234608338046
-0.026356406027150836
-0.03925234608338046
-0.026356406027150836
-0.03925234608338046
0.059681905044912664
0.1586161561732058
0.2575504073014989
0.35648465842979205
0.45541890955808517
0.5543531606863787
0.6532874118146719
0.752221662942965
0.8008703569941007
0.7019361058658076
0.6030018547375144
0.5040676036092213
0.4051333524809282
0.30619910135263506
0.20726485022434193
0.11708204759797658
0.018147796469683453
0.0
