0.0
0.39984341266052187
0.3998434126605218
0.3998434126605218
0.39984341266052187
0.3998434126605218
0.3998434126605219
0.39984341266052187
0.3998434126605218
0.3998434126605218
0.39996604390270435
0.39996604390270446
0.3999660439027046
0.39984341266052215
0.3998434126605218
0.399843412660522
0.39984341266052253
0.39984341266052215
0.3998434126605223
0.3999660439027056
0.3999660439027052
0.39996604390270496
0.399843412660522
0.3998434126605217
0.0
-0.39989560299053306
-0.3998956029905326
-0.39989560299053306
-0.39989560299053356
-0.3998956029905335
-0.39989560299053295
-0.3998956029905325
-0.39989560299053273
-0.3998956029905333
-0.39989560299053317
-0.3999102781963949
-0.3999396422760715
-0.39989560299053273
-0.39989560299053317
-0.3998956029905332
-0.39989560299053334
-0.3998956029905329
-0.3998956029905337
-0.3998956029905335
-0.3998956029905323
-0.39989560299053284
-0.3998956029905329
-0.399895602990533
-0.3998956029905323
-0.399895602990532
-0.3998956029905347
-0.3998956029905335
-0.3998956029905315
-0.3998956029905325
-0.39989560299053256
-0.39989560299053395
-0.39989560299053334
-0.39989560299053134
-0.39989997337583083
0.0
0.3998956029905327
0.3998956029905344
0.30929336266126434
0.0
