2.0
2.2
2.399843412660522
2.599217308498558
2.7978094932350017
2.997183389073038
3.1970268017335597
3.39702680173356
3.5968702143940816
3.796244110232118
3.9948362949685614
4.192958269234113
4.3905427585384285
4.5875226709000785
4.782978465277457
4.976604082642293
5.1680963297918066
5.357155354110879
5.543485113103285
5.726793837956764
5.908597569270535
6.088834573592706
6.267443649470728
6.442352446469866
6.613287079558386
6.448824231215253
6.2889918173990615
6.13404011543423
5.98421176006834
5.839741363536844
5.700855148190005
5.567770592257336
5.440696089304227
5.31983062191401
5.205363450106415
5.097473814980357
4.995901621289079
4.891365382003098
4.780165815385248
4.6624770458784095
4.5384833591956175
4.408378913751969
4.272367436637127
4.130661904604491
3.983484210576565
3.8310648161887313
3.6736423909155107
3.511463438344382
3.344781910182368
3.1738588085998214
2.9989617775340616
2.8203646835928606
2.6383471872140096
2.4531943047524702
2.265195962180857
2.074646541102066
1.8818444177849534
1.687091495944883
1.4906927340007181
1.2929727298380183
1.491507774237669
1.690839053085095
1.8906544388340016
1.9999999999999982
