2.0
2.0
1.9803788663968722
1.9672021890590268
1.947581055455899
1.9344043781180535
1.9147832445149258
1.9016065671770803
1.8819854335739525
1.868808756236107
1.8491876226329793
1.879010863080564
1.7757605297938712
1.6247136590871265
1.4273474901002172
1.1855922649384771
0.9018123508953841
0.5787831169287792
0.22182918248942274
-0.11936403671139972
-0.42281528121065737
-0.6855567963417069
-0.9050189687917469
-1.0790554574326832
-1.2059641845479359
-1.28460013415889
-1.2508322028877124
-1.2500000000000013
