0.7996868253210446
-1.1102230246251565e-16
-8.881784197001252e-16
-2.220446049250313e-16
-1.1102230246251565e-16
4.440892098500626e-16
0.0
0.0
0.0
0.0
0.0
0.0
3.3306690738754696e-16
-4.440892098500626e-16
0.0
1.1102230246251565e-16
-5.551115123125783e-16
0.0
4.440892098500626e-16
2.220446049250313e-16
-1.1102230246251565e-16
-1.1102230246251565e-16
1.1102230246251565e-16
-1.1102230246251565e-16
1.1102230246251565e-16
0.0
1.1102230246251565e-16
-1.1102230246251565e-16
1.1102230246251565e-16
-2.220446049250313e-16
-2.220446049250313e-16
-2.220446049250313e-16
3.3306690738754696e-16
5.551115123125783e-16
1.1102230246251565e-16
-5.551115123125783e-16
0.0
0.0
0.0
6.661338147750939e-16
-0.7996868253210443
-0.7996868253210433
0.7996868253210433
0.7996868253210437
0.0
1.1102230246251565e-16
-1.1102230246251565e-16
-1.1102230246251565e-16
1.1102230246251565e-16
-9.992007221626409e-16
9.992007221626409e-16
7.771561172376096e-16
1.1102230246251565e-16
-1.1102230246251565e-16
0.0
0.0
0.0
0.0
0.0
2.220446049250313e-16
-1.1102230246251565e-16
-1.1102230246251565e-16
-8.881784197001252e-16
1.1102230246251565e-16
-0.7996868253210437
-0.7997912059810666
1.1102230246251565e-15
-9.992007221626409e-16
3.3306690738754696e-16
1.6653345369377348e-15
-1.887379141862766e-15
1.1102230246251565e-16
-3.3306690738754696e-16
4.440892098500626e-16
8.881784197001252e-16
-1.5543122344752192e-15
-4.440892098500626e-16
6.661338147750939e-16
1.9984014443252818e-15
-4.556441026026814e-05
4.120486156000691e-05
4.3595487001502065e-06
-9.992007221626409e-16
-1.887379141862766e-15
1.2212453270876722e-15
1.7763568394002505e-15
-2.4424906541753444e-15
4.440892098500626e-16
2.55351295663786e-15
-8.881784197001252e-16
-2.3314683517128287e-15
-4.440892098500626e-16
8.881784197001252e-16
2.7755575615628914e-15
-9.252961187256048e-05
0.7998837355929366
0.7997912059810677
0.0
-0.18036582165345272
-0.619425384327615
0.0
