0.0
-0.03957370045131725
-0.0791474009026345
-0.11872110135395175
-0.158294801805269
-0.19786850225658625
-0.2374422027079035
-0.19786850225658625
-0.2374422027079035
-0.19786850225658625
-0.2374422027079035
-0.19786850225658625
-0.2374422027079035
-0.27701590315922076
-0.316589603610538
-0.27701590315922076
-0.2374422027079035
-0.27701590315922076
-0.316589603610538
-0.35616330406185526
-0.316589603610538
-0.35616330406185526
-0.316589603610538
-0.27701590315922076
-0.316589603610538
-0.35616330406185526
-0.316589603610538
-0.35616330406185526
-0.316589603610538
-0.27701590315922076
-0.316589603610538
-0.27701590315922076
-0.316589603610538
-0.35616330406185526
-0.316589603610538
-0.27701590315922076
-0.316589603610538
-0.27701590315922076
-0.316589603610538
-0.27701590315922076
-0.2374422027079035
-0.19786850225658625
-0.158294801805269
-0.11872110135395175
-0.0791474009026345
-0.03957370045131725
0.0
0.03957370045131725
0.0791474009026345
0.03957370045131725
0.0791474009026345
0.03957370045131725
0.0791474009026345
0.03957370045131725
0.0791474009026345
0.03957370045131725
0.0791474009026345
0.03957370045131725
0.0791474009026345
0.03957370045131725
0.0
0.03957370045131725
0.0791474009026345
0.11872110135395175
0.0791474009026345
0.11872110135395175
0.158294801805269
0.19786850225658625
0.2374422027079035
0.27701590315922076
0.316589603610538
0.35616330406185526
0.3957370045131725
0.43531070496448976
0.474884405415807
0.5144581058671243
0.5540318063184415
0.5936055067697588
0.633179207221076
0.6727529076723933
0.7123266081237105
0.6796650372392543
0.6400913367879371
0.6005176363366198
0.5609439358853021
0.5213702354339849
0.4817965349826676
0.44222283453135036
0.4026491340800331
0.36307543362871586
0.3235017331773986
0.28392803272608136
0.2443543322747641
0.20478063182344686
0.1652069313721296
0.12563323092081236
0.1404418237664209
0.10086812331510364
0.06129442286378639
0.02172072241246914
0.0
