0.0
0.3998434126605223
0.39984341266052226
0.3998434126605218
0.3998434126605217
0.39984341266052165
0.39984341266052187
0.39984341266052187
0.39984341266052187
0.39984341266052187
0.39984341266052187
0.39984341266052187
0.39984341266052187
0.39984341266052204
0.3998434126605218
0.3998434126605218
0.39984341266052187
0.3998434126605216
0.3998434126605216
0.3998434126605218
0.3998434126605219
0.39984341266052187
0.3998434126605218
0.39984341266052187
0.3998434126605218
0.39984341266052187
0.39984341266052187
0.3998434126605219
0.39984341266052187
0.3998434126605219
0.3998434126605218
0.3998434126605217
0.3998434126605216
0.39984341266052176
0.39984341266052204
0.3998434126605221
0.3998434126605218
0.3998434126605218
0.3998434126605218
0.3998434126605218
0.39984341266052215
0.0
-0.39984341266052165
0.0
0.39984341266052187
0.39984341266052187
0.3998434126605219
0.39984341266052187
0.3998434126605218
0.39984341266052187
0.39984341266052137
0.39984341266052187
0.39984341266052226
0.3998434126605223
0.39984341266052226
0.39984341266052226
0.39984341266052226
0.39984341266052226
0.39984341266052226
0.39984341266052226
0.39984341266052237
0.3998434126605223
0.39984341266052226
0.3998434126605218
0.39984341266052187
0.0
-0.3998956029905333
-0.39989560299053273
-0.3998956029905332
-0.39989560299053306
-0.39989560299053223
-0.39989560299053317
-0.3998956029905331
-0.3998956029905333
-0.39989560299053306
-0.3998956029905326
-0.3998956029905334
-0.3998956029905336
-0.3998956029905333
-0.3998956029905323
-0.3999183851956624
-0.3998977827648824
-0.39989560299053234
-0.39989560299053284
-0.3998956029905338
-0.39989560299053317
-0.3998956029905323
-0.3998956029905335
-0.3998956029905333
-0.399895602990532
-0.39989560299053245
-0.3998956029905336
-0.39989560299053384
-0.3998956029905334
-0.399895602990532
-0.3999418677964683
0.0
0.39989560299053384
0.39989560299053384
0.3097126921638075
0.0
