-5.0
-4.8
-4.600156587339478
-4.400782691501441
-4.202190506764998
-4.004691003348637
-3.8085934404702417
-3.614204882086304
-3.4181073192079086
-3.223718760823971
-3.0276211979455754
-2.8332326395616376
-2.637135076683242
-2.4427465182993044
-2.250371352281648
-2.0603108137845574
-1.8679356477669011
-1.6735470893829636
-1.4811719233653076
-1.2911113848682167
-1.1036630846323214
-0.9136025461352305
-0.7261542458993353
-0.5360937074022444
-0.34371854138458824
-0.1536580028874973
0.03379029734839792
0.22385083584548884
0.4112991360813841
0.6013596745784751
0.7937348405961312
0.9837953790932221
1.1761705451108782
1.366231083607969
1.5536793838438643
1.7437399223409553
1.9361150883586116
2.1261756268557024
2.3185507928733586
2.5086113313704494
2.7009864973881057
2.8953750557720435
2.699277492893648
2.5017779894772874
2.700370174213731
2.899744070051767
3.099587482712289
3.299587482712289
3.499430895372811
3.698804791210847
3.898648203871369
4.098022099709405
4.297865512369927
4.497239408207963
4.697082820868485
4.896456716706521
5.096300129367044
5.29567402520508
5.495517437865602
5.694891333703638
5.89473474636416
6.094734746364161
6.294578159024683
6.493952054862719
6.692544239599163
6.891918135437199
6.693846441046317
6.497022220392116
6.301753675285168
6.10834657154509
5.917103760209995
5.7283247033100935
5.542305004948076
5.359335948420515
5.179704040105094
5.003690560827899
4.831571125413253
4.663615251105796
4.5000859355406035
4.341239244922186
4.1873239130572335
4.034255251781071
3.8762521802182666
3.71352249903461
3.5463210223084065
3.374909566383631
3.1995565398986776
3.020536523492413
2.838129839845659
2.652622114731373
2.4643038297608344
2.273469867526231
2.0804190498518444
1.8854536698769149
1.6888790187028473
1.4910029073460054
1.292557428925619
1.4910904763249055
1.6904204116076684
1.89023510933146
2.0000000000000018
