3.0
3.0
2.9920873255977267
2.9762743670395087
2.9525858854164446
2.921058973891671
2.8817429996171637
2.83469952643103
2.795383552156523
2.748340078970389
2.709024104695882
2.6619806315097483
2.6226646572352412
2.5756211840491074
2.520923876074407
2.4586583823704635
2.403961074395763
2.3569176012096293
2.302220293234929
2.2399547995309854
2.170218619977803
2.1079531262738596
2.038216946720677
1.9759514530167337
1.921254145042033
1.8589886513380898
1.7892524717849074
1.726986978080964
1.6572507985277816
1.594985304823838
1.5402879968491374
1.4780225031451941
1.4233251951704935
1.3610597014665502
1.2913235219133679
1.2290580282094243
1.1743607202347237
1.1120952265307804
1.0573979185560798
0.9951324248521364
0.9404351168774359
0.893391643691302
0.9327076179658089
0.9642345294905826
0.9405460478675186
0.9247330893093004
0.9168204149070273
0.9168204149070273
0.9247330893093004
0.9405460478675186
0.9484587222697918
0.96427168082801
0.9721843552302831
0.9879973137885013
0.9959099881907745
1.0117229467489925
1.0196356211512656
1.0354485797094837
1.0433612541117567
1.0591742126699748
1.0670868870722479
1.0670868870722479
1.074999561474521
1.090812520032739
1.114501001655803
1.130313960214021
1.1027026600924397
1.0672765937408781
1.0240912338941182
0.9732142033581884
0.9147251691216096
0.8487157176069795
0.7752892112582297
0.6945606266881232
0.6066563746394361
0.5117141020417408
0.40988247647373677
0.3013209533686495
0.18619952632720516
0.0646984609291783
-0.06299198753968671
-0.19169770953199428
-0.31429383259466737
-0.4305428363544588
-0.5402626895892118
-0.6432815848998663
-0.7394382077390962
-0.8285819890094646
-0.9105733408355701
-0.9852838751409869
-1.052596604687735
-1.1124061262634888
-1.1646187857296557
-1.2091528246719083
-1.2459385084235055
-1.27491823526095
-1.2997590762891573
-1.2756881580758643
-1.2594907226785879
-1.2511921332304816
-1.2500000000000002
