0.7996868253210446
-1.1102230246251565e-16
-8.881784197001252e-16
-2.220446049250313e-16
0.0
3.3306690738754696e-16
0.0
1.1102230246251565e-16
-1.1102230246251565e-16
1.1102230246251565e-16
-1.1102230246251565e-16
-1.1102230246251565e-16
0.0
-2.220446049250313e-16
0.0
0.0
0.0
3.3306690738754696e-16
0.0
-3.3306690738754696e-16
2.220446049250313e-16
1.1102230246251565e-16
-2.220446049250313e-16
2.220446049250313e-16
-1.1102230246251565e-16
1.1102230246251565e-16
-1.1102230246251565e-16
-1.1102230246251565e-16
2.220446049250313e-16
-3.3306690738754696e-16
-2.220446049250313e-16
2.220446049250313e-16
0.0
3.3306690738754696e-16
-1.1102230246251565e-16
-2.220446049250313e-16
0.0
3.3306690738754696e-16
-1.1102230246251565e-16
-2.220446049250313e-16
0.0
3.3306690738754696e-16
-1.1102230246251565e-16
-2.220446049250313e-16
8.881784197001252e-16
3.3306690738754696e-16
0.0
-1.1102230246251565e-16
-8.881784197001252e-16
-2.220446049250313e-16
0.0
3.3306690738754696e-16
8.881784197001252e-16
-1.1102230246251565e-16
-8.881784197001252e-16
-2.220446049250313e-16
0.0
0.0
0.0
0.0
0.0
3.3306690738754696e-16
8.881784197001252e-16
-1.1102230246251565e-16
-1.6653345369377348e-15
-0.7996868253210428
-0.7996868253210446
0.7996868253210446
0.0
-0.7997912059810666
1.3322676295501878e-15
-1.2212453270876722e-15
2.220446049250313e-16
1.887379141862766e-15
-1.9984014443252818e-15
1.1102230246251565e-16
-2.220446049250313e-16
3.3306690738754696e-16
6.661338147750939e-16
-1.1102230246251565e-15
-6.661338147750939e-16
5.551115123125783e-16
2.1094237467877974e-15
-2.220446049250313e-16
-6.661338147750939e-16
-2.220446049250313e-16
-7.267741827021723e-06
-4.895825784367869e-05
5.622599967025632e-05
-9.992007221626409e-16
5.551115123125783e-16
1.1102230246251565e-15
2.220446049250313e-16
-1.3322676295501878e-15
1.1102230246251565e-16
1.6653345369377348e-15
-1.7763568394002505e-15
5.551115123125783e-16
2.6645352591003757e-15
-2.220446049250313e-15
-3.774758283725532e-15
1.5543122344752192e-15
3.219646771412954e-15
-6.661338147750939e-16
1.1102230246251565e-16
-1.719198692551327e-05
0.7998083979679906
0.7997912059810669
-2.7755575615628914e-15
-0.344808008327045
-0.4549831976540191
0.0
