0.0
0.3998434126605223
0.39984341266052226
0.3998434126605218
0.3998434126605217
0.3998434126605217
0.39984341266052187
0.39984341266052187
0.3998434126605219
0.39984341266052187
0.3998434126605219
0.39984341266052187
0.3998434126605218
0.3998434126605218
0.3998434126605217
0.3998434126605217
0.3998434126605217
0.3998434126605217
0.39984341266052187
0.39984341266052187
0.3998434126605217
0.3998434126605218
0.39984341266052187
0.39984341266052176
0.39984341266052187
0.3998434126605218
0.39984341266052187
0.3998434126605218
0.39984341266052176
0.39984341266052187
0.3998434126605217
0.3998434126605216
0.3998434126605217
0.3998434126605217
0.39984341266052187
0.3998434126605218
0.3998434126605217
0.3998434126605217
0.39984341266052187
0.3998434126605218
0.3998434126605217
0.3998434126605217
0.39984341266052187
0.3998434126605218
0.3998434126605217
0.39984341266052215
0.3998434126605223
0.3998434126605223
0.39984341266052226
0.3998434126605218
0.3998434126605217
0.3998434126605217
0.39984341266052187
0.3998434126605223
0.39984341266052226
0.3998434126605218
0.3998434126605217
0.3998434126605217
0.3998434126605217
0.3998434126605217
0.3998434126605217
0.3998434126605217
0.39984341266052187
0.3998434126605223
0.39984341266052226
0.3998434126605214
0.0
-0.3998434126605223
0.0
0.0
-0.3998956029905333
-0.3998956029905326
-0.3998956029905332
-0.3998956029905331
-0.3998956029905322
-0.39989560299053317
-0.3998956029905331
-0.3998956029905332
-0.39989560299053306
-0.39989560299053273
-0.3998956029905333
-0.3998956029905336
-0.39989560299053334
-0.3998956029905323
-0.3998956029905324
-0.39989560299053273
-0.39989560299053284
-0.39989923686144635
-0.3999237159903682
-0.39989560299053306
-0.39989560299053356
-0.3998956029905333
-0.39989560299053273
-0.3998956029905326
-0.3998956029905333
-0.3998956029905332
-0.3998956029905324
-0.3998956029905333
-0.399895602990533
-0.3998956029905317
-0.3998956029905328
-0.39989560299053467
-0.3998956029905339
-0.3998956029905323
-0.3998956029905326
-0.39989560299053256
-0.3999041989839953
0.0
0.39989560299053345
0.39989560299053206
0.22749159882700956
0.0
