-5.0
-4.8
-4.600156587339478
-4.400782691501441
-4.202190506764998
-4.004691003348637
-3.8060988186121936
-3.6067249227741573
-3.4068815101136356
-3.2068815101136354
-3.0070380974531137
-2.8070380974531135
-2.6071946847925918
-2.4078207889545555
-2.209228604218112
-2.0117291008017513
-1.8131369160653077
-1.615637412648947
-1.4170452279125034
-1.2176713320744672
-1.0178279194139455
-0.8184540235759094
-0.6198618388394657
-0.42048794300142955
-0.22189575826498592
-0.02439625484862515
0.17419592988781848
0.37169543330417926
0.5702876180406229
0.769661513878659
0.9695049265391809
1.1688788223772169
1.3674710071136604
1.5649705105300211
1.7635626952664647
1.962936591104501
2.1615287758409445
2.359028279257305
2.5576204639937488
2.756994359831785
2.9555865445682286
3.1530860479845892
3.351678232721033
3.551052128559069
3.7496443132955126
3.9471438167118733
4.145736001448317
4.3451098972863536
4.544953309946876
4.744327205784912
4.9429193905213555
5.140418893937716
5.33901107867416
5.538384974512196
5.738228387172718
5.937602283010754
6.136194467747198
6.333693971163559
6.532286155900002
6.729785659316363
6.9283778440528065
7.125877347469167
7.324469532205611
7.523843428043647
7.723686840704169
7.923060736542205
8.122904149202727
7.922904149202727
7.723060736542204
7.922434632380241
7.724362937989359
7.527538717335158
7.33227017222821
7.138863068488132
6.947620257153037
6.758841200253135
6.572821501891118
6.389852445363557
6.210220537048136
6.034207057770941
5.862087622356295
5.694131748048838
5.530602432483645
5.371755741865228
5.217840410000275
5.069097448812002
4.925759770945994
4.788051825058493
4.656110232380198
4.522890804430355
4.38387458421272
4.239279253527975
4.089331230357452
3.934265314321231
3.7743243190116713
3.6097586917780626
3.4408261215577864
3.2677911353680633
3.0909246840901314
2.91050371819448
2.7268107540714643
2.540133431646412
2.3507640639719174
2.1589991795026116
1.9651390577691368
1.7694872591784243
1.572350149676529
1.3740674526421177
1.572965853503704
1.7725329357739508
1.9724562026682584
2.0000000000000018
