3.5
3.5
3.4920873255977267
3.4762743670395087
3.4525858854164446
3.421058973891671
3.3973704922686068
3.3815575337103887
3.3736448593081154
3.3736448593081154
3.365732184905842
3.365732184905842
3.357819510503569
3.342006551945351
3.3183180703222868
3.286791158797513
3.263102677174449
3.231575765649675
3.207887284026611
3.192074325468393
3.1841616510661197
3.1683486925079016
3.1446602108848376
3.1288472523266195
3.1051587707035555
3.0736318591787817
3.0499433775557176
3.018416466030944
2.99472798440788
2.9789150258496617
2.9710023514473884
2.9551893928891704
2.9315009112661063
2.8999739997413325
2.8762855181182685
2.8604725595600504
2.8367840779369864
2.8052571664122126
2.7815686847891485
2.7657557262309305
2.7420672446078664
2.7105403330830926
2.6868518514600286
2.6710388929018105
2.6473504112787465
2.6158234997539727
2.5921350181309086
2.5763220595726906
2.5684093851704173
2.552596426612199
2.528907944989135
2.4973810334643614
2.4736925518412973
2.4578795932830793
2.449966918880806
2.434153960322588
2.410465478699524
2.37893856717475
2.355250085551686
2.323723174026912
2.300034692403848
2.2685077808790743
2.2448192992560103
2.2290063406977922
2.221093666295519
2.205280707737301
2.1973680333350276
2.1973680333350276
2.1894553589327543
2.2052683174909724
2.1776570173693908
2.1422309510178295
2.0990455911710697
2.0481685606351396
1.989679526398561
1.9236700748839308
1.850243568535181
1.7695149839650746
1.6816107319163875
1.5866684593186922
1.484836833750688
1.376275310645601
1.2611538836041565
1.1396528182061296
1.0119623697372646
0.8782824852735855
0.738822490589593
0.5938007623805974
0.44351157521791773
0.29435607236939676
0.15058795862479446
0.012432356648442333
-0.11989439937818647
-0.2461851025084103
-0.36624199749019004
-0.4798770904258136
-0.5869124431465393
-0.6871804518412414
-0.780524109502756
-0.8667972517809797
-0.9458647858577356
-1.017602901985021
-1.0818992673554009
-1.1386532020009597
-1.1877758364453879
-1.2291902508623274
-1.2628315955220812
-1.288911400035789
-1.268073786257267
-1.2551215784370116
-1.250075058092651
-1.2499999999999996
