1.9977291548189253
0.0021876936984954742
-1.9999168485174208
-1.9967389343570092
2.6645352591003757e-15
-2.4424906541753444e-15
-6.661338147750939e-16
1.1102230246251565e-15
2.220446049250313e-16
8.881784197001252e-16
-0.0006142986621557878
-0.0008233624090598912
0.0014376610712145688
-2.4424906541753444e-15
2.886579864025407e-15
0.0
-1.5543122344752192e-15
3.552713678800501e-15
-6.661338147750939e-16
-0.00010489346131037358
1.9968438278183172
1.4305955960097834
-1.4305955960097834
0.0
