0.0
-0.03957370045131725
-0.0791474009026345
-0.11872110135395175
-0.0791474009026345
-0.03957370045131725
0.0
0.03957370045131725
0.0791474009026345
0.11872110135395175
0.158294801805269
0.19786850225658625
0.2374422027079035
0.27701590315922076
0.316589603610538
0.35616330406185526
0.3957370045131725
0.43531070496448976
0.474884405415807
0.5144581058671243
0.5540318063184415
0.5936055067697588
0.633179207221076
0.6727529076723933
0.7123266081237105
0.7519003085750278
0.791474009026345
0.8310477094776623
0.8706214099289795
0.9101951103802968
0.949768810831614
0.9893425112829313
1.0096116380676854
0.9700379376163681
0.9304642371650509
0.8908905367137336
0.8513168362624159
0.8117431358110987
0.7721694353597814
0.7325957349084642
0.6930220344571469
0.6534483340058297
0.6138746335545124
0.5743009331031952
0.5347272326518779
0.4951535322005607
0.45557983174924344
0.4160061312979262
0.37643243084660893
0.3368587303952917
0.29728502994397443
0.2577113294926572
0.21813762904133993
0.17856392859002268
0.13899022813870543
0.1414050440044794
0.10183134355316215
0.062257643101844895
0.022683942650527644
0.0
