0.0
0.3998434126605223
0.39984341266052226
0.3998434126605218
0.39984341266052187
0.3998434126605223
0.3998434126605215
0.3998434126605214
0.39984341266052226
0.0
-0.3998956029905324
-0.3998956029905335
-0.3998956029905341
-0.39989560299053223
-0.3998956029905329
-0.39989560299053395
-0.39989560299053234
-0.3998956029905324
-0.39989560299053306
-0.39989560299053273
-0.3998956029905326
-0.3998956029905335
-0.39989560299053395
-0.3998956029905323
-0.3998956029905324
-0.3998956029905329
-0.399895602990533
-0.39989560299053306
-0.39989560299053284
-0.3998956029905327
-0.39989560299053295
-0.3999096893154773
-0.3999392725310602
-0.3998956029905326
-0.3998956029905333
-0.39989560299053395
-0.39989560299053306
-0.3998956029905331
-0.39989560299053406
-0.39989560299053206
-0.3998956029905316
-0.3998956029905334
-0.3998956029905334
-0.3998956029905325
-0.3998956029905325
-0.39989560299053284
-0.39989560299053417
-0.3998956029905343
-0.39989560299053273
-0.3998956029905324
-0.39989560299053295
-0.39989560299053106
-0.3998956029905316
-0.3998956029905333
-0.39993698543448036
0.0
0.3998956029905324
0.3998956029905329
0.3145794738546278
0.0
