7.0
7.2
7.399843412660522
7.599217308498559
7.797809493235002
7.997183389073038
8.19702680173356
8.39702680173356
8.596870214394082
8.796244110232118
8.598172415841237
8.401348195187037
8.206079650080087
8.01267254634001
7.821429735004915
7.632650678105012
7.446630979742995
7.263661923215435
7.084030014900014
6.908016535622819
6.735897100208173
6.567941225900716
6.404411910335523
6.245565219717106
6.091649887852153
5.94290692666388
5.799569248797872
5.661861302910371
5.52999872221009
5.404187986803917
5.284626100375201
5.171500281700931
5.064586639934127
4.954826535648857
4.838538357625245
4.715904198427384
4.587116087622454
4.452375691086731
4.311893995222349
4.165890976579319
4.014595257400092
3.858243747626072
3.69708127392665
3.5313601963316295
3.3613400130673705
3.1872869542154234
3.009473564829923
2.8281782781665443
2.643684979691275
2.4562825625517117
2.266264475206971
2.0739282619245536
1.879575096863693
1.6835093124747456
1.4860379229531162
1.2877377051506516
1.4862474748591508
1.6855617159782703
1.8853683276406406
2.0000000000000018
