3.5
3.5
3.4920873255977267
3.4762743670395087
3.4525858854164446
3.4367729268582266
3.4288602524559533
3.4288602524559533
3.4367729268582266
3.4525858854164446
3.424974585294863
3.3895485189433017
3.346363159096542
3.295486128560612
3.236997094324033
3.1709876428094033
3.0975611364606532
3.016832551890547
2.9289282998418598
2.8339860272441646
2.7321544016761603
2.623592878571073
2.508471451529629
2.386970386131602
2.259279937662737
2.125600053199058
1.9861400585150653
1.8411183303060696
1.6907619542379406
1.5353063693596973
1.3749949994357729
1.21007887177521
1.0410629450350601
0.8738878885207422
0.7111861993309025
0.5532126477119284
0.4002146002453806
0.25243163250323963
0.11009515390289515
-0.026571954650706164
-0.15735568976833747
-0.282051260678708
-0.40046340990488316
-0.5124067190127701
-0.6177058989529116
-0.7161960645409509
-0.8077229926469411
-0.8921433636892586
-0.9693249860549096
-1.0391470030948642
-1.1015000823702707
-1.1562865868532106
-1.2034207278139175
-1.2428286991550785
-1.2744487929828252
-1.3004428205714826
-1.276180682504998
-1.259791256023631
-1.2513002048942634
-1.249999999999996
