1.9951099975359448
0.0
0.004806850981475375
-0.0006871229465117423
0.0006871229465119644
4.440892098500626e-16
0.0
-2.220446049250313e-16
-6.661338147750939e-16
2.220446049250313e-16
0.0
0.0
-0.00218769369849392
0.00218769369849392
4.440892098500626e-16
-4.440892098500626e-16
-0.0048068509814751526
2.220446049250313e-16
0.0
0.0
0.004806850981475597
0.0
-0.004806850981475819
-1.995109997535945
-1.9967389343570077
-6.661338147750939e-16
-0.0009832543987142728
-0.0004070976498229406
0.0013903520485365473
2.220446049250313e-16
-8.881784197001252e-16
0.0
-0.00022084993960214128
1.9969597842966118
1.2140825316176131
-1.2140825316176131
0.0
