0.0
-0.09893425112829313
-0.19786850225658625
-0.21076444231281588
-0.17151209622943542
-0.1586161561732058
-0.14572021611697616
-0.1586161561732058
-0.17151209622943542
-0.1586161561732058
-0.17151209622943542
-0.18440803628566504
-0.17151209622943542
-0.23891692036260226
-0.22602098030637263
-0.23891692036260226
-0.22602098030637263
-0.1270867291780795
-0.028152478049786378
0.07078177307850675
0.16971602420679988
0.15682008415057025
0.16971602420679988
0.268650275335093
0.36758452646338613
0.46651877759167926
0.5654530287199724
0.6643872798482655
0.681348794234462
0.5824145431061689
0.4834802919778758
0.38454604084958266
0.28561178972128953
0.1866775385929964
0.12027728196082244
0.021343030832528864
0.0
