0.0
0.9975549987679724
0.9975549987679724
0.9999584242587101
0.9996148627854542
0.9999584242587102
0.9999584242587104
0.9999584242587104
0.9999584242587103
0.99995842425871
0.9999584242587101
0.9999584242587101
0.9999584242587101
0.9988645774094631
0.9999584242587101
0.9999584242587103
0.9999584242587101
0.9975549987679725
0.9975549987679726
0.9975549987679726
0.9975549987679726
0.9999584242587104
0.9999584242587104
0.9975549987679725
0.0
-0.9983694671785038
-0.9983694671785042
-0.9988610943778613
-0.9990646432027728
-0.9983694671785045
-0.9983694671785044
-0.9983694671785048
-0.9983694671785048
-0.9984798921483059
0.0
0.6070412658088066
0.0
