-6.0
-5.5
-5.002445001232028
-4.512201094036039
-4.023265457333664
-3.530601547194967
-3.036878142424823
-2.542177350689413
-2.048453945919269
-1.5557900357805723
-1.0620666310104283
-0.5694027208717316
-0.07788023683356554
0.41478367330513116
0.9005811012834306
1.3878640072051942
1.8736614351834937
2.3609443411052573
2.856912013496786
3.3567138860779075
3.8554618940717003
4.3482782795021
4.842142734333064
5.334959119763464
5.817024135952308
5.360066956448833
4.925340948705662
4.517097735220899
4.133717727627581
3.7304234995641994
3.299942460405673
2.8464847168364305
2.3744850878232677
1.8885597320640009
1.3935998441378254
1.8921434677804463
2.000000000000001
