2.0
2.0
1.992087325597727
1.9762743670395089
1.9525858854164448
1.9367729268582268
1.9288602524559537
1.9288602524559537
1.9209475780536807
1.9051346194954626
1.8814461378723986
1.8656331793141805
1.8577205049119074
1.8577205049119074
1.8498078305096344
1.8339948719514163
1.8103063903283523
1.7787794788035787
1.7394635045290716
1.6924200313429376
1.6531040570684306
1.621577145543657
1.597888663920593
1.574200182297529
1.5505117006744649
1.5268232190514008
1.4952963075266272
1.4559803332521202
1.4089368600659862
1.3542395520912855
1.2919740583873423
1.22223787883416
1.155967536129833
1.093185533096408
1.0339131880519192
0.9822444531047416
0.9382602349522711
0.9020294073115027
0.862180425333403
0.8187268201770636
0.7716833469909297
0.7323673727164227
0.700840461191649
0.677151979568585
0.6613390210103668
0.6534263466080936
0.6534263466080936
0.6613390210103668
0.677151979568585
0.700840461191649
0.728184259631514
0.7591740900013775
0.7937994293642873
0.8361908488298804
0.8862819688022486
0.9439943529293124
0.9940854729016807
1.0364768923672738
1.0711022317301837
1.113493651195777
1.163584771168145
1.221297155295209
1.279009539422273
1.3367219235493368
1.275236067976281
1.2062694235750784
1.129929983379324
1.0463372852873936
0.9556222248812261
0.8579268504604181
0.753404140612569
0.6422177646681797
0.5245418264152031
0.40056059147455647
0.2704681987634847
0.13446835649859867
-0.0031362303284061532
-0.1350239278157883
-0.26086063197042497
-0.38044929844519326
-0.4936026665289428
-0.6001435523730616
-0.6999051264389498
-0.792731174731955
-0.8784763434127143
-0.9570063664028576
-1.0281982756286943
-1.0919405935736441
-1.148133507837914
-1.1966890274320838
-1.2375311205598498
-1.2705958336741978
-1.2969342322910484
-1.2736677847090143
-1.2582779835918996
-1.2507889274198258
-1.2500000000000013
