1.999229725570908
0.0006871229465119644
6.661338147750939e-16
1.1102230246251565e-15
-1.1102230246251565e-15
2.220446049250313e-16
-0.004806850981475375
2.220446049250313e-16
2.220446049250313e-16
0.0048068509814749305
-1.9999168485174208
-1.9967389343570092
2.4424906541753444e-15
-1.1102230246251565e-15
-3.9968028886505635e-15
3.552713678800501e-15
-0.00025721367450737276
0.0002498573109914748
7.3563635150097895e-06
6.661338147750939e-16
-1.1102230246251565e-15
-1.1102230246251565e-15
3.774758283725532e-15
-2.220446049250313e-16
-0.0001483132610935467
1.9968872476181008
1.1824036963194533
-1.1824036963194533
0.0
