0.0
-0.03957370045131725
-0.0791474009026345
-0.11872110135395175
-0.11872110135395175
-0.11872110135395175
-0.11872110135395175
-0.158294801805269
-0.19786850225658625
-0.2374422027079035
-0.25586964370928333
-0.27429708471066316
-0.292724525712043
-0.27429708471066316
-0.25586964370928333
-0.2374422027079035
-0.19786850225658625
-0.158294801805269
-0.11872110135395175
-0.0791474009026345
-0.03957370045131725
0.0
0.03957370045131725
0.0791474009026345
0.11872110135395175
0.13714854235533158
0.1555759833567114
0.17400342435809124
0.2135771248094085
0.25315082526072574
0.292724525712043
0.33229822616336024
0.3718719266146775
0.41144562706599475
0.451019327517312
0.49059302796862925
0.5301667284199469
0.5697404288712642
0.6093141293225814
0.6488878297738987
0.688461530225216
0.7280352306765332
0.7676089311278504
0.8071826315791677
0.8300562826358409
0.7904825821845236
0.7509088817332064
0.7113351812818891
0.6717614808305719
0.6321877803792546
0.5926140799279374
0.5530403794766201
0.5134666790253029
0.4738929785739856
0.43431927812266835
0.3947455776713511
0.35517187722003385
0.3155981767687166
0.27602447631739935
0.2364507758660821
0.19687707541476485
0.1573033749634476
0.14351195187507715
0.1039382514237599
0.06436455097244265
0.024790850521125396
0.0
