0.0
0.999614862785454
0.99995842425871
0.9999584242587103
0.9999584242587108
0.9999584242587103
0.9999584242587104
0.9975549987679727
0.9975549987679728
0.9975549987679729
0.9999584242587104
0.0
-0.9983694671785046
-0.9983694671785034
-0.9983694671785039
-0.9983694671785059
-0.9983694671785042
-0.9984980740157579
-0.9983731453602621
-0.9983694671785046
-0.9983694671785043
-0.9983694671785048
-0.9983694671785054
-0.9983694671785035
-0.9983694671785036
-0.9984436238090504
0.0
0.5912018481597267
0.0
