2.0
2.2
2.399843412660522
2.599217308498558
2.7978094932350017
2.9964016779714453
3.194993862707889
3.3935860474443325
3.591085550860693
3.7871831137390886
3.9815716721230263
4.175060385357256
4.367583552226056
4.559075799375569
4.751598966244369
4.945087679478599
5.139476237862536
5.3355738007409315
5.533073304157292
5.731665488893736
5.931039384731772
6.130882797392294
6.330882797392294
6.5307262100528165
6.730100105890853
6.928692290627296
7.1268142648928485
7.324398754197164
7.128155289115171
6.933589190444486
6.741005124062545
6.550704652235153
6.362985761408159
6.178142395598408
5.996463996114621
5.81823504832896
5.64373463620894
5.473236005307278
5.307006134893951
5.145305319900456
4.988386763330906
4.836496179778182
4.689871410665987
4.548742051819288
4.413067080776267
4.275215424156762
4.13173955237656
3.9828641304860737
3.8288222785475785
3.669855206598708
3.506211836948074
3.338148414394445
3.165928104979832
2.9898205839047893
2.81010161325119
2.6270526101737186
2.440960206236233
2.2521157985830325
2.060815093647814
1.8673576441148354
1.6720463798573473
1.4751871335877498
1.2771975517013399
1.4756557627597058
1.6749350305088733
1.8747233088453426
2.0000000000000036
