2.5
2.5
2.4803788663968724
2.467202189059027
2.4475810554558994
2.434404378118054
2.4147832445149264
2.401606567177081
2.4378636392038917
2.5231998662522575
2.6567806596010985
2.796563770857175
2.587421540835805
2.3344656664582377
2.040170057422481
1.7074129262352236
1.3394486392793414
0.9398758890946324
0.538677562155065
0.16885662631023202
-0.165948689839563
-0.4624639886524169
-0.7177893490446805
-0.9294276877334462
-1.0953091807233606
-1.2138115061955008
-1.2846358594471012
-1.2508377605187762
-1.2499999999999996
