0.7996868253210446
-1.1102230246251565e-16
-8.881784197001252e-16
-2.220446049250313e-16
0.0
0.0
-1.1102230246251565e-16
-4.440892098500626e-16
0.0
0.0
0.0
0.0
0.0
0.0
0.0
1.1102230246251565e-16
0.0
3.3306690738754696e-16
1.1102230246251565e-16
3.3306690738754696e-16
-1.1102230246251565e-16
2.220446049250313e-16
-1.1102230246251565e-16
-1.1102230246251565e-16
0.0
0.0
0.0
-2.220446049250313e-16
0.0
3.3306690738754696e-16
-1.1102230246251565e-16
1.1102230246251565e-16
-1.1102230246251565e-16
0.0
0.0
-1.1102230246251565e-16
1.1102230246251565e-16
0.0
-1.1102230246251565e-16
0.0
0.0
0.0
-1.1102230246251565e-16
1.1102230246251565e-16
1.1102230246251565e-16
-1.1102230246251565e-16
-3.3306690738754696e-16
4.440892098500626e-16
0.0
1.1102230246251565e-16
-1.1102230246251565e-16
1.1102230246251565e-16
-1.1102230246251565e-16
2.220446049250313e-16
-1.1102230246251565e-16
1.1102230246251565e-16
-1.1102230246251565e-16
1.1102230246251565e-16
-1.1102230246251565e-16
-7.771561172376096e-16
7.771561172376096e-16
9.992007221626409e-16
-1.1102230246251565e-16
1.1102230246251565e-16
-1.1102230246251565e-16
1.1102230246251565e-16
-1.1102230246251565e-16
1.1102230246251565e-16
-1.1102230246251565e-16
1.1102230246251565e-16
-1.1102230246251565e-16
1.1102230246251565e-16
-1.1102230246251565e-16
-1.1102230246251565e-16
-0.7996868253210445
-0.7997912059810666
1.1102230246251565e-15
-9.992007221626409e-16
3.3306690738754696e-16
2.220446049250313e-16
-1.9984014443252818e-15
3.219646771412954e-15
-2.220446049250313e-16
-1.2212453270876722e-15
8.881784197001252e-16
0.0
-1.9984014443252818e-15
-7.771561172376096e-16
3.4416913763379853e-15
-7.522187793029822e-05
-5.923963820930744e-06
8.114584174978567e-05
-5.551115123125783e-16
0.0
7.771561172376096e-16
-1.2212453270876722e-15
2.886579864025407e-15
-1.3322676295501878e-15
-2.220446049250313e-15
4.218847493575595e-15
-4.440892098500626e-16
-1.4432899320127035e-15
-1.887379141862766e-15
-1.887379141862766e-15
-6.983449479913695e-06
0.799798189430549
0.7997912059810675
-9.992007221626409e-16
-0.2950963270499919
-0.5046948789310746
0.0
