0.0
-0.03957370045131725
-0.0791474009026345
-0.11872110135395175
-0.158294801805269
-0.11872110135395175
-0.158294801805269
-0.19786850225658625
-0.2374422027079035
-0.19786850225658625
-0.2374422027079035
-0.19786850225658625
-0.2374422027079035
-0.19786850225658625
-0.2374422027079035
-0.19786850225658625
-0.2374422027079035
-0.19786850225658625
-0.158294801805269
-0.11872110135395175
-0.0791474009026345
-0.03957370045131725
0.0
-0.03957370045131725
-0.0791474009026345
-0.03957370045131725
-0.0791474009026345
-0.11872110135395175
-0.158294801805269
-0.11872110135395175
-0.0791474009026345
-0.11872110135395175
-0.0791474009026345
-0.03957370045131725
-0.0791474009026345
-0.11872110135395175
-0.0791474009026345
-0.03957370045131725
-0.0791474009026345
-0.11872110135395175
-0.0791474009026345
-0.11872110135395175
-0.0791474009026345
-0.11872110135395175
-0.0791474009026345
-0.11872110135395175
-0.0791474009026345
-0.03957370045131725
-0.0791474009026345
-0.11872110135395175
-0.0791474009026345
-0.11872110135395175
-0.0791474009026345
-0.03957370045131725
0.0
-0.03957370045131725
0.0
-0.03957370045131725
0.0
-0.03957370045131725
0.0
-0.03957370045131725
0.0
-0.03957370045131725
0.0
-0.03957370045131725
0.0
-0.03957370045131725
0.0
-0.03957370045131725
0.0
-0.03957370045131725
0.0
0.03957370045131725
0.0791474009026345
0.11872110135395175
0.158294801805269
0.19786850225658625
0.2374422027079035
0.27701590315922076
0.316589603610538
0.35616330406185526
0.3957370045131725
0.43531070496448976
0.474884405415807
0.5144581058671243
0.5540318063184415
0.5936055067697588
0.633179207221076
0.6727529076723933
0.7123266081237105
0.7138257531831869
0.6742520527318696
0.6346783522805524
0.5951046518292351
0.5555309513779174
0.5159572509266002
0.4763835504752829
0.43680985002396566
0.3972361495726484
0.35766244912133116
0.3180887486700139
0.27851504821869666
0.2389413477673794
0.19936764731606216
0.1597939468647449
0.12908952501178206
0.08951582456046481
0.049942124109147557
0.010368423657830306
0.0
