0.0
0.3998434126605223
0.39984341266052226
0.3998434126605218
0.3998434126605217
0.3998434126605217
0.3998434126605217
0.39984341266052165
0.3998434126605214
0.3998434126605214
0.3998434126605214
0.3998434126605214
0.3998434126605214
0.3998434126605214
0.3998434126605214
0.3998434126605214
0.3998434126605215
0.3998434126605215
0.39984341266052165
0.3998434126605217
0.39984341266052187
0.3998434126605218
0.3998434126605219
0.39984341266052187
0.3998434126605218
0.3998434126605218
0.3998434126605218
0.3998434126605218
0.3998434126605217
0.3998434126605217
0.39984341266052187
0.3998434126605218
0.39984341266052187
0.3998434126605218
0.3998434126605218
0.3998434126605218
0.39984341266052176
0.3998434126605218
0.3998434126605218
0.39984341266052176
0.39984341266052176
0.39984341266052176
0.39984341266052176
0.3998434126605217
0.39984341266052176
0.3998434126605218
0.39984341266052176
0.3998434126605216
0.3998434126605218
0.3998434126605218
0.39984341266052187
0.3998434126605218
0.39984341266052187
0.3998434126605218
0.3998434126605219
0.39984341266052187
0.3998434126605219
0.39984341266052187
0.3998434126605219
0.39984341266052187
0.3998434126605215
0.39984341266052187
0.39984341266052237
0.3998434126605223
0.39984341266052237
0.3998434126605223
0.39984341266052237
0.3998434126605223
0.39984341266052237
0.3998434126605223
0.39984341266052237
0.3998434126605223
0.39984341266052237
0.3998434126605223
0.39984341266052226
0.0
-0.3998956029905333
-0.39989560299053273
-0.3998956029905332
-0.39989560299053306
-0.39989560299053295
-0.39989560299053395
-0.39989560299053234
-0.39989560299053245
-0.39989560299053306
-0.3998956029905326
-0.3998956029905326
-0.3998956029905336
-0.399895602990534
-0.3998956029905323
-0.39993321392949743
-0.3999361759114079
-0.399895602990533
-0.3998956029905333
-0.3998956029905333
-0.3998956029905329
-0.3998956029905335
-0.39989560299053206
-0.39989560299053273
-0.39989560299053384
-0.39989560299053173
-0.39989560299053195
-0.3998956029905327
-0.3998956029905336
-0.39989560299053456
-0.3998990947152745
0.0
0.3998956029905337
0.3998956029905332
0.2523474394655373
0.0
