-8.0
-7.8
-7.600156587339478
-7.400782691501441
-7.202190506764998
-7.004691003348637
-6.806098818612194
-6.608599315195833
-6.4125017523174375
-6.2181131939335
-6.022015631055105
-5.827627072671167
-5.631529509792772
-5.437140951408835
-5.241043388530439
-5.046654830146502
-4.8505572672681065
-4.656168708884169
-4.460071146005774
-4.262571642589413
-4.0639794578529695
-3.8646055620149333
-3.6647621493544116
-3.4647621493544114
-3.2649187366938897
-3.0655448408558534
-2.8657014281953317
-2.6663275323572955
-2.467735347620852
-2.270235844204491
-2.0716436594680476
-1.8722697636300114
-1.6736775788935678
-1.4743036830555316
-1.2744602703950099
-1.0750863745569736
-0.8764941898205301
-0.677120293982494
-0.4772768813219721
-0.277902985483936
-0.07931080074749236
0.12006309509054375
0.3186552798269874
0.5180291756650235
0.7166213604014671
0.9159952562395032
1.1145874409759469
1.3139613368139829
1.5138047494745046
1.7131786453125408
1.9117708300489844
2.1111447258870206
2.309736910623464
2.5091108064615004
2.708954219122022
2.9089542191220223
3.108797631782544
3.3087976317825443
3.508641044443066
3.708641044443066
3.908484457103588
4.108484457103588
4.30832786976411
4.50832786976411
4.708171282424632
4.908171282424632
5.108014695085155
5.308014695085155
5.507858107745677
5.707858107745677
5.907701520406199
6.1077015204061995
6.307544933066722
6.507544933066722
6.707388345727244
6.90676224156528
6.708690547174399
6.511866326520198
6.3165977814132495
6.123190677673172
5.931947866338077
5.743168809438174
5.557149111076157
5.374180054548597
5.194548146233176
5.018534666955981
4.846415231541335
4.678459357233878
4.514930041668685
4.356083351050268
4.202168019185315
4.052199747211842
3.898476014737539
3.7398116502716516
3.5764551021211965
3.4086621659587863
3.23669558427899
3.060824634976851
2.881324709692799
2.6984768825841963
2.512567470198811
2.323887583139336
2.1327326702210465
1.9394020558363634
1.7441984712507486
1.5474275805638706
1.3494098593674337
1.548203368347444
1.7477043336528109
1.9476003620297293
2.0
