2.5
2.5
2.4920873255977267
2.4762743670395087
2.4525858854164446
2.421058973891671
2.3973704922686068
2.365843580743833
2.326527606469326
2.279484133283192
2.240168159008685
2.1931246858225513
2.153808711548044
2.1067652383619104
2.0674492640874034
2.0204057909012696
1.9810898166267625
1.9340463434406285
1.8947303691661215
1.8632034576413479
1.8395149760182838
1.8237020174600658
1.8157893430577927
1.8157893430577927
1.8078766686555197
1.7920637100973016
1.7841510356950285
1.7683380771368105
1.7446495955137464
1.7131226839889728
1.6894342023659088
1.6736212438076907
1.6499327621846267
1.6341198036264086
1.6262071292241356
1.6103941706659175
1.5867056890428535
1.5708927304846354
1.5629800560823623
1.5471670975241443
1.5234786159010802
1.5076656573428622
1.4839771757197981
1.46816421716158
1.444475735538516
1.428662776980298
1.404974295357234
1.3891613367990159
1.3812486623967428
1.3654357038385248
1.3417472222154607
1.3259342636572427
1.3022457820341786
1.2864328234759606
1.2785201490736875
1.2785201490736875
1.2706074746714144
1.2706074746714144
1.2626948002691414
1.2626948002691414
1.2547821258668683
1.2547821258668683
1.2468694514645953
1.2468694514645953
1.2389567770623222
1.2389567770623222
1.2310441026600492
1.2310441026600492
1.223131428257776
1.223131428257776
1.215218753855503
1.215218753855503
1.20730607945323
1.20730607945323
1.215218753855503
1.2310317124137211
1.2034204122921397
1.1679943459405782
1.1248089860938182
1.0739319555578883
1.0154429213213096
0.9494334698066795
0.8760069634579297
0.7952783788878233
0.7073741268391361
0.6124318542414409
0.5106002286734368
0.40203870556834953
0.2869172785269052
0.16541621312887833
0.03772576466001332
-0.09459279460045789
-0.22251384090421378
-0.344252903911594
-0.4596193556627286
-0.5684325469001705
-0.6705220899427595
-0.7657281254911603
-0.8539015729472843
-0.934904363855634
-1.0086096581010229
-1.0749020425241382
-1.1336777116439345
-1.1848446302038762
-1.2283226772874984
-1.2640437717776156
-1.2920505969723886
-1.2702349878657535
-1.256301400549285
-1.2502716532566551
-1.2499999999999991
