0.7996868253210435
0.0
-1.1102230246251565e-16
1.1102230246251565e-16
1.1102230246251565e-16
-1.1102230246251565e-16
-3.3306690738754696e-16
4.440892098500626e-16
0.0
1.1102230246251565e-16
-1.1102230246251565e-16
1.1102230246251565e-16
-1.1102230246251565e-16
-2.220446049250313e-16
0.0
3.3306690738754696e-16
-1.1102230246251565e-16
-2.220446049250313e-16
0.0
-5.551115123125783e-16
-1.1102230246251565e-16
9.992007221626409e-16
-1.1102230246251565e-16
1.1102230246251565e-16
-1.1102230246251565e-16
1.1102230246251565e-16
7.771561172376096e-16
0.0
0.0
2.220446049250313e-16
-1.1102230246251565e-16
-1.1102230246251565e-16
0.0
0.0
0.0
-0.7996868253210445
0.0
0.0
-0.7997912059810653
-1.2212453270876722e-15
-4.440892098500626e-16
5.551115123125783e-16
-1.1102230246251565e-16
5.551115123125783e-16
3.3306690738754696e-16
-7.771561172376096e-16
1.4432899320127035e-15
2.220446049250313e-16
-2.220446049250313e-15
-1.3322676295501878e-15
6.661338147750939e-16
3.774758283725532e-15
6.661338147750939e-16
-2.886579864025407e-15
-6.976481127163314e-05
5.6815216430083915e-05
1.2949594841216161e-05
0.0
1.2212453270876722e-15
-1.9984014443252818e-15
-6.661338147750939e-16
3.219646771412954e-15
5.551115123125783e-16
-8.881784197001252e-16
-2.6645352591003757e-15
2.4424906541753444e-15
-2.220446049250313e-16
-3.4416913763379853e-15
3.6637359812630166e-15
-1.1782835711349193e-05
0.7998029888167766
0.7997912059810675
-3.552713678800501e-15
-0.15574025796339197
-0.6440509480176719
0.0
