0.0
0.39984341266052176
0.39984341266052176
0.3998434126605217
0.39984341266052176
0.3998434126605218
0.39984341266052176
0.3998434126605216
0.3998434126605218
0.3998434126605218
0.39984341266052187
0.3998434126605218
0.39984341266052187
0.3998434126605218
0.3998434126605217
0.3998434126605217
0.39984341266052187
0.3998434126605218
0.3998434126605217
0.3998434126605217
0.3998434126605214
0.39984341266052137
0.39984341266052187
0.3998434126605218
0.39984341266052187
0.3998434126605218
0.39984341266052187
0.39984341266052226
0.39984341266052226
0.39984341266052226
0.39984341266052237
0.3998434126605223
0.39984341266052226
0.39984341266052226
0.39984341266052226
0.39984341266052226
0.0
0.0
0.0
-0.3998956029905327
-0.3998956029905333
-0.3998956029905335
-0.3998956029905332
-0.3998956029905333
-0.399895602990533
-0.39989560299053284
-0.3998956029905332
-0.3998956029905325
-0.3998956029905324
-0.3998956029905335
-0.39989560299053417
-0.39989560299053384
-0.39989560299053195
-0.3998956029905316
-0.39989560299053306
-0.3999304853961689
-0.39990207778795384
-0.3998956029905332
-0.3998956029905332
-0.3998956029905326
-0.3998956029905336
-0.39989560299053395
-0.39989560299053234
-0.39989560299053206
-0.3998956029905325
-0.39989560299053384
-0.3998956029905326
-0.39989560299053273
-0.39989560299053445
-0.3998956029905326
-0.3999014944083883
0.0
0.3998956029905337
0.39989560299053195
0.32202547400883597
0.0
