0.0
0.2
0.3998434126605218
0.5992173084985579
0.7978094932350015
0.9971833890730376
1.1957755738094813
1.3951494696475173
1.594992882308039
1.7943667781460753
1.9929589628825188
2.192332858720555
2.3909250434569986
2.590298939295035
2.7888911240314784
2.986390627447839
3.1849828121842827
3.384356708022319
3.5829488927587625
3.780448396175123
3.9790405809115668
4.1784144767496025
4.377006661486046
4.576380557324082
4.774972742060526
4.974346637898562
5.172938822635006
5.372312718473042
5.572156131133564
5.7715300269716
5.9713734396321225
6.171373439632123
6.371216852292645
6.570590748130681
6.770434160791203
6.9698080566292395
7.169651469289762
6.9696514692897615
7.169494881950284
6.970485869019228
6.772414174628347
6.575589953974146
6.3803214088671965
6.18691430512712
5.995671493792024
5.806892436892122
5.620872738530105
5.437903682002544
5.258271773687124
5.082258294409929
4.910138858995282
4.742182984687824
4.578653669122632
4.419806978504216
4.265891646639263
4.117148685450989
3.969940277539561
3.817619074328982
3.6602901935772243
3.498199992392887
3.331602283509561
3.1607579378472144
2.9859344760213737
2.8074056494396933
2.6254510116419194
2.4403554805544356
2.2524088923448655
2.0619055475753285
1.8691437503650121
1.6744253412837011
1.478055224707651
1.2803647770687077
1.4788385753009319
1.6781284463424777
1.8779223274864325
2.0000000000000027
