2.0
2.0
1.992087325597727
1.9762743670395089
1.9525858854164448
1.9367729268582268
1.9130844452351627
1.8972714866769447
1.8893588122746716
1.8735458537164535
1.8498573720933895
1.8340444135351714
1.8103559319121074
1.7945429733538893
1.7708544917308253
1.7393275802060517
1.7156390985829877
1.6998261400247696
1.6761376584017056
1.644610746876932
1.620922265253868
1.6051093066956499
1.5814208250725859
1.5656078665143678
1.5419193848913038
1.5261064263330857
1.5024179447100217
1.4866049861518036
1.4786923117495305
1.4628793531913125
1.4549666787890394
1.4549666787890394
1.4470540043867663
1.4312410458285483
1.4233283714262752
1.4075154128680571
1.399602738465784
1.399602738465784
1.4075154128680571
1.3877621147767116
1.36015081465513
1.3247247483035687
1.2815393884568091
1.2306623579208789
1.1721733236842997
1.10616387216967
1.0327373658209207
0.9520087812508136
0.864104529202127
0.7691622566044309
0.6673306310364275
0.5587691079313395
0.4436476808898955
0.3221466154918693
0.1944561670230036
0.06077628255932521
-0.07459563832115768
-0.2041835662533551
-0.3276436946133965
-0.4447827004709668
-0.5554171589733023
-0.6593738305652876
-0.756489932260668
-0.8466133925395924
-0.9296030894733649
-1.0053290717035157
-1.0736727619291782
-1.1345271425841252
-1.1877969234127335
-1.2333986906824586
-1.2712610377991767
-1.30149793822493
-1.276943276171595
-1.2602601315782445
-1.2514746281371378
-1.2499999999999996
