0.7996868253210446
-1.1102230246251565e-16
-8.881784197001252e-16
1.1102230246251565e-16
-1.1102230246251565e-16
1.1102230246251565e-16
8.881784197001252e-16
1.1102230246251565e-16
-1.1102230246251565e-16
-1.1102230246251565e-16
-8.881784197001252e-16
-2.220446049250313e-16
0.0
3.3306690738754696e-16
-0.7996868253210437
-0.7996868253210447
0.7996868253210447
0.7996868253210445
8.881784197001252e-16
1.1102230246251565e-16
-0.7996868253210455
-0.7997912059810666
1.3322676295501878e-15
-1.2212453270876722e-15
2.220446049250313e-16
1.1102230246251565e-16
-1.7763568394002505e-15
3.552713678800501e-15
-4.440892098500626e-16
-1.7763568394002505e-15
1.1102230246251565e-15
6.661338147750939e-16
-2.4424906541753444e-15
-8.881784197001252e-16
3.552713678800501e-15
-2.220446049250313e-16
-6.661338147750939e-16
-2.220446049250313e-16
-4.440892098500626e-16
4.440892098500626e-16
-3.425318983008019e-06
-3.765237872255245e-05
4.1077697704450244e-05
2.220446049250313e-15
-1.1102230246251565e-15
-1.5543122344752192e-15
1.4432899320127035e-15
-8.881784197001252e-16
-4.440892098500626e-16
2.7755575615628914e-15
7.771561172376096e-16
-2.7755575615628914e-15
-1.2212453270876722e-15
0.0
1.2212453270876722e-15
1.1102230246251565e-15
7.771561172376096e-16
0.0
-1.6653345369377348e-15
-1.887379141862766e-15
3.552713678800501e-15
-2.1288926651763518e-05
0.7998124949077162
0.7997912059810653
7.771561172376096e-16
-0.2958475477252974
-0.5039436582557687
0.0
