0.0
-0.03957370045131725
-0.0791474009026345
-0.11872110135395175
-0.0791474009026345
-0.11872110135395175
-0.0791474009026345
-0.03957370045131725
0.0
-0.03957370045131725
-0.0791474009026345
-0.11872110135395175
-0.158294801805269
-0.11872110135395175
-0.0791474009026345
-0.03957370045131725
0.0
0.03957370045131725
0.0791474009026345
0.11872110135395175
0.0791474009026345
0.11872110135395175
0.158294801805269
0.19786850225658625
0.2374422027079035
0.27701590315922076
0.316589603610538
0.35616330406185526
0.3957370045131725
0.43531070496448976
0.474884405415807
0.5144581058671243
0.5540318063184415
0.5936055067697588
0.633179207221076
0.6727529076723933
0.7123266081237105
0.7519003085750278
0.791474009026345
0.8310477094776623
0.8706214099289795
0.9101951103802968
0.9436763535449231
0.9041026530936058
0.8645289526422886
0.8249552521909713
0.7853815517396536
0.7458078512883364
0.7062341508370191
0.6666604503857019
0.6270867499343846
0.5875130494830674
0.5479393490317501
0.5083656485804329
0.4687919481291156
0.42921824767779837
0.3896445472264811
0.35007084677516387
0.3104971463238466
0.27092344587252937
0.23134974542121212
0.19177604496989487
0.15220234451857761
0.12901519959029706
0.08944149913897936
0.04986779868766211
0.010294098236344862
0.0
