0.0
0.3998434126605223
0.39984341266052226
0.3998434126605218
0.39984341266052187
0.3998434126605218
0.39984341266052187
0.3998434126605223
0.39984341266052237
0.3998434126605223
0.39984341266052226
0.3998434126605218
0.3998434126605217
0.3998434126605217
0.39984341266052187
0.0
-0.39984341266052237
0.0
0.39984341266052226
0.3998434126605227
0.39984341266052276
0.0
-0.3998956029905333
-0.3998956029905326
-0.3998956029905332
-0.3998956029905331
-0.39989560299053306
-0.39989560299053395
-0.3998956029905322
-0.3998956029905324
-0.3998956029905333
-0.39989560299053273
-0.3998956029905324
-0.3998956029905336
-0.39989560299053406
-0.3998956029905323
-0.3998956029905324
-0.39989560299053273
-0.39989560299053284
-0.39989560299053306
-0.39989560299053284
-0.39989731565002434
-0.3999161418393856
-0.3998956029905334
-0.3998956029905323
-0.39989560299053284
-0.3998956029905336
-0.3998956029905329
-0.39989560299053334
-0.39989560299053356
-0.3998956029905322
-0.3998956029905318
-0.39989560299053317
-0.3998956029905338
-0.3998956029905338
-0.39989560299053317
-0.3998956029905326
-0.39989560299053223
-0.39989560299053223
-0.39989560299053306
-0.399895602990534
-0.39989560299053223
-0.3999062474538581
0.0
0.3998956029905327
0.39989560299053306
0.25197182912788435
0.0
