5.0
5.2
5.399843412660522
5.599217308498559
5.797809493235002
5.997183389073038
6.195775573809482
6.395149469647518
6.59499288230804
6.7949928823080405
6.994836294968563
7.194210190806599
7.3928023755430425
7.590301878959403
7.788894063695847
7.988267959533883
7.788424546873361
7.588424546873361
7.788267959533883
7.987641855371919
8.186234040108364
8.3856079359464
8.187536241555518
7.990712020901317
7.795443475794369
7.602036372054291
7.410793560719196
7.2220145038192936
7.0359948054572765
6.853025748929716
6.673393840614295
6.4973803613371
6.325260925922454
6.157305051614998
5.9937757360498045
5.834929045431387
5.6810137135664345
5.532270752378161
5.3889330745121535
5.251225128624652
5.119362547924371
4.993551812518199
4.873951868695754
4.753415517079658
4.626660015938215
4.493883848338307
4.355294924948235
4.211110258475951
4.06155562385462
3.9068652047076586
3.747281226646839
3.5830535779776405
3.4144394184058005
3.2417027763577746
3.0651141355456524
2.884950011423901
2.701492518201178
2.5150289270851927
2.325851216452371
2.1342556146466762
1.9405421361235344
1.7450141116651743
1.547977713403034
1.3497823661197748
1.5485774960050307
1.7480794963790975
1.9479759723673853
2.0000000000000027
