3.0
3.0
2.9920873255977267
2.9762743670395087
2.9525858854164446
2.9367729268582266
2.9130844452351625
2.8972714866769445
2.889358812274671
2.889358812274671
2.881446137872398
2.86563317931418
2.841944697691116
2.810417786166342
2.786729304543278
2.77091634598506
2.778829020387333
2.778829020387333
2.7867416947896064
2.8025546533478245
2.8262431349708885
2.8420560935291066
2.814444793407525
2.7790187270559636
2.735833367209204
2.684956336673274
2.626467302436695
2.560457850922065
2.487031344573315
2.406302760003209
2.3183985079545217
2.223456235356826
2.1216246097888223
2.013063086683735
1.8979416596422907
1.7764405942442638
1.6487501457753988
1.5150702613117197
1.3756102666277272
1.2305885384187316
1.0802321623506026
0.9247765774723593
0.7644926118013102
0.6049126382696683
0.4502264302753529
0.3006762068360036
0.15649614466768602
0.0179120114938085
-0.11485918747855406
-0.24160954936133683
-0.3621405991350888
-0.47626360043572324
-0.5837998510917726
-0.684580962949358
-0.778449125546727
-0.8652573532254504
-0.9448697152913579
-1.0171615488647943
-1.0820196540869076
-1.139342471376295
-1.1890402404584481
-1.2310351409189808
-1.2652614140605483
-1.2920022554293098
-1.2702014217942628
-1.2562826625095997
-1.2502677725901732
-1.2499999999999982
