1.999229725570908
0.0006871229465119644
6.661338147750939e-16
1.1102230246251565e-15
-1.1102230246251565e-15
2.220446049250313e-16
-2.220446049250313e-16
2.220446049250313e-16
-0.004806850981475375
2.220446049250313e-16
4.440892098500626e-16
-1.995109997535946
-1.9967389343570092
2.886579864025407e-15
-1.9984014443252818e-15
-1.5543122344752192e-15
1.1102230246251565e-15
-4.440892098500626e-16
-0.0008059488580247631
0.0007142346313204762
9.17142267049531e-05
-2.220446049250313e-16
-4.440892098500626e-16
8.881784197001252e-16
-1.3322676295501878e-15
1.7763568394002505e-15
4.440892098500626e-16
-0.00017528405887645704
1.996914218415884
1.2259951481678246
-1.2259951481678246
0.0
