0.0
-0.03925234608338046
-0.026356406027150836
-0.03925234608338046
-0.026356406027150836
-0.03925234608338046
-0.026356406027150836
-0.03925234608338046
-0.026356406027150836
0.07257784510114229
0.17151209622943542
0.27044634735772854
0.36938059848602167
0.4683148496143148
0.5672491007426079
0.666183351870901
0.7651176029991946
0.8640518541274878
0.9629861052557809
1.061920356384074
0.9832141142417932
0.8842798631135
0.7853456119852069
0.6864113608569138
0.5874771097286207
0.48854285860032753
0.3896086074720344
0.2906743563437413
0.19174010521544815
0.1214561313475695
0.02252188021927637
0.0
