0.0
0.39984341266052187
0.3998434126605218
0.3998434126605218
0.3998434126605217
0.39984341266052165
0.39984341266052187
0.399966043902705
0.39996604390270507
0.39996604390270485
0.39999999999999986
0.4000000000000003
0.40000000000000074
0.39996604390270485
0.39996604390270424
0.3999660439027042
0.3998434126605214
0.3998434126605217
0.3998434126605217
0.39984341266052187
0.3998434126605223
0.39984341266052237
0.3998434126605223
0.39984341266052226
0.3998434126605218
0.39996604390270485
0.39996604390270496
0.3999660439027046
0.39984341266052215
0.3998434126605218
0.0
-0.39989560299053295
-0.39989560299053295
-0.3998956029905333
-0.3998956029905338
-0.3998956029905334
-0.39989560299053306
-0.3998956029905323
-0.3998956029905323
-0.3998956029905333
-0.3998956029905326
-0.3998956029905332
-0.39989560299053395
-0.3998956029905336
-0.3998956029905324
-0.39989560299053184
-0.39989560299053245
-0.3999413811249335
-0.3999235264395741
-0.39989560299053317
-0.3998956029905336
-0.3998956029905334
-0.39989560299053245
-0.39989560299053273
-0.39989560299053284
-0.39989560299053273
-0.39989560299053284
-0.3998956029905321
-0.3998956029905333
-0.39989560299053295
-0.39989560299053345
-0.3998956029905334
-0.3998956029905312
-0.3998956029905343
-0.39989560299053406
-0.3998956029905322
-0.3998956029905316
-0.3998956029905333
-0.3998956029905334
-0.3999326127903809
0.0
0.3998956029905329
0.39989560299053367
0.22047873299234497
0.0
