2.0
2.5
2.999614862785454
3.4994412078037356
3.99905607058919
4.498882415607472
4.998497278392926
5.498323623411208
5.997938486196662
6.497764831214944
6.996448523276397
7.4891124334150945
7.970938306161976
7.5143454795457325
7.0800630764207915
6.672338380829906
6.295158942305266
5.952213577614424
5.64685629411413
5.38207348754185
5.125464808179528
4.828173022275812
4.492651654007209
4.1221821040088695
3.7203875663054946
3.291197593455909
2.838809665509677
2.367648138631531
1.882320974876274
1.38768556764151
1.8861871595053383
1.9999999999999991
