3.5
3.5
3.4920873255977267
3.4762743670395087
3.4525858854164446
3.421058973891671
3.3817429996171637
3.33469952643103
3.2840821593426277
3.229908086034374
3.17219570190731
3.114483317780246
3.056770933653182
2.999058549526118
2.9448844762178643
2.894267109129462
2.8472236359433283
2.807907661668821
2.7763807501440474
2.7526922685209834
2.7368793099627653
2.728966635560492
2.728966635560492
2.7368793099627653
2.7526922685209834
2.7763807501440474
2.8037245485839124
2.834714378953776
2.8693397183166858
2.911731137782279
2.961822257754647
2.9003364021815914
2.8313697577803887
2.7550303175846342
2.671437619492704
2.5807225590865364
2.4830271846657284
2.378504474817879
2.2673180988734902
2.1496421606205134
2.0256609256798668
1.895568532968795
1.759568690703909
1.617874357419904
1.4707074085034624
1.3182982887644838
1.1608856515886887
0.9987159852366336
0.8337427790987539
0.6727024331588143
0.5164795246337093
0.3653186788195546
0.21945659446314325
0.07912167312167773
-0.055466338485157696
-0.18409669257072814
-0.3065679702858115
-0.42268839711500794
-0.5322761431713552
-0.6351596079189101
-0.7311776888774606
-0.820180033888616
-0.90202727654825
-0.9765912544366455
-1.0437552098046194
-1.1034139724013703
-1.1554741241577848
-1.1998541454672975
-1.2364845428352802
-1.2653079576970536
-1.2880476588692837
-1.267486064653116
-1.2548107966928375
-1.2500417028533186
-1.2500000000000004
