1.999229725570908
0.0006871229465128526
-2.220446049250313e-16
2.220446049250313e-16
-0.004806850981475375
2.220446049250313e-16
4.440892098500626e-16
0.0
-1.995109997535946
-1.9967389343570086
-4.440892098500626e-16
2.220446049250313e-16
-8.881784197001252e-16
8.881784197001252e-16
-0.0004489692268458967
0.00042487588057760206
2.4093346266740312e-05
1.5543122344752192e-15
-2.220446049250313e-16
-6.661338147750939e-16
1.1102230246251565e-15
2.220446049250313e-15
-1.7763568394002505e-15
-0.000612913061246001
1.9973518474182541
1.4317871834877716
-1.4317871834877716
0.0
