0.0
-0.03925234608338046
-0.026356406027150836
-0.03925234608338046
-0.026356406027150836
0.07257784510114229
0.17151209622943542
0.27044634735772854
0.36938059848602167
0.4683148496143148
0.5672491007426079
0.666183351870901
0.7651176029991942
0.8640518541274878
0.9629861052557809
1.061920356384074
0.9730706727591105
0.8741364216308174
0.7752021705025243
0.6762679193742311
0.577333668245938
0.4783994171176449
0.37946516598935176
0.28053091486105863
0.1815966637327655
0.14182725960614828
0.042893008477855155
0.0
