0.0
0.39984341266052187
0.3998434126605218
0.3998434126605218
0.39999999999999986
0.4000000000000003
0.4000000000000003
0.39984341266052187
0.3998434126605223
0.39984341266052237
0.40000000000000036
0.40000000000000036
0.40000000000000036
0.3998434126605223
0.39984341266052226
0.3998434126605218
0.39996604390270485
0.39996604390270496
0.3999660439027046
0.39984341266052215
0.3998434126605218
0.399843412660522
0.39984341266052253
0.39984341266052215
0.0
-0.39989560299053317
-0.39989560299053317
-0.39989560299053284
-0.3998956029905333
-0.3998956029905333
-0.3998956029905332
-0.39989560299053317
-0.39989560299053284
-0.3998956029905325
-0.39989560299053317
-0.39989560299053317
-0.39989560299053345
-0.3998956029905337
-0.3998956029905323
-0.3998973916397436
-0.39991653238599945
-0.3998956029905337
-0.3998956029905333
-0.3998956029905333
-0.399895602990533
-0.39989560299053284
-0.3998956029905333
-0.39989560299053256
-0.39989560299053195
-0.39989560299053345
-0.3998956029905346
-0.39989560299053317
-0.39989560299053295
-0.39989560299053295
-0.3998956029905324
-0.3998956029905327
-0.3998956029905323
-0.39989560299053184
-0.39989560299053273
-0.39989560299053356
-0.39989560299053317
-0.39989560299053256
-0.3998956029905337
-0.3999034866577021
0.0
0.3998956029905336
0.3176891188118806
0.0
