3.0
3.5
3.999614862785454
4.499441207803736
4.99905607058919
5.498882415607472
5.997566107668925
6.490230017807622
6.972055890554504
7.438331466499616
7.004049063374675
6.596324367783788
6.219144929259148
5.8761995645683065
5.570842281068012
5.306059474495733
5.045452322538658
4.744100638014803
4.404839116307498
4.0309857367709565
3.6261967872994365
3.1944311058136137
2.7399113628062093
2.2670827636037574
1.7805695742366092
1.2856252472833418
1.783291141845365
1.9999999999999982
