3.0
3.0
2.9920873255977267
2.9762743670395087
2.9525858854164446
2.9288974037933806
2.9052089221703166
2.8815204405472525
2.8657074819890345
2.857794807586761
2.857794807586761
2.857794807586761
2.857794807586761
2.857794807586761
2.8657074819890345
2.8815204405472525
2.9052089221703166
2.9325527206101816
2.963542550980045
2.998167890342955
3.040559309808548
3.0906504297809163
3.1483628139079802
3.2136060919028857
3.286278101052432
3.202685402960501
3.1119703425543337
3.014274968133526
2.909752258285677
2.7985658823412876
2.6808899440883107
2.556908709147664
2.4268163164365926
2.290816474171706
2.1491221408877017
2.00195519197126
1.8495460722322814
1.6921334350564856
1.5299637687044303
1.3632910103420963
1.1924009257106811
1.0221365249622916
0.8561557797702379
0.6947185949674628
0.5380777607465768
0.3864785568224236
0.24015836835509718
0.09934631423483964
-0.0357371116891394
-0.16488038587410836
-0.28788128630290677
-0.40454720913801934
-0.5146954703147988
-0.618153591601589
-0.7147595706787917
-0.8043621348139953
-0.8868209777359124
-0.9620069793362496
-1.0298024078554415
-1.0901011042356807
-1.1428086483525646
-1.1878425068650578
-1.2251321624522524
-1.254619224234561
-1.2764978306251762
-1.2599857366222014
-1.2513717134392306
-1.250000000000003
