0.7996868253210437
-1.1102230246251565e-16
0.0
-2.220446049250313e-16
-1.1102230246251565e-16
4.440892098500626e-16
3.3306690738754696e-16
1.1102230246251565e-16
-4.440892098500626e-16
-8.881784197001252e-16
-4.440892098500626e-16
1.1102230246251565e-16
3.3306690738754696e-16
1.1102230246251565e-16
0.0
3.3306690738754696e-16
1.1102230246251565e-16
0.0
-2.220446049250313e-16
1.1102230246251565e-16
1.1102230246251565e-16
0.0
0.0
3.3306690738754696e-16
7.771561172376096e-16
2.220446049250313e-16
-1.1102230246251565e-16
-1.1102230246251565e-16
0.0
0.0
8.881784197001252e-16
1.1102230246251565e-16
-0.7996868253210455
-0.799686825321043
1.1102230246251565e-16
-1.887379141862766e-15
0.00010439700946707209
-0.00020877766948823595
6.661338147750939e-16
-1.2212453270876722e-15
-5.551115123125783e-16
3.3306690738754696e-16
3.3306690738754696e-16
2.4424906541753444e-15
-6.661338147750939e-16
-1.9984014443252818e-15
-1.1102230246251565e-16
3.3306690738754696e-16
8.881784197001252e-16
-1.7763568394002505e-15
6.661338147750939e-16
2.1094237467877974e-15
-1.9984014443252818e-15
3.3306690738754696e-16
-5.8503341018756316e-05
-3.2268950545866204e-05
9.077229156617683e-05
-1.4432899320127035e-15
-2.1094237467877974e-15
1.2212453270876722e-15
2.1094237467877974e-15
-1.5543122344752192e-15
1.1102230246251565e-15
3.3306690738754696e-16
-1.3322676295501878e-15
3.3306690738754696e-16
6.661338147750939e-16
-2.220446049250313e-16
-9.992007221626409e-16
7.771561172376096e-16
-1.9984014443252818e-15
-9.190477687404108e-05
0.7998831107579417
0.7997912059810648
-1.1102230246251565e-15
-0.1504844954345964
-0.6493067105464673
0.0
