0.0
0.39984341266052187
0.3998434126605218
0.3998434126605218
0.3998434126605217
0.39984341266052165
0.39984341266052187
0.39984341266052204
0.3998434126605221
0.39984341266052187
0.3998434126605214
0.3998434126605212
0.39984341266052126
0.3998434126605214
0.3998434126605215
0.3998434126605215
0.39984341266052165
0.3998434126605217
0.3998434126605217
0.3998434126605216
0.39984341266052165
0.3998434126605217
0.3998434126605217
0.3998434126605217
0.39984341266052187
0.39984341266052226
0.39984341266052237
0.3998434126605223
0.39984341266052226
0.39984341266052226
0.39984341266052226
0.3998434126605227
0.39984341266052276
0.0
-0.3998434126605215
-0.3998434126605214
-0.39984341266052237
-0.39979121415578883
-0.39989560299053295
-0.3998956029905326
-0.3998956029905332
-0.3998956029905335
-0.39989560299053334
-0.39989560299053317
-0.39989560299053195
-0.3998956029905323
-0.3998956029905333
-0.39989560299053334
-0.39989560299053317
-0.39989560299053273
-0.3998956029905336
-0.3998956029905333
-0.39989560299053223
-0.3998956029905332
-0.39989560299053306
-0.39992485466104244
-0.3999409891363154
-0.3998956029905323
-0.399895602990533
-0.39989560299053406
-0.39989560299053345
-0.3998956029905324
-0.39989560299053317
-0.3998956029905326
-0.39989560299053245
-0.3998956029905331
-0.39989560299053295
-0.3998956029905326
-0.39989560299053273
-0.3998956029905332
-0.39989560299053284
-0.39989560299053384
-0.39994155537897086
0.0
0.3998956029905324
0.39989560299053184
0.32465335527323363
0.0
