2.0
2.2
2.399843412660522
2.599217308498558
2.7978094932350017
2.9953089966513624
3.191406559529758
3.3857951179136956
3.578170283931352
3.7725588423152896
3.968656405193685
4.163044963577622
4.355420129595278
4.5498086879792154
4.745906250857611
4.940294809241548
5.136392372119944
5.333891875536304
5.532484060272748
5.7299835636891085
5.926081126567504
6.123580629983865
6.322172814720308
6.519672318136669
6.7182645028731125
6.917638398711149
7.117481811371671
7.317481811371671
7.517325224032193
7.7166991198702295
7.916542532530752
8.115916428368788
8.314508613105232
8.513882508943269
8.314039096282746
8.114039096282747
7.914195683622225
7.714195683622225
7.5145609750696645
7.315551962138609
7.117480267747728
6.9206560470935266
6.725387501986577
6.531980398246501
6.340737586911405
6.151958530011504
5.965938831649487
5.782969775121925
5.603337866806505
5.42732438752931
5.2552049521146635
5.087249077807206
4.923719762242014
4.764873071623597
4.610957739758643
4.46221477857037
4.3180256189533335
4.170431600151622
4.0176141661546545
3.8598126097165832
3.6972740280962917
3.5302529361343646
3.3590108677150727
3.18381596623742
3.0049425647365338
2.8226707563128555
2.6372859555418176
2.4490784515507418
2.2583429534628285
2.0653781289199715
1.8704861364070533
1.6739721521100046
1.4761438920485386
1.2777629952568637
1.4762239950265688
1.675505161707287
1.8752944462220311
1.9999999999999991
