2.5
2.5
2.4920873255977267
2.4762743670395087
2.4525858854164446
2.421058973891671
2.3817429996171637
2.33469952643103
2.2800022184563296
2.2329587452701958
2.1936427709956887
2.146599297809555
2.0919019898348545
2.0448585166487208
2.0055425423742137
1.9584990691880797
1.9191830949135726
1.887656183388799
1.863967701765735
1.8324407902409614
1.7931248159664543
1.7615979044416807
1.7379094228186167
1.706382511293843
1.682694029670779
1.666881071112561
1.658968396710288
1.658968396710288
1.651055722308015
1.6352427637497968
1.6273300893475238
1.6115171307893057
1.5878286491662417
1.5720156906080236
1.5799283650102967
1.5799283650102967
1.5720156906080236
1.5720156906080236
1.5601513257108541
1.5403980276195086
1.5127867274979272
1.477360661146366
1.4341753012996061
1.3832982707636758
1.3248092365270971
1.2587997850124677
1.1853732786637174
1.104644694093611
1.0167404420449238
0.9217981694472285
0.8199665438792242
0.7114050207741367
0.5962835937326932
0.47478252833466605
0.34709207986580104
0.21341219540212197
0.07481990162034124
-0.060127442285490273
-0.18912981389105776
-0.3119852118148003
-0.4285012600577045
-0.5384955092397603
-0.6417957222925952
-0.7382401441609154
-0.8276777550904404
-0.9099685071057237
-0.9849835433075489
-1.0526053996465174
-1.1127281888568832
-1.1652577662626014
-1.2101118771959736
-1.2472202857980417
-1.2765248849990547
-1.301872918723876
-1.2772150278228338
-1.2604282288530944
-1.2515388078165484
-1.2499999999999973
