0.7996868253210446
-1.1102230246251565e-16
-8.881784197001252e-16
-2.220446049250313e-16
-2.220446049250313e-16
1.1102230246251565e-16
-1.1102230246251565e-16
1.1102230246251565e-16
1.1102230246251565e-16
0.0
0.0
3.3306690738754696e-16
-0.7996868253210437
-0.7996868253210447
1.1102230246251565e-16
1.1102230246251565e-16
8.881784197001252e-16
2.220446049250313e-16
2.220446049250313e-16
0.7996868253210432
0.7996868253210426
-0.7996868253210426
-0.7997912059810663
-2.220446049250313e-16
2.220446049250313e-16
2.220446049250313e-16
2.220446049250313e-16
-8.881784197001252e-16
2.220446049250313e-16
1.9984014443252818e-15
-5.551115123125783e-16
-8.881784197001252e-16
5.551115123125783e-16
-7.507980949172932e-06
-4.944540483076132e-05
5.695338577793585e-05
0.0
2.4424906541753444e-15
-3.3306690738754696e-16
-9.992007221626409e-16
-8.881784197001252e-16
5.551115123125783e-16
1.4432899320127035e-15
-1.1102230246251565e-15
-7.771561172376096e-16
5.551115123125783e-16
2.4424906541753444e-15
3.3306690738754696e-16
-3.219646771412954e-15
2.220446049250313e-15
1.2212453270876722e-15
-7.231989735978495e-05
0.7998635258784234
0.7997912059810685
-1.5543122344752192e-15
-0.12174475316742583
-0.6780464528136411
0.0
