0.5126904677731248
-0.5126904677731248
-0.5126904677731248
-0.5126904677731248
-0.5126904677731248
0.5126904677731248
-0.5126904677731248
0.5126904677731248
0.5126904677731248
-0.5126904677731248
0.5126904677731248
0.5126904677731248
0.5126904677731248
-0.5126904677731248
-0.5126904677731248
-0.5126904677731248
-0.5126904677731248
-0.5126904677731248
-0.5126904677731248
-0.5126904677731248
-0.5126904677731248
0.5126904677731248
-0.5126904677731248
-0.5126904677731248
-0.5126904677731248
-0.5126904677731248
-0.5126904677731248
-0.5126904677731248
-0.5126904677731248
-0.5126904677731248
-0.5126904677731248
-0.5126904677731248
-0.5126904677731248
-0.5126904677731248
-0.40758310513360824
0.5126904677731248
0.5126904677731248
0.5126904677731248
0.5126904677731295
0.5126904677731248
0.5126904677731248
0.5126904677731248
0.5126904677731248
0.5126904677731248
0.5126904677731248
0.5126904677731248
0.5126904677731248
0.5126904677731248
0.5126904677731248
0.5126904677731248
0.5126904677731248
0.5126904677731248
0.04026434367224694
0.5126904677731295
-0.5126904677731248
-0.5126904677731248
-0.37313539352872566
0.0
