0.0
-0.03957370045131725
-0.0791474009026345
-0.11872110135395175
-0.158294801805269
-0.19786850225658625
-0.158294801805269
-0.19786850225658625
-0.158294801805269
-0.11872110135395175
-0.158294801805269
-0.11872110135395175
-0.0791474009026345
-0.03957370045131725
0.0
0.03957370045131725
0.0791474009026345
0.11872110135395175
0.158294801805269
0.19786850225658625
0.2374422027079035
0.27701590315922076
0.316589603610538
0.35616330406185526
0.3957370045131725
0.43531070496448976
0.474884405415807
0.5144581058671243
0.5540318063184415
0.5936055067697588
0.633179207221076
0.6727529076723933
0.7123266081237105
0.7519003085750278
0.791474009026345
0.8218283929994801
0.7822546925481628
0.7426809920968456
0.7031072916455283
0.6635335911942106
0.6239598907428934
0.5843861902915761
0.5448124898402589
0.5052387893889416
0.46566508893762437
0.4260913884863071
0.38651768803498987
0.3469439875836726
0.30737028713235537
0.2677965866810381
0.22822288622972087
0.18864918577840362
0.14907548532708637
0.14624322176715499
0.10666952131583729
0.06709582086452004
0.02752212041320279
0.0
