0.0
0.3998434126605223
0.39984341266052226
0.3998434126605218
0.3998434126605217
0.3998434126605216
0.39984341266052165
0.3998434126605216
0.39984341266052165
0.3998434126605217
0.3998434126605217
0.3998434126605217
0.39984341266052187
0.0
-0.39984341266052237
-0.3998434126605223
-0.39984341266052226
-0.3998434126605218
-0.3998434126605217
-0.3998434126605216
0.0
0.3998434126605213
0.0
-0.39989560299053317
-0.3998956029905333
-0.39989560299053317
-0.39989560299053306
-0.39989560299053295
-0.3998956029905334
-0.3998956029905333
-0.3998956029905323
-0.39989560299053256
-0.399895602990533
-0.39989560299053273
-0.3998993569810073
-0.3999240796834227
-0.3998956029905337
-0.3998956029905337
-0.3998956029905325
-0.3998956029905327
-0.39989560299053317
-0.3998956029905336
-0.39989560299053334
-0.3998956029905326
-0.39989560299053317
-0.39989560299053356
-0.3998956029905333
-0.39989560299053206
-0.3998956029905319
-0.3998956029905335
-0.3998956029905324
-0.3998956029905318
-0.3999317629392117
0.0
0.3998956029905342
0.39989560299053345
0.33902322640682053
0.0
