5.0
5.2
5.399843412660522
5.599217308498559
5.797809493235002
5.995308996651363
6.191406559529758
6.388906062946119
6.585003625824514
6.782503129240875
6.981095313977319
7.178594817393679
7.377187002130123
7.576560897968159
7.376717485307637
7.176717485307637
6.976874072647115
6.777500176809078
6.578907992072635
6.381408488656274
6.185310925777879
6.379699484161816
6.572074650179472
6.38329559327957
6.197275894917553
6.014306838389992
5.834674930074571
5.658661450797376
5.48654201538273
5.318586141075272
5.15505682551008
4.996210134891664
4.84229480302671
4.6935518418384365
4.550214163972429
4.412427230984196
4.273388155084765
4.128770861112081
3.9788018014392024
3.8237158086267113
3.6637557277046557
3.4991720359079785
3.330222450460879
3.157171525024269
2.9802902354382312
2.7998555554081634
2.6161500227990206
2.4294612972167897
2.240081709569967
2.0483078043163614
1.854439875112023
1.6587814945893964
1.461639039001006
1.263538707025667
1.4619287693050076
1.6611613830089924
1.860924575088446
2.000000000000001
