2.0
2.0
1.992087325597727
1.9762743670395089
1.9525858854164448
1.9210589738916712
1.8817429996171642
1.8502160880923906
1.8109001138178835
1.77937320229311
1.7556847206700459
1.7241578091452723
1.7004693275222083
1.6846563689639902
1.6925690433662632
1.6925690433662632
1.6846563689639902
1.668843410405772
1.645154928782708
1.6136280172579345
1.5743120429834274
1.6213555161695614
1.676052824144262
1.6100433726296322
1.5366168662808821
1.4558882817107754
1.3679840296620889
1.273041757064393
1.171210131496389
1.0626486083913016
0.947527181349858
0.8260261159518308
0.6983356674829657
0.5646557830192869
0.42519578833529414
0.28024681620531355
0.13650080622134597
-0.0016318050523760341
-0.1339347194349072
-0.2602007673125635
-0.38023223204030954
-0.4938411595409913
-0.6008496526176255
-0.7010901495178881
-0.7944056863146023
-0.8806501426913802
-0.959688470748532
-1.0313969064709858
-1.0956631635270626
-1.1523866090946564
-1.201478421439492
-1.2428617289987165
-1.2764717307520361
-1.3039474185312163
-1.2787251426212585
-1.2613715939940175
-1.2519139461095947
-1.2500000000000004
