0.0
-0.03957370045131725
-0.0791474009026345
-0.11872110135395175
-0.158294801805269
-0.11872110135395175
-0.158294801805269
-0.19786850225658625
-0.2374422027079035
-0.27701590315922076
-0.316589603610538
-0.27701590315922076
-0.2374422027079035
-0.19786850225658625
-0.2374422027079035
-0.19786850225658625
-0.158294801805269
-0.19786850225658625
-0.158294801805269
-0.19786850225658625
-0.158294801805269
-0.11872110135395175
-0.0791474009026345
-0.03957370045131725
0.0
0.03957370045131725
0.0
0.03957370045131725
0.0
0.03957370045131725
0.0791474009026345
0.11872110135395175
0.158294801805269
0.11872110135395175
0.158294801805269
0.11872110135395175
0.158294801805269
0.11872110135395175
0.158294801805269
0.19786850225658625
0.2374422027079035
0.27701590315922076
0.316589603610538
0.35616330406185526
0.3957370045131725
0.43531070496448976
0.474884405415807
0.5144581058671243
0.5540318063184415
0.5936055067697588
0.633179207221076
0.6727529076723933
0.7123266081237105
0.7519003085750278
0.7649747201972144
0.7254010197458971
0.6858273192945799
0.6462536188432626
0.6066799183919449
0.5671062179406277
0.5275325174893104
0.48795881703799315
0.4483851165866759
0.40881141613535865
0.3692377156840414
0.32966401523272415
0.2900903147814069
0.25051661433008965
0.2109429138787724
0.17136921342745515
0.1317955129761379
0.13833683174745914
0.09876313129614189
0.05918943084482464
0.01961573039350739
0.0
