0.0
0.3998434126605223
0.39984341266052226
0.3998434126605218
0.3998434126605217
0.3998434126605217
0.3998434126605217
0.39984341266052165
0.3998434126605214
0.3998434126605212
0.39984341266052176
0.39984341266052265
0.399843412660523
0.39984341266052315
0.3998434126605232
0.3998434126605232
0.39984341266052337
0.3998434126605233
0.39984341266052337
0.3998434126605233
0.39984341266052337
0.3998434126605235
0.0
-0.39984341266052226
-0.3998434126605215
-0.3998434126605214
-0.3998434126605215
-0.3998434126605214
-0.3998434126605215
-0.3998434126605214
-0.39984341266052226
-0.3998434126605227
-0.3998434126605234
-0.3998434126605226
-0.3998434126605217
-0.3998434126605217
-0.3998434126605217
-0.3997912141557882
-0.3998956029905333
-0.39989560299053273
-0.39989560299053317
-0.39989560299053306
-0.39989560299053306
-0.39989560299053395
-0.39989560299053234
-0.3998956029905325
-0.39989560299053306
-0.3998956029905326
-0.3998956029905326
-0.3998956029905336
-0.399895602990534
-0.3998956029905323
-0.3998956029905324
-0.3999189552051818
-0.3999420005763633
-0.3998956029905334
-0.39989560299053284
-0.39989560299053245
-0.3998956029905333
-0.39989560299053295
-0.39989560299053317
-0.3998956029905327
-0.3998956029905323
-0.39989560299053295
-0.39989560299053356
-0.3998956029905328
-0.3998956029905327
-0.399895602990534
-0.3998956029905331
-0.39989560299053106
-0.39993997601554054
0.0
0.3998956029905326
0.39989560299053334
0.2990766282030526
0.0
