6.0
6.2
6.399843412660522
6.599217308498559
6.797809493235002
6.995308996651363
7.193901181387806
7.391400684804167
7.5874982476825625
7.7818868060665
7.974261972084156
8.164322510581247
8.356697676598904
8.551086234982842
8.747183797861238
8.941572356245176
9.137669919123573
9.335169422539934
9.53126698541833
9.728766488834692
9.924864051713088
10.12236355512945
10.320955739865894
10.121581844027858
9.921738431367336
9.721738431367337
9.521895018706815
9.321895018706815
9.122051606046293
8.922051606046294
8.722208193385772
8.522834297547735
8.324242112811291
8.12674260939493
7.928150424658486
7.730650921242125
7.5320587365056815
7.334559233089321
7.136487538698439
6.939663318044238
6.74439477293729
6.550987669197212
6.359744857862117
6.170965800962215
5.9849461026001975
5.801977046072637
5.6223451377572164
5.446331658480021
5.274212223065375
5.106256348757919
4.9427270331927255
4.783880342574308
4.6299650107093555
4.481222049521082
4.337261537487301
4.19027902523764
4.038046278267549
3.8808016737853257
3.7187914369335995
3.55226925523194
3.3814958813343137
3.2067387247234453
3.028271432981419
2.8463734632922124
2.661329644847126
2.4734297328383326
2.282967954738929
2.090242549579963
1.8955553009458708
1.6992110644195941
1.5015172902173282
1.3030925840861904
1.5016758606898355
1.7010394498052053
1.900871173292214
2.0
