2.5
2.5
2.4920873255977267
2.4762743670395087
2.4525858854164446
2.421058973891671
2.3973704922686068
2.365843580743833
2.326527606469326
2.279484133283192
2.2247868253084917
2.162521331604548
2.1078240236298478
2.060780550443714
2.021464576169207
1.974421102983073
1.9351051287085659
1.9035782171837923
1.8642622429092852
1.8327353313845116
1.7934193571100046
1.761892445585231
1.738203963962167
1.754016922520385
1.761929596922658
1.761929596922658
1.754016922520385
1.754016922520385
1.746104248118112
1.746104248118112
1.7381915737158389
1.7223786151576208
1.6986901335345568
1.6671632220097832
1.6434747403867191
1.6119478288619455
1.5882593472388815
1.556732435714108
1.5291211355925265
1.493695069240965
1.450509709394205
1.3996326788582754
1.3411436446216964
1.2751341931070663
1.2017076867583165
1.12097910218821
1.0330748501395228
0.9381325775418277
0.8363009519738236
0.7277394288687363
0.612618001827292
0.4911169364292651
0.3634264879604001
0.22974660349672105
0.0909184438795394
-0.044694686406790085
-0.17438651638547165
-0.29795396507042105
-0.41520354148128225
-0.5259516476258039
-0.6300248659910503
-0.7272602310932765
-0.8175054846612342
-0.9006193140533585
-0.9764715735354648
-1.044943488072496
-1.1059278393151881
-1.159329133490434
-1.205063750932436
-1.2430600770205202
-1.2732586143185693
-1.2982810029861598
-1.274628048273511
-1.258850236374616
-1.2509722733453532
-1.249999999999999
