1.999229725570908
0.0006871229465119644
2.220446049250313e-16
2.220446049250313e-16
-2.220446049250313e-16
2.220446049250313e-16
-2.220446049250313e-16
0.0
0.0
2.220446049250313e-16
2.220446049250313e-16
2.220446049250313e-16
-2.220446049250313e-16
1.1102230246251565e-15
-1.1102230246251565e-15
2.220446049250313e-16
-0.004806850981475375
-1.5543122344752192e-15
4.440892098500626e-16
-1.9951099975359443
-1.9967389343570092
2.6645352591003757e-15
-1.5543122344752192e-15
-1.7763568394002505e-15
-0.00028690273424003543
-0.0009338217972807428
0.0012207245315216664
0.0
2.220446049250313e-16
-1.3322676295501878e-15
-4.440892098500626e-16
2.4424906541753444e-15
-1.9336299714067806e-05
1.9967582706567222
1.4421227721619525
-1.4421227721619525
0.0
