0.0
-0.03925234608338046
-0.026356406027150836
-0.03925234608338046
-0.026356406027150836
-0.03925234608338046
-0.026356406027150836
-0.03925234608338046
-0.026356406027150836
-0.03925234608338046
-0.026356406027150836
-0.03925234608338046
-0.026356406027150836
-0.03925234608338046
-0.026356406027150836
-0.03925234608338046
-0.026356406027150836
0.07257784510114229
0.17151209622943542
0.27044634735772854
0.36938059848602167
0.4683148496143148
0.5672491007426079
0.666183351870901
0.7651176029991946
0.8640518541274878
0.9253161549208615
0.8263819037925684
0.7274476526642752
0.6285134015359821
0.529579150407689
0.43064489927939587
0.33171064815110274
0.2327763970228096
0.1428507673555588
0.04391651622726567
0.0
