0.0
0.39984341266052187
0.3998434126605218
0.3998434126605218
0.3998434126605217
0.39984341266052187
0.39984341266052187
0.3998434126605218
0.3998434126605218
0.3998434126605218
0.3999660439027048
0.3999660439027048
0.39996604390270474
0.3998434126605218
0.3998434126605218
0.3998434126605218
0.39984341266052176
0.3998434126605218
0.3998434126605218
0.39984341266052187
0.3998434126605218
0.39984341266052187
0.3999660439027048
0.3999660439027046
0.3999660439027047
0.39984341266052187
0.39984341266052187
0.3998434126605217
0.39984341266052187
0.39984341266052187
0.3998434126605219
0.40000000000000036
0.40000000000000036
0.40000000000000036
0.39984341266052187
0.3998434126605218
0.39984341266052226
0.39996604390270535
0.399966043902705
0.3999660439027052
0.3998434126605223
0.39984341266052204
0.3998434126605222
0.3998434126605217
0.3998434126605216
0.3998434126605221
0.39984341266052176
0.3998434126605216
0.0
-0.39989560299053306
-0.3998956029905334
-0.39989560299053306
-0.39989560299053317
-0.39989560299053306
-0.3998956029905327
-0.399895602990533
-0.39989560299053295
-0.3999046514812101
-0.399934504128061
-0.39989560299053306
-0.3998956029905326
-0.3998956029905333
-0.3998956029905336
-0.3998956029905323
-0.3998956029905331
-0.399895602990533
-0.3998956029905326
-0.39989560299053345
-0.39989560299053317
-0.3998956029905326
-0.3998956029905326
-0.39989560299053406
-0.3998956029905333
-0.399895602990532
-0.39989560299053256
-0.39990986590356725
0.0
0.3998956029905336
0.34334167340967914
0.0
