-3.0
-2.8
-2.600156587339478
-2.400782691501442
-2.2021905067649983
-2.0046910033486376
-1.808593440470242
-1.6142048820863044
-1.4218297160686482
-1.2317691775715573
-1.044320877335662
-0.8581893887709251
-0.6734379148667007
-0.4901291900132223
-0.3101285375539514
-0.13371781572161734
0.03882673862790842
0.2152374604602425
0.3952381129195134
0.5785468377729918
0.7648765967653982
0.9539356210844703
1.1454278682339836
1.337951035102784
1.5314397483370135
1.725828306720951
1.9219258695993466
2.1194253730157073
2.318017557752151
2.517391453590187
2.717234866250709
2.917234866250709
3.1172348662507092
3.3172348662507094
3.5172348662507096
3.7170782789112313
3.9164521747492675
4.115044359485712
4.314039320537577
4.513369486982277
4.712967174074554
4.911906955042441
5.109877315375757
5.3065682585543
5.501671791463153
5.694882406670906
5.885897560815615
6.074418148349405
6.260148969899889
6.079158426260666
5.9016753121640875
5.72797754369654
5.558337109572401
5.393019645234143
5.232284016900868
5.076381916216576
4.925557466132918
4.780046838643564
4.639874132777461
4.497787295621736
4.35024378456424
4.1974746340635125
4.039719061267863
3.8772240914316134
3.710244171104816
3.5390407697021713
3.3638819700750346
3.1850420487276017
3.002801046334636
2.817444329233224
2.629262142575218
2.438549155840078
2.2456040014197702
2.050728806998257
1.8542287224577834
1.6564114420528044
1.4576333867829039
1.656851093562727
1.8566061280855868
2.0
