2.5
2.5
2.4803788663968724
2.467202189059027
2.4475810554558994
2.434404378118054
2.4147832445149264
2.401606567177081
2.3819854335739534
2.368808756236108
2.3491876226329804
2.336010945295135
2.3163898116920074
2.303213134354162
2.2835920007510344
2.270415323413189
2.2507941898100614
2.237617512472216
2.2738745844990267
2.3592108115473924
2.492791604896234
2.289520503098614
2.0421443836378725
1.753082586181432
1.4251621365329443
1.0615900983059994
0.6669735819333709
0.2830864630414327
-0.06731196701641107
-0.38079480986739345
-0.6542962017635539
-0.8851412977443038
-1.0710724316333202
-1.2102711960248795
-1.3014777833063276
-1.2548728079959588
-1.2499999999999973
