0.0
0.03957370045131725
0.0791474009026345
0.11872110135395175
0.158294801805269
0.19786850225658625
0.2374422027079035
0.27701590315922076
0.316589603610538
0.35616330406185526
0.3957370045131725
0.43531070496448976
0.474884405415807
0.5144581058671243
0.5540318063184415
0.5936055067697588
0.633179207221076
0.6727529076723933
0.7123266081237105
0.7519003085750278
0.791474009026345
0.8310477094776623
0.8706214099289795
0.8596317282106263
0.820058027759309
0.7804843273079918
0.7409106268566741
0.7013369264053568
0.6617632259540396
0.6221895255027223
0.5826158250514051
0.5430421246000878
0.5034684241487706
0.4638947236974533
0.4243210232461361
0.3847473227948188
0.3451736223435016
0.3055999218921843
0.26602622144086707
0.22645252098954982
0.18687882053823257
0.14730512008691532
0.14343110215532384
0.10385740170400659
0.06428370125268934
0.02471000080137209
0.0
