0.0
-0.3998434126605223
-0.39984341266052226
-0.3998434126605218
0.0
0.3998434126605216
0.3998434126605214
0.3998434126605212
0.0
-0.39989560299053317
-0.3998956029905333
-0.39989560299053317
-0.39989560299053306
-0.39989560299053295
-0.3998956029905334
-0.3998956029905333
-0.39989560299053223
-0.39989560299053256
-0.39989560299053306
-0.39989560299053273
-0.39989560299053384
-0.39989560299053417
-0.3999417656636408
-0.39992169829573365
-0.3998956029905336
-0.3998956029905332
-0.3998956029905326
-0.39989560299053284
-0.3998956029905334
-0.39989560299053317
-0.39989560299053284
-0.3998956029905333
-0.39989560299053273
-0.3998956029905334
-0.3998956029905331
-0.39989560299053306
-0.3998956029905337
-0.399895602990532
-0.3998956029905321
-0.39989560299053284
-0.39989560299053284
-0.39993058005345933
0.0
0.3998956029905333
0.3998956029905338
0.3248160145118271
0.0
