7.0
6.8
6.600156587339478
6.400782691501441
6.202190506764998
6.3996900101813585
6.595787573059754
6.790176131443691
6.982551297461347
6.793772240561445
6.607752542199428
6.424783485671867
6.245151577356446
6.069138098079251
5.897018662664605
5.729062788357147
5.565533472791955
5.406686782173539
5.252771450308585
5.104028489120312
4.960690811254304
4.822982865366802
4.691120284666521
4.562809923870455
4.429302970359408
4.290009629541018
4.145148017151746
3.994944968136356
3.839635681453115
3.6794633517820055
3.5146787887126374
3.3455400240081934
3.172311907560349
2.9952656926678802
2.814678611288331
2.630833439927878
2.444018056849111
2.254524991290131
2.062650965400792
1.868696429613383
1.672965092175291
1.4757634435803357
1.2776019568324068
1.4760621626395585
1.675342788766753
1.8751317869834416
2.0000000000000018
