2.0
2.0
1.992087325597727
1.9762743670395089
1.9525858854164448
1.9841127969412184
2.0234287712157255
2.0704722444018593
2.1251695523765597
2.05916010086193
1.9857335945131798
1.905005009943073
1.8171007578943865
1.7221584852966907
1.6203268597286866
1.5117653366235992
1.3966439095821557
1.2751428441841286
1.1474523957152634
1.0137725112515845
0.8743125165675918
0.729290788358596
0.5789344122904665
0.4255246156518444
0.27662641761883333
0.13312678271709988
-0.004749586792903049
-0.13678679397239124
-0.26277808527151914
-0.38252617427927005
-0.4958435506489871
-0.6025527737158498
-0.7024867503464782
-0.795488996585632
-0.8814138826902709
-0.9601268611672928
-1.0315046774578787
-1.0954355629385186
-1.1518194099365346
-1.2005679284860191
-1.2416047845787372
-1.2748657196935307
-1.3018961737044088
-1.2772318933730933
-1.2604386785637653
-1.251542825324707
-1.2499999999999987
