0.7996868253210437
-1.1102230246251565e-16
0.0
-2.220446049250313e-16
0.0
3.3306690738754696e-16
0.0
-1.1102230246251565e-16
0.0
-2.220446049250313e-16
0.0
3.3306690738754696e-16
-1.1102230246251565e-16
-2.220446049250313e-16
0.0
1.1102230246251565e-16
0.0
2.220446049250313e-16
-1.1102230246251565e-16
-1.1102230246251565e-16
1.1102230246251565e-16
0.0
2.220446049250313e-16
-2.220446049250313e-16
-2.220446049250313e-16
3.3306690738754696e-16
-1.1102230246251565e-16
-2.220446049250313e-16
-1.1102230246251565e-16
-1.1102230246251565e-16
0.0
2.220446049250313e-16
0.0
0.0
-2.220446049250313e-16
6.661338147750939e-16
0.0
-5.551115123125783e-16
1.1102230246251565e-16
0.0
0.0
3.3306690738754696e-16
-1.1102230246251565e-16
1.1102230246251565e-16
-1.1102230246251565e-16
1.1102230246251565e-16
-1.1102230246251565e-16
1.1102230246251565e-16
-0.7996868253210437
-0.7996868253210447
0.7996868253210447
0.7996868253210445
-8.881784197001252e-16
1.1102230246251565e-16
-1.1102230246251565e-16
1.1102230246251565e-16
-1.1102230246251565e-16
1.1102230246251565e-16
-1.1102230246251565e-16
1.1102230246251565e-16
-0.7996868253210437
-0.7997912059810666
1.1102230246251565e-15
-8.881784197001252e-16
2.220446049250313e-16
1.5543122344752192e-15
-1.7763568394002505e-15
1.1102230246251565e-16
-4.440892098500626e-16
5.551115123125783e-16
8.881784197001252e-16
-1.5543122344752192e-15
-4.440892098500626e-16
6.661338147750939e-16
1.9984014443252818e-15
-2.220446049250313e-16
-6.661338147750939e-16
-5.093659556143493e-05
4.5245446995134664e-05
5.691148565412085e-06
0.0
2.220446049250313e-16
-4.440892098500626e-16
-8.881784197001252e-16
2.55351295663786e-15
5.551115123125783e-16
-2.3314683517128287e-15
1.5543122344752192e-15
-5.551115123125783e-16
-4.3298697960381105e-15
4.551914400963142e-15
2.6645352591003757e-15
-1.9984014443252818e-15
-1.1731924161040297e-06
0.7997923791734809
0.7997912059810646
1.3322676295501878e-15
-0.28407185240121147
-0.5157193535798544
0.0
