0.0
0.39984341266052187
0.3998434126605218
0.3998434126605218
0.3998434126605217
0.3998434126605217
0.39984341266052187
0.39984341266052187
0.3998434126605218
0.3998434126605218
0.3998434126605217
0.3998434126605217
0.39984341266052187
0.3998434126605218
0.3998434126605217
0.3998434126605217
0.39984341266052176
0.39984341266052176
0.39984341266052187
0.3998434126605218
0.39984341266052176
0.3998434126605218
0.3998434126605218
0.3998434126605219
0.3998434126605218
0.3998434126605217
0.39984341266052187
0.3998434126605218
0.3998434126605217
0.39984341266052165
0.3998434126605216
0.3998434126605216
0.3998434126605217
0.3998434126605217
0.3998434126605217
0.3998434126605216
0.3998434126605219
0.3998434126605219
0.39984341266052165
0.3998434126605217
0.3998434126605217
0.3998434126605217
0.39984341266052187
0.3998434126605218
0.39984341266052187
0.3998434126605218
0.39984341266052187
0.3998434126605218
0.39984341266052187
0.0
-0.39984341266052237
0.0
0.39984341266052226
0.3998434126605218
0.39984341266052187
0.3998434126605218
0.39984341266052187
0.3998434126605218
0.39984341266052187
0.3998434126605218
0.39984341266052187
0.0
-0.3998956029905333
-0.39989560299053273
-0.39989560299053317
-0.39989560299053306
-0.3998956029905323
-0.39989560299053317
-0.3998956029905331
-0.39989560299053334
-0.39989560299053306
-0.3998956029905326
-0.3998956029905334
-0.3998956029905336
-0.3998956029905333
-0.3998956029905323
-0.3998956029905324
-0.39989560299053273
-0.39992107128831345
-0.3998984485648159
-0.39989560299053317
-0.39989560299053317
-0.39989560299053306
-0.3998956029905333
-0.3998956029905337
-0.39989560299053245
-0.3998956029905322
-0.39989560299053334
-0.39989560299053256
-0.39989560299053284
-0.399895602990535
-0.39989560299053273
-0.3998956029905314
-0.3998956029905324
-0.39989618958674045
0.0
0.3998956029905323
0.39989560299053295
0.2578596767899272
0.0
