-4.0
-3.8
-3.600156587339478
-3.400782691501442
-3.2021905067649983
-3.0046910033486376
-2.806098818612194
-2.606724922774158
-2.406881510113636
-2.2075076142756
-2.0089154295391562
-1.8114159261227956
-1.612823741386352
-1.4134498455483158
-1.2148576608118722
-1.0173581573955115
-0.8187659726590679
-0.6193920768210318
-0.4207998920845882
-0.2233003886682274
-0.024708203931783773
0.17466569190625233
0.37450910456677416
0.5738830004048103
0.7737264130653322
0.9731003089033683
1.1716924936398119
1.371066389477848
1.5709098021383698
1.7709098021383698
1.9707532147988915
2.1701271106369275
2.368719295373371
2.566218798789732
2.7648109835261754
2.962310486942536
3.1584080498209315
3.3527966082048692
3.5488941710832647
3.7463936744996253
3.944985859236069
4.14248536265243
4.341077547388873
4.540451443226909
4.739043627963353
4.938417523801389
5.137009708537833
5.336383604375869
5.534975789112313
5.734349684950349
5.534506272289827
5.334506272289826
5.534349684950349
5.733723580788385
5.932315765524828
6.131689661362865
6.330281846099308
6.529655741937344
6.728247926673788
6.927621822511824
7.126214007248268
7.325587903086304
7.127516208695423
6.930691988041222
6.735423442934273
6.542016339194196
6.350773527859101
6.161994470959199
5.975974772597182
5.7930057160696204
5.6133738077542
5.437360328477005
5.265240893062359
5.097285018754901
4.933755703189709
4.774909012571292
4.620993680706339
4.472250719518065
4.328913041652058
4.186632207955062
4.038957384830466
3.886062708368886
3.7281875922763947
3.5655792489969813
3.3984923026091547
3.227188390116881
3.051935751759153
2.8730088109797407
2.6906877447148183
2.505258044671362
2.317010070283268
2.1262385940452546
1.9332423399364478
1.7383235156564467
1.5417873394063335
1.3439435488193974
1.5427131438827493
1.742198792267879
1.9420881247053394
2.0
