2.5
2.5
2.4920873255977267
2.4762743670395087
2.4525858854164446
2.421058973891671
2.3973704922686068
2.3815575337103887
2.3736448593081154
2.3578319007498973
2.3341434191268333
2.3026165076020595
2.2789280259789955
2.2631150674207774
2.2394265857977134
2.2078996742729395
2.1842111926498755
2.1683982340916574
2.1447097524685934
2.1131828409438196
2.0894943593207556
2.0736814007625375
2.065768726360264
2.049955767802046
2.042043093399773
2.026230134841555
2.0025416532184908
1.9867286946602727
1.9788160202579996
1.9788160202579996
1.9709033458557266
1.9550903872975085
1.9314019056744445
1.8998749941496709
1.8761865125266068
1.8446596010018332
1.8053436267273262
1.7583001535411922
1.7189841792666851
1.6874572677419115
1.6637687861188475
1.6322418745940739
1.6085533929710099
1.5927404344127918
1.5690519527897278
1.5532389942315097
1.5295505126084457
1.5137375540502276
1.4900490724271636
1.4742361138689455
1.4821487882712185
1.4821487882712185
1.4900614626734916
1.5058744212317097
1.5295629028547737
1.5453758614129918
1.5690643430360558
1.5848773015942739
1.608565783217338
1.624378741775556
1.64806722339862
1.663880181956838
1.6362688818352566
1.6008428154836951
1.5576574556369351
1.5067804251010055
1.4482913908644266
1.3822819393497965
1.3088554330010467
1.2281268484309402
1.140222596382253
1.0452803237845578
0.9434486982165537
0.8348871751114665
0.7197657480700221
0.5982646826719953
0.47057423420313027
0.3368943497394512
0.1974343550554587
0.05689448049073231
-0.07796443329844993
-0.20687524713106598
-0.32963610299343493
-0.44605477292744067
-0.555948960035179
-0.6591465839328159
-0.7554860502066851
-0.844816503449682
-0.9269980634817283
-1.0019020443844286
-1.0694111560069246
-1.1294196876274214
-1.181833673482794
-1.2265710399070768
-1.263561733848434
-1.29276321802442
-1.27073078530287
-1.2565795980154701
-1.2503318151298994
-1.2499999999999971
