0.7996868253210446
1.1102230246251565e-16
-1.1102230246251565e-16
1.1102230246251565e-16
-1.1102230246251565e-16
-1.1102230246251565e-16
-8.881784197001252e-16
-2.220446049250313e-16
0.0
3.3306690738754696e-16
-1.1102230246251565e-16
-2.220446049250313e-16
-2.220446049250313e-16
1.1102230246251565e-16
1.1102230246251565e-16
3.3306690738754696e-16
-1.1102230246251565e-16
2.220446049250313e-16
-1.1102230246251565e-16
-3.3306690738754696e-16
-1.1102230246251565e-16
-1.1102230246251565e-16
0.0
5.551115123125783e-16
1.1102230246251565e-16
-2.220446049250313e-16
-1.1102230246251565e-16
2.220446049250313e-16
-1.1102230246251565e-16
1.1102230246251565e-16
-1.1102230246251565e-16
1.1102230246251565e-16
-1.1102230246251565e-16
0.0
2.220446049250313e-16
-3.3306690738754696e-16
-3.3306690738754696e-16
2.220446049250313e-16
0.0
3.3306690738754696e-16
-1.1102230246251565e-16
0.0
0.0
2.220446049250313e-16
-1.1102230246251565e-16
1.1102230246251565e-16
-1.1102230246251565e-16
-1.1102230246251565e-16
0.0
1.1102230246251565e-16
-1.1102230246251565e-16
1.1102230246251565e-16
-1.1102230246251565e-16
1.1102230246251565e-16
-1.1102230246251565e-16
1.1102230246251565e-16
7.771561172376096e-16
0.0
-8.881784197001252e-16
1.1102230246251565e-16
-1.1102230246251565e-16
1.1102230246251565e-16
-1.1102230246251565e-16
1.1102230246251565e-16
-1.1102230246251565e-16
1.1102230246251565e-16
-0.7996868253210437
-0.7997912059810666
1.1102230246251565e-15
-9.992007221626409e-16
3.3306690738754696e-16
2.220446049250313e-16
-1.9984014443252818e-15
3.219646771412954e-15
-1.1102230246251565e-16
-1.3322676295501878e-15
6.661338147750939e-16
2.220446049250313e-16
-1.9984014443252818e-15
-7.771561172376096e-16
3.4416913763379853e-15
-2.220446049250313e-16
-3.8700990856122e-05
-5.3205873733142006e-05
9.190686458793174e-05
1.1102230246251565e-16
-1.4432899320127035e-15
3.3306690738754696e-16
1.7763568394002505e-15
-7.771561172376096e-16
-4.440892098500626e-16
1.7763568394002505e-15
-1.5543122344752192e-15
-1.1102230246251565e-16
1.5543122344752192e-15
-1.3322676295501878e-15
-3.3306690738754696e-16
1.7763568394002505e-15
8.881784197001252e-16
-8.326725463903006e-05
0.7998744732357029
0.799791205981065
1.5543122344752192e-15
-0.20956751863453027
-0.5902236873465363
0.0
