-6.0
-5.8
-5.600156587339478
-5.4001565873394775
-5.200313174678955
-5.000313174678955
-4.800469762018433
-4.601095866180397
-4.402503681443953
-4.205004178027592
-4.006411993291149
-3.8070380974531126
-3.608445912716669
-3.4109464093003083
-3.214848846421913
-3.0173493430055522
-2.8187571582691087
-2.6193832624310724
-2.4195398497705507
-2.2195398497705505
-2.0196964371100288
-1.8196964371100288
-1.619853024449507
-1.420479128611471
-1.2218869438750275
-1.0225130480369913
-0.8226696353764694
-0.6232957395384333
-0.4247035548019897
-0.2272040513856289
-0.028611866649185275
0.1688876367671755
0.36747982150361913
0.5649793249199799
0.7635715096564235
0.9610710130727843
1.159663197809228
1.359037093647264
1.5576292783837076
1.7551287818000683
1.9537209665365118
2.153094862374548
2.35293827503507
2.552312170873106
2.7521555835336278
2.952155583533628
3.1519989961941497
3.35199899619415
3.5518424088546716
3.751216304692708
3.9498084894291514
4.149182385267188
4.347774570003631
4.547148465841667
4.745740650578111
4.945114546416147
5.143706731152591
5.343080626990627
5.542924039651149
5.742297935489185
5.940890120225629
6.140264016063665
6.338856200800109
6.538230096638145
6.736822281374589
6.936196177212625
7.134788361949068
7.334162257787105
7.136090563396223
6.939266342742022
6.743997797635074
6.550590693894996
6.359347882559901
6.170568825659998
5.984549127297981
5.801580070770421
5.621948162455
5.445934683177805
5.273815247763159
5.1058593734557025
4.942330057890509
4.783483367272092
4.629568035407139
4.480825074218866
4.336998758963082
4.190429991282443
4.038592977602998
3.8817254754648114
3.7200731195159857
3.5538890368799074
3.383433450790211
3.2089732731141467
3.0307816864023858
2.8491377161197358
2.664325793726582
2.476635311295242
2.2863601683586054
2.093798311700687
1.8992512688096763
1.7030236757240713
1.505422800011205
1.307020431798387
1.5056222065824452
1.704998114400187
1.9048359578220007
2.0000000000000018
