2.0
2.0
1.992087325597727
1.992087325597727
1.9841746511954539
1.9841746511954539
1.9762619767931808
1.9604490182349628
1.9367605366118987
1.9052336250871251
1.881545143464061
1.865732184905843
1.842043703282779
1.8105167917580054
1.7712008174834983
1.7396739059587247
1.7159854243356607
1.7001724657774426
1.6922597913751696
1.6922597913751696
1.6843471169728965
1.6843471169728965
1.6764344425706235
1.6606214840124054
1.6369330023893414
1.6211200438311233
1.6132073694288502
1.5973944108706322
1.5737059292475681
1.5421790177227945
1.5184905360997305
1.486963624574957
1.4632751429518929
1.4317482314271193
1.4080597498040552
1.3765328382792816
1.3528443566562176
1.3370313980979995
1.3133429164749355
1.281816004950162
1.2581275233270979
1.2423145647688798
1.2344018903666067
1.2185889318083887
1.2106762574061156
1.2106762574061156
1.2027635830038426
1.2027635830038426
1.2106762574061156
1.2264892159643337
1.2501776975873977
1.2659906561456158
1.2896791377686798
1.3054920963268979
1.329180577949962
1.34499353650818
1.368682018131244
1.384494976689462
1.3924076510917351
1.4082206096499532
1.4319090912730172
1.4477220498312353
1.4714105314542993
1.4872234900125174
1.5109119716355814
1.5267249301937995
1.5504134118168635
1.5662263703750816
1.5386150702535002
1.5031890039019387
1.4600036440551787
1.4091266135192488
1.3506375792826701
1.28462812776804
1.2112016214192902
1.1304730368491838
1.0425687848004968
0.9476265122028014
0.8457948866347973
0.73723336352971
0.6221119364882657
0.5006108710902388
0.3729204226213738
0.23924053815769475
0.10027473474103266
-0.03578545912130737
-0.16594037178382215
-0.28998619713157314
-0.4077286951069141
-0.518983495864831
-0.6235763884727743
-0.7213435937029273
-0.8121320204897362
-0.895799505651143
-0.9722150364981248
-1.04125895598398
-1.1028231500721133
-1.1568112170289329
-1.2031386183767538
-1.241732811270356
-1.2725333620898964
-1.2977357148716373
-1.2742385859853065
-1.2586172097613635
-1.2508960472972266
-1.2499999999999978
