1.999229725570908
0.0006871229465128526
-2.220446049250313e-16
2.220446049250313e-16
-0.004806850981475375
2.220446049250313e-16
4.440892098500626e-16
0.0048068509814749305
-1.999916848517421
-1.9967389343570092
2.4424906541753444e-15
-1.1102230246251565e-15
-3.9968028886505635e-15
3.552713678800501e-15
-0.0005937904644297554
0.000548973216180304
4.481724824678679e-05
2.6645352591003757e-15
2.220446049250313e-16
0.0
0.0
1.9984014443252818e-15
-4.526057418874352e-05
1.9967841949311949
1.1439316289825583
-1.1439316289825583
0.0
