0.0
0.03957370045131725
0.0791474009026345
0.11872110135395175
0.10029366035257192
0.0818662193511921
0.06343877834981226
0.10301247880112951
0.14258617925244677
0.18215987970376402
0.22173358015508127
0.2613072806063985
0.30088098105771577
0.340454681509033
0.38002838196035027
0.4196020824116675
0.43802952341304735
0.4564569644144272
0.474884405415807
0.5144581058671243
0.5540318063184415
0.5936055067697588
0.633179207221076
0.6727529076723933
0.7123266081237105
0.7519003085750278
0.791474009026345
0.8310477094776623
0.8706214099289795
0.9101951103802968
0.949768810831614
0.9893425112829313
1.0289162117342485
1.0684899121855658
1.108063612636883
1.0963251013533766
1.0567514009020593
1.017177700450742
0.9776039999994248
0.9380302995481076
0.8984565990967903
0.8588828986454722
0.8193091981941554
0.7797354977428381
0.7401617972915209
0.7005880968402036
0.6610143963888864
0.6214406959375691
0.5818669954862519
0.5422932950349346
0.5027195945836174
0.4631458941323001
0.42357219368098287
0.3839984932296656
0.34442479277834837
0.3048510923270311
0.26527739187571386
0.2257036914243966
0.18612999097307936
0.1465562905217621
0.14527735438714684
0.10570365393582959
0.06612995348451234
0.026556253033195087
0.0
