0.0
0.39984341266052187
0.3998434126605218
0.3998434126605218
0.39996604390270446
0.3999660439027046
0.3999660439027051
0.3998434126605223
0.399843412660522
0.3998434126605221
0.3998434126605217
0.39984341266052165
0.39984341266052215
0.39984341266052253
0.39984341266052226
0.39984341266052154
0.3999660439027044
0.39996604390270496
0.39996604390270496
0.3998434126605218
0.3998434126605215
0.0
-0.39989560299053317
-0.3998956029905333
-0.39989560299053306
-0.39989560299053273
-0.39989560299053284
-0.39989560299053306
-0.3998956029905332
-0.39989560299053284
-0.3998956029905331
-0.3998956029905329
-0.3998956029905328
-0.3998956029905335
-0.39994189767730315
-0.39992071536504087
-0.39989560299053295
-0.39989560299053295
-0.3998956029905336
-0.39989560299053245
-0.3998956029905333
-0.3998956029905336
-0.39989560299053195
-0.3998956029905329
-0.3998956029905336
-0.39989560299053284
-0.3998956029905325
-0.39989560299053317
-0.3998956029905326
-0.3998956029905326
-0.39989560299053306
-0.3998956029905337
-0.3998956029905331
-0.3998956029905314
-0.39989560299053384
-0.3998956029905337
-0.3998956029905323
-0.399895602990533
-0.3998956029905332
-0.3999334462704298
0.0
0.3998956029905335
0.39989560299053223
0.3341436509733973
0.0
