3.0
3.2
3.399843412660522
3.599217308498558
3.7978094932350017
3.996804454286867
4.196134620731566
4.3957323078238435
4.5946720887917305
4.792642449125046
4.98933339230359
5.1844369252124425
5.377647540420195
5.568662694564905
5.757183282098696
5.94291410364918
6.1255643282643
6.306682170253469
6.486206129066043
6.664075245371898
6.838187144621805
7.008269189625012
6.84473987405982
6.685893183441403
6.531977851576449
6.3832348903881755
6.239897212522168
6.102189266634666
5.970326685934386
5.844515950528212
5.724954064099497
5.611828245425227
5.505315635215129
5.405583018731738
5.3127865646257995
5.224074575917287
5.1292050366665265
5.027444536092629
4.9189524182560795
4.803898568077746
4.682463145320588
4.5548363024822835
4.421217887040496
4.281817128517018
4.136852310850831
3.986550430593101
3.831146841459308
3.6708848857951315
3.5060155135331392
3.3367968892369735
3.1634939878483186
2.9863781797696998
2.80572680593278
2.621822743517585
2.4349539630026404
2.245413077239669
2.053496883258913
1.8595058975225536
1.6637438853539823
1.4665173852797633
1.2683683036837765
1.466782634793864
1.6660319167897626
1.8658041505218659
1.9999999999999973
