2.5
2.5
2.4803788663968724
2.467202189059027
2.4475810554558994
2.434404378118054
2.4706614501448647
2.5559976771932305
2.689578470542072
2.8293615817981483
2.6202193517767784
2.367263477399211
2.0729678683634543
1.740210737176197
1.3722464502203149
0.9726737000356058
0.5691031629699324
0.19647473293379836
-0.14143196955931847
-0.4413122152937947
-0.7002331739885048
-0.9156625973914223
-1.085493584680008
-1.2080651879616338
-1.282423723646534
-1.2505240903849182
-1.249999999999996
